1.0
0.5
100
-0.6869472631310175 0.8049968838799983 
-7.802410812456648 10.308067084013269 
0.17844036264813007 -0.5426985903706344 
0.2272192350856103 0.22452392691562753 
-2.1887241360783682 -22.312008417278925 
-64.2306077941274 16.067511279950423 
15.879850975880114 10.839612385201946 
28.169760618223425 39.782733556790305 
43.74265438200717 -26.68105361405476 
-12.740229530893641 5.2277122308413375 
15.138633375010507 10.93431963816805 
-44.610036643237336 -5.637108007984117 
50.38041820747288 -6.140189915419266 
9.25276360556643 7.342807794289491 
36.487917410186476 28.254119495564638 
15.383734046976839 -50.11698453325265 
23.109117528962624 20.495474118630682 
-37.65719496099951 -22.288999068112226 
-5.588278096052812 6.889737020000604 
-33.87179510687295 28.036796283879976 
-48.23312709775994 54.01634853816717 
-0.1524549205920296 -24.640832613570982 
-4.735722044608345 6.6296242757216515 
-93.00727358650555 -20.24440100581522 
-47.46316945310423 66.40851915133379 
14.10368903783798 1.9254803999032948 
18.885403338475548 23.824358509036816 
6.308988536732246 1.4014856892380307 
15.71505335168962 -46.41560906368698 
11.236244520925041 -30.74099804396765 
76.6018374566323 -7.199496383363654 
32.740483099353824 -13.804566488789792 
5.571727429034787 4.85278811917155 
1.6061743091560896 0.8033173795653568 
3.1126581097458033 53.2797924196176 
5.35331684174453 7.35329390648147 
-14.792816103932074 2.243396371012482 
-4.088570220985623 -9.471824726328368 
-18.44430345849264 -40.728821792617865 
-17.45862734003644 16.053134778133288 
81.34888558421486 -19.64892991007192 
43.282306782359555 -0.0685315461786639 
-3.4917537192790524 -0.08736215245142398 
-0.16317007702525177 29.464532986082652 
70.60927331060928 94.92893266390935 
2.6051711779090034 41.70740387893544 
6.86975129285012 -19.255351058678674 
-27.44418335958176 -80.73200873976519 
6.0813601537453525 -11.035627364134857 
38.2177174719555 -7.285821111562651 
-28.30121897536689 -61.09659977702259 
0.6697164740864157 -3.894730463340397 
-9.038501672022393 39.97251798188608 
25.720552904599593 22.423064301993488 
-5.698147011299266 -41.86792747576672 
47.205328532184225 11.595912547618044 
-73.56041733859038 -116.02148261709402 
28.2708459516989 26.463421385660137 
-23.203297892268704 -41.42068563599703 
-23.474335899309207 2.8132896991205345 
-11.676417391033672 2.408781774546989 
3.2554403023199714 5.003011636277478 
35.36140556212609 -31.511159633827088 
35.87281775007977 54.45501139262642 
-52.48918551289978 -92.80920183514554 
112.90824768095213 -33.43390702932118 
-107.1401345122623 -17.151715825946045 
51.463039132983056 -45.02820994503103 
-2.1263726295882934 -28.652749001374623 
4.880460225417668 -88.64213411117865 
-23.921679739420643 61.26868008407502 
4.39035071838645 -44.17398077963412 
13.81684833309355 26.018711381437424 
7.135936149571167 -2.6881585616919215 
-3.6005357475581166 1.0962116217484925 
41.03763352378071 3.1294523931578366 
-25.171945470847582 -20.87800206744219 
26.666680027056913 -39.08274716658739 
12.227627408591623 -0.38274424252781714 
-37.889456499991134 30.180862127227865 
11.550713427096277 27.353146552211097 
-16.533951126727036 -2.678300654189841 
1.4991891813900695 -1.2798140624361727 
-4.6604237114543094 8.863305115152977 
8.355823853859086 -12.527442362301647 
13.751407354323886 -5.347779779804594 
43.00738943025421 -40.207210936046344 
-8.577146558625454 -21.832275316395425 
86.69736382099121 102.3837527431125 
58.11049188661721 60.46896535963123 
1.8723422338119335 95.91729703437953 
23.104610905064007 -54.48649315320565 
-99.32671793776643 29.779063801164227 
50.53820323470085 -68.4782735169857 
-7.210169335793854 -20.445028827604254 
14.278397810098507 35.849849986564244 
0.5076148498986677 -0.9722790039371476 
-5.648584606474556 -12.98435408383322 
58.536080256716 -17.413268713479958 
-45.820205286872444 -20.36699522284782 
