1.0
0.5
375
4.611423320447652 -34.148668852886225 
30.414601414328175 -25.14768331254608 
0.6050169658854208 -0.8787451339240445 
85.87331166889409 23.650253312009795 
9.30210915022744 -2.401759627815049 
26.45799807449138 18.18991721423279 
-30.91985534623504 14.644276440268637 
-54.97943491502139 -20.074593418073622 
-1.194098536926578 -23.683403162135818 
57.63703770901111 19.750141638500015 
15.272357907424682 -56.3106175833758 
36.19836189231577 28.72383906881348 
18.805951686924292 27.760489665029652 
68.974589773514 40.815893769082585 
24.260188787487547 -9.121354180487213 
0.4054566361263406 1.473898951265287 
-14.751135950676508 -8.038992108671664 
13.36483726347282 -9.818679848646898 
-10.045303476086378 7.786622323001608 
2.7609615800157132 -27.461831450499375 
5.498552977819014 10.648077492809545 
-2.4203135507204614 -6.524944175953756 
19.117552635229234 27.23352674587492 
4.314083018685791 -11.101973777993601 
-18.683606770283536 -9.63242683157945 
-21.324526325429336 -61.78488776042585 
40.25202265304433 47.83646806552427 
81.00672073335294 14.045273668350513 
8.975632400006557 10.951176948288863 
3.0967075212000488 -2.0127171116118387 
-17.544535542672268 21.44773138111008 
-7.505199587740773 -2.2483509695161197 
20.0052915737155 -10.853552117754669 
19.57931928716372 19.629105915549385 
-9.315252685450156 51.458771477520735 
10.206715130488027 0.8532232647394692 
1.8487076421597242 2.920685363095439 
46.41477567159139 -14.328887873959 
-15.542119357391757 7.243656237209243 
-0.1463185290484461 0.10806430410773657 
-6.021751053098244 22.54666439911252 
-9.867569701568748 58.616438713944866 
-46.697436254212796 -49.911310730641794 
-1.953725866508749 -1.8610185657158034 
-9.227736487326444 3.0293805207551148 
3.2997746829285317 -0.8060937834741256 
33.02577667534019 0.10705257318379556 
10.916837127959797 2.9634353680917993 
-100.00390438080548 6.774851156004426 
18.413574772422734 27.803288773620793 
-35.837629804070346 15.084799230617271 
-36.79587051530545 54.54461509950556 
6.419553705624287 -12.834367510516774 
-80.92486886664828 -0.8579171595748831 
-2.6167565711785987 -4.551039112239871 
31.322195715201904 76.25335853085926 
-2.964872871992388 -8.391900767898345 
-7.395628225305562 2.224662452268382 
-23.379030642646704 -47.268785963270716 
-26.14692859209235 20.942626045489245 
-10.864048890720909 37.822944843453534 
-18.250170743011154 29.61349305741888 
-38.67888375311234 12.127156361633203 
38.8695861365238 -9.048094634699437 
-17.756077638742195 -22.8723083558186 
-23.178731916999887 -18.00718682851139 
17.77547291496544 56.37370401915149 
-1.3137638085832384 14.787282789049765 
27.92354302805496 39.65727102584463 
-6.575624847480564 -3.231290480790584 
-20.354980308941222 -69.61659193545512 
-11.380827753518634 28.715864026446177 
-3.17857170144715 0.6831210161063789 
5.569732531180539 -5.946548192896146 
13.600254166406833 -23.417578144644096 
12.580882222063705 3.8740428830497566 
78.89007259882847 -17.988324372209682 
40.584504983009786 40.6813431695994 
23.236110991978247 2.4762518209180535 
7.507444699578899 -4.023163498013694 
-11.209651777071416 -72.5183971371517 
1.0993540141050702 25.722655682156045 
-1.7764578595826388 -1.2610736316315023 
-44.47962789473463 -71.69340822736925 
-48.91428591132578 7.474339767375908 
-0.6281698980478498 -4.125214694474272 
-25.040908319682618 26.165544983693145 
54.96472656246728 -48.2720832626656 
9.739598305447679 21.301926837353303 
-8.229339011957912 26.785859481378605 
-7.498688885856063 -5.37274839176055 
-13.068583030902731 -9.991056482289961 
22.912614307265656 -6.268788317460085 
8.917725186908333 25.952046009791356 
-49.45297760834982 -19.509367433673845 
-0.21832337156143586 -0.8203037441595338 
20.541384871464352 20.028566494866183 
-9.698762765819554 -5.794396940083902 
-20.959422763466975 33.053117900605294 
-3.320150649287645 -10.682049290219817 
-4.054708526880144 -66.08899367000484 
11.363779457632223 -39.046918818850365 
27.269884355523168 -14.821174711666508 
26.513284827653386 -10.248454059984416 
24.24223597510683 8.394055041665409 
14.334993029072654 51.95276354207786 
-31.26048163873421 -0.8061114674403289 
30.79374805588225 62.04889112923172 
0.5541140477750036 4.208797104220872 
28.07229565796643 -25.310150414752435 
-27.981890780487937 -32.096021609734116 
0.24919834881691225 14.75957460411041 
-11.126982574683208 -30.051926965885343 
63.98910524297715 -46.1011969864164 
-21.329779357922174 -10.854326221638361 
5.515975635236938 -76.11582346556408 
-0.6911166830215567 1.1272874846183991 
1.432361655468974 -62.714437080958 
0.5511822453255458 -0.0496749541216547 
4.705004622543142 0.40346401697444995 
-61.63249449029426 -28.742843812247955 
-35.25594519409241 77.72405460875349 
9.881751367069986 39.89213873552423 
-28.497091319473828 16.82676307906802 
5.09669766380241 -3.1409423755539287 
88.66239852684572 13.148210858386545 
14.816532559448747 -35.85879938266476 
-6.3208963261316855 4.03860310443464 
-55.085444325411224 11.791254432235656 
16.331549472353228 -4.192553348065399 
1.254758008711094 3.876755773179877 
-51.889744739131515 11.267225836678918 
28.27864814656916 19.330883398769995 
-9.034776256975443 4.29613113701892 
-1.9539502762842096 2.2598865199939007 
57.83633346417023 -51.9504067202288 
-62.646146636030394 7.173826641643852 
-0.5274876977934457 38.52930265147059 
3.3268033748517674 -24.8398634527131 
8.260916426517904 2.2549053549369322 
6.125190491482646 -2.1277934256215465 
2.6380025284842263 46.85604601217075 
-49.91290989127931 -3.5019437833121816 
45.39004292491091 88.5164463595152 
33.606761243893715 111.35605674164131 
12.53738577371111 -28.976399600900464 
7.816013831633527 49.18678367301352 
-13.827056095610835 18.695115403039715 
44.270221773052945 34.484398177066105 
57.53146749748098 -8.857822677976085 
52.72300752492074 -53.50041488544077 
-2.8228850102836853 -61.923099205274156 
75.67626240487542 -47.607905178370515 
16.832623970865104 -5.845120286909682 
-9.68026908835647 -43.79201637067515 
35.97454656204356 1.6224095124343336 
23.539246651878656 64.1870653591474 
6.211043467626835 5.692624075504215 
0.25468632796654767 -0.21493752658142143 
-70.42258659646684 10.735119771009764 
-9.102610756570844 20.606425262291147 
44.640334123298764 5.239566530765464 
1.4140238691984508 -31.233574083424326 
1.6095849765923669 -6.130130568308807 
30.97688190304485 84.01410141828848 
0.7670737694126574 0.26102216572890435 
24.91176605640741 -40.29977681058821 
13.196856055707148 24.235107539263733 
12.068382136973634 -16.580602080255137 
-54.3653879266934 11.873013295418723 
-9.5380400091586 31.723485113933027 
28.30666798949307 -16.071222556980725 
-14.266700385739393 -19.458744785228674 
-8.77250758575741 -75.64068622764003 
-1.4207790055733565 5.153619186211978 
47.48252978631746 20.770198380181682 
-21.471706156544595 -4.244239536822927 
-9.78119501980663 -28.573429403312023 
71.38087599243691 -29.26025950725701 
15.932505274537315 15.34171853410048 
43.26088407903583 12.753148534301484 
30.844337659192654 8.320301010447634 
13.873117500347913 11.302039912021513 
-22.50815333805504 -38.68860314937446 
-11.702799604312059 2.936756731657186 
-25.76231171005317 -29.9834657230127 
1.1416894696880473 -62.67090527626964 
-0.10844894795818238 -5.115338001139715 
-55.23436252617597 -65.9770749158145 
14.210755185440101 103.31647456077788 
-6.667462364041243 -7.627462514344808 
-16.347186410020985 8.948426534778767 
-1.0860809505432145 -2.5755664897173745 
-119.13795871843827 10.208241903379422 
69.35580198314477 -12.251995114627805 
13.483927287992845 -32.793895836492 
-8.527841861739923 1.0488113486652906 
-18.706918983893196 -1.1255855666313574 
-27.063873467939075 2.4486998264692352 
-4.564869062318815 -17.22534585493651 
-8.358352343978266 18.64471359450684 
19.155261149817388 -20.528355922320177 
-17.237831654279393 22.092112395979107 
15.85357086807714 -45.79995780906855 
110.14299872655182 4.164709343485211 
93.05393716624587 -13.168391537302941 
-16.193392936111394 -16.32277470249065 
4.633078878416491 -10.265376361376235 
6.470571137299759 4.629334103888108 
47.582989735041586 44.00220171338498 
-5.559002750965523 52.83225361013251 
18.769910992836493 60.57926551187393 
1.7104886520220335 93.0755082201816 
-27.631389391051762 50.124493373001215 
32.230209011152404 -33.524323634580064 
-68.21631064547682 -36.66553895306233 
0.0550713817965851 -0.11420802786522397 
-11.334103910507487 -13.484367866963192 
-13.91918628294085 -34.775932886590326 
1.93562477256669 3.057133248148276 
-136.9074715784931 -13.414647531581917 
24.344482529104923 65.99291075497175 
-43.645129687232135 -26.668783461279915 
4.809597853865775 26.43820386364519 
0.24946284743515196 1.7653824758036225 
19.60176904209197 8.310420720931829 
-11.297903360366172 -4.92916318441932 
14.645938759981675 33.79736797485476 
18.37771528570773 -26.316339072178867 
-31.277093888752766 -27.634560479471265 
0.4268313952577002 -0.2299817083618674 
-1.906275978091588 -1.2465443863813377 
39.606118286012396 61.82308343619156 
-5.724537344020802 14.987286901761737 
-33.10802282704907 -22.487230587951696 
25.571047316503446 -36.00315396270559 
-65.34501760851518 54.19633247261173 
16.50161112311829 -9.09944170919317 
-94.93526244053109 -110.48850289452538 
36.324768321877556 -30.24648973452676 
10.310120199272939 2.426405441971504 
11.166132858410926 -0.711197631856944 
-27.22129660204874 91.34115137944315 
73.48723585051653 -0.8225443925843879 
67.9649496212114 -21.472293410459528 
-94.85341784589572 -13.791168286691944 
12.415910399152724 -47.969333532280004 
66.43398213768654 98.92345957155354 
37.42771149249276 -20.4348191543618 
-19.927424147611447 -4.743569668964785 
-25.447884571226822 -18.647929123950085 
-31.887318319301215 -55.34292075565296 
6.257300239093215 49.707297158255464 
73.5692445990332 -52.32505853932004 
-3.051932534983305 -0.555634252952573 
12.409126819648808 12.99678226132375 
5.970590522287536 -27.850782514508026 
9.48217999068848 -7.663848836824601 
-19.747422906885244 20.984197452653582 
-19.742255573335648 6.166865664134386 
-24.588002454791102 49.99874136722533 
10.56300913424914 -1.2840260779765922 
-24.917636939706036 56.173954582898325 
-30.721429155736036 12.462984152041908 
-74.88970821551914 -77.23466027888973 
-5.185046308026426 -20.374638819688485 
8.227897040840414 -5.186540040595871 
3.6858097080655554 4.755325129883936 
139.08061530904652 -0.6164578371601622 
-40.308073644621416 77.96299530735666 
26.975208537424475 -15.190443728281052 
21.3215774343994 -8.195778893660105 
32.455693273730404 -12.14903692444725 
33.03146731868174 -24.096504418462903 
5.086416619360914 10.876058404764159 
3.3512171268142903 -43.84630479025039 
-1.7091713359071437 18.212973264818608 
-10.54446071614675 23.791327195044587 
2.2533719540693093 -2.384337348463721 
-4.460615221972392 -1.0338463850316029 
14.123080412039382 -2.9214265222838094 
-80.32566725860346 9.698892071532326 
0.2470425007146032 29.27053312516306 
15.230041565594025 -16.542165167525535 
-3.782467680976543 6.830491285495505 
-80.79654558135962 51.088667842695244 
-0.34695453436652496 -25.291326583195723 
29.471866514338355 -37.78921810125882 
32.771384010102295 11.437891806827842 
7.9380410743234675 -44.38996469222635 
-64.09705190999111 -14.953919394292583 
14.38341291097747 13.66154890309255 
9.708394207472972 -2.889532501430883 
-6.942956831639159 23.513031435118357 
25.69683437032001 -1.6528546807870659 
55.849758540409184 -4.8866407593889445 
15.818175446455811 16.07141088099521 
-32.68868686300558 -49.615644369930905 
-0.1225988179394176 -0.19918644094176888 
-25.48089669192592 -9.752729078968104 
64.22528146908813 52.53107105575733 
0.6818767023481872 39.88246258850268 
33.50433399896168 -36.981455541840255 
-2.953344184255771 6.4265483890775155 
26.949416686077914 52.291373752346615 
-26.230812864654858 -18.82546355643879 
61.260918479694475 -29.941534263632146 
-16.88457169209566 -4.852789830891492 
58.396096055152135 6.008251786398192 
-1.4100848534445762 39.27648829604943 
3.7898387362533867 -3.843645755059459 
-0.8788779455303787 -0.3428338704156932 
-10.313277229281265 3.60731676536919 
-7.5619445976784085 22.31368080284621 
-9.159639673208716 -16.458144245732655 
0.025402858528444355 0.9668428546996519 
-15.656217917147332 -0.8852315284397391 
5.531308339650965 -3.445419774037361 
-24.062784527535904 -89.5317064186854 
38.91059968868326 -78.18814005542042 
-11.691963242763466 -2.3070477381968875 
-24.349305990855594 44.05877493485197 
-4.685318585080894 -3.359810835209811 
-43.00375080866286 -13.340113257700592 
-27.287396863862355 -59.431985192657756 
24.746309350658215 -58.14765510622318 
12.412000435991049 27.491338634839284 
-23.314971323193724 -7.14966949275308 
-20.23328941214758 15.922180961325003 
-2.70835019855357 68.2035904528173 
27.36460829044213 15.33832465744965 
18.164127278160024 -82.55924010614461 
-7.507858004512992 3.5244527639678975 
40.485094930929755 -15.028491213701225 
32.87054514691872 -38.7426917947782 
-34.96880835032137 61.432679099515035 
67.13614421036075 -1.634498978592328 
16.59929700445757 9.282003883164677 
64.02213128995562 -20.676772512983685 
-10.455381856701768 -46.93654196108645 
47.69914636906088 -106.02762687419902 
27.368942223232793 -22.727769029123703 
3.117290410305483 -1.138566875515536 
17.48523152947025 -2.0273710018937727 
-54.320482239591286 2.559486588657067 
16.099848511111702 -40.10570898427623 
-16.63045249370344 -21.96605745083564 
1.5927621440364255 2.3687439309598024 
22.297785459168182 -17.442268129899535 
36.39433330605366 2.5647933477195206 
-30.20936497971344 -0.7124649580962391 
-78.24464275181171 -53.81826271386918 
-18.692214326102594 -10.444742378533341 
-0.11320859335816824 1.90099454664454 
-18.47423701996093 -21.0674943105518 
-2.54854629726007 -18.178683531041063 
11.114163460935911 5.936781716285714 
82.28889148108719 16.78376082406124 
-5.385120083439517 -0.9827504727745202 
14.477909826392958 26.741518960813472 
35.573617462112146 -15.885824188619939 
-30.059753915113472 19.620547447311587 
-0.25927752579470326 0.10549683912734979 
-24.06714227493312 -10.459021911613503 
4.02290376436847 33.5279359825593 
-9.513264967781362 -26.37474503201509 
-2.351456315760996 0.8566840370081233 
-32.045974303770436 24.007937835517907 
-8.536261251181044 44.571305176497695 
-58.076022843210254 52.15031660742778 
-5.703319315279059 0.7214144409466502 
4.907772863295652 19.8504722358913 
71.9457010996252 -107.8408548949372 
-60.43045724137013 -12.5164061893372 
-23.3520090628376 -45.723175420736496 
