1.0
0.3333333333333333
20
-47.435601281785615 7.390331486165121 
3.9122728051830142 -17.19364891250829 
29.899884922710005 14.274519924915756 
56.43108180676536 -44.1079700610786 
17.76717888074984 50.18170334088921 
12.878212256882206 -2.851291984492856 
29.818367420203188 -8.284150557827328 
-16.735305857893735 1.6525812941110376 
-21.51290306650387 13.191855760362907 
-67.16749990484429 -41.31838652024152 
-12.881846748560154 17.02617720869416 
-83.57635849798292 16.93317360829106 
0.8456017379588231 -16.76532935331258 
13.362727283584423 5.904615239994903 
23.52774288093566 96.421931039951 
-0.6326984597720108 0.6310713119690777 
22.318888891976986 -33.35868411833094 
-11.23494092591968 1.8209046841093584 
-31.168894602466313 45.86338887016067 
-0.13074185997062526 -84.97941967895777 
