1.0
0.5
175
17.492994507777933 -6.674070798608069 
104.53096860604019 -121.50967358339837 
-42.11157896934764 3.7785190600841667 
16.02494669380115 13.822254783462279 
-35.26931750971813 -28.093148283988278 
-48.98043406440382 79.48303789437837 
9.548763127780925 -34.36389996333603 
-8.699243079548932 -23.628771205813283 
2.451104059801473 21.494236261411217 
-2.340037084762738 2.962687499805226 
-10.42547614086274 -45.30186141019823 
-7.566567706982222 -8.810329132049468 
28.631279247408 19.046014705105357 
-5.757146478366785 -18.267486188197857 
-6.291355896671415 -22.521938897007978 
58.78855735495588 -55.196839395559 
9.664361906248349 50.22258886682457 
5.549679378282824 -8.590954096781681 
4.110738691433696 2.2341078371269574 
-9.79428041176801 19.969844482463913 
45.26901486444979 -6.955218349164116 
52.63600864949738 32.44987287354949 
-19.264821629714447 7.2610724871000905 
3.7818063251063867 14.043448486964733 
-38.84338011397172 32.337285705260825 
-20.956729243066924 99.32326846768193 
-3.592884218168692 0.26936862380532306 
16.292449063006895 12.209591516218524 
-2.6838162940489063 51.417114811791954 
-78.97323568005459 34.41955914312511 
-7.309163046176663 -8.066116229087937 
-12.440615513593075 30.426564619415664 
0.013710911154495787 -68.30502675766876 
29.18904103267033 -23.54198950017548 
17.83799272865701 -10.958480934756752 
-4.8939754927194725 0.8229850318046326 
17.371726536518807 16.737809965149367 
-1.4295084498179091 -38.2623222222196 
48.257134771558526 16.40885352092742 
46.502384529980766 -21.685587957676706 
18.923289049234953 -110.77116125699341 
0.5445199212592855 -29.10942047733112 
42.51445891829272 3.636432351503943 
9.129507709500103 -31.09569416098844 
7.929363997505202 16.783814347162533 
27.44618630134734 47.707181275670166 
2.3041208482037363 1.419574025604448 
-43.78908559629762 -10.266022986829363 
8.16127020938948 -10.773362875081471 
7.310522607562298 19.15042910873317 
-6.780746861738279 3.975018511854136 
10.79875965629139 -2.791427524411033 
-38.88410415164399 -18.67997409967109 
-5.584152339721225 -39.4252043720448 
50.94939531119407 -24.127893550261525 
0.8418386489676021 -5.908723569583205 
-1.8792395135362516 -2.1936832528195853 
-115.59347449442252 21.272660162158115 
51.546014606812 -44.641924073715856 
-50.44334399547652 -23.934225265378974 
-7.732769737986662 -2.983010889532645 
61.02113998638668 -28.492126725828264 
40.584429982008764 -21.94380132745646 
2.3527334414682435 -4.000504912522652 
58.308094180622476 -28.930983960711284 
-24.695754917580246 -2.8357423046064087 
-103.9302083787334 -17.46910232360411 
17.887531026604012 -8.718790414906413 
-51.446038268226644 -0.38801746072255605 
8.405446931642073 12.22106781609154 
-17.478346576300385 16.633619775645464 
-24.963635050824195 -75.76806137474708 
-17.118929674145736 90.27358626039958 
-9.105500923409174 8.63113475341925 
-4.021439966158099 -1.2819476183049492 
9.80173342831462 -43.5012824414445 
-37.413045829936515 53.600743536326725 
-7.312447896596699 -39.730519135343386 
-36.78267113693921 -27.637238817526256 
23.916593938138583 53.63879002669616 
10.441524018715258 -19.06574318062292 
0.598681958539617 0.319059063702921 
-8.794494227480305 44.83841083435824 
49.49727086279505 29.487368616541286 
-14.59076653181637 22.789664931624074 
0.18490648477452415 1.972029918203283 
107.36536840164221 22.67313699553916 
3.0023709326939496 70.94667005327385 
-92.43706997607771 -80.96649913072797 
-21.094179201189775 27.481899594976014 
-9.137282193282628 19.800017646253707 
2.4116064854495947 -9.553433273091821 
1.5759945761079934 -23.28466875811841 
-57.88838803972252 96.01844318562655 
-55.848708698814974 -3.740542017657364 
-60.68747253553247 67.02092390566204 
29.977901249361743 -27.411621908399578 
44.4770118773299 -66.3022924891237 
6.880784802402775 -14.599814234934017 
21.520724789517264 -12.078077078357724 
35.97235436552221 -4.471083305086643 
33.986952364474114 -19.548874449159992 
1.0880767948169705 -1.2995901006588135 
1.3517020164856917 -58.88738721589366 
-3.8120293880137446 27.95866658894919 
-3.1910892734612695 0.3183508877528913 
16.686823503782588 -6.023774107080097 
44.43051376172484 -1.5039211844501295 
-21.762566202476084 61.906390290525 
48.482753977551575 9.54221588895716 
-22.461960517555223 76.61653470687125 
7.262821569478341 -140.15195041061776 
-1.0553568433106382 0.8799454913976309 
-4.286723150565946 -8.866713453806382 
33.25619293513085 -56.43852809879397 
53.40191313142049 20.393722692986838 
-9.008676981090565 40.62160683843179 
54.270089796197766 22.28585256003852 
2.5048793343397255 -5.339312118033825 
-27.768562609091283 -20.627833705581473 
-43.87053460215686 7.908498226049803 
2.308252101677812 22.145174642006275 
-10.267467818388488 7.6481884665420505 
-3.3482739475259202 44.151010681960145 
3.9718451547920255 -46.86728345964135 
29.855719778933008 26.157094905862454 
-29.33019132463247 -16.49983866931927 
-8.604144562809074 -18.678922072158294 
-51.28237077584713 21.10734829731677 
42.10856307832511 -30.833083054054196 
0.7084306199595244 -3.6265464601832593 
-14.283568587216683 18.3556919025445 
14.318895314407829 -7.426451739609897 
-14.066581337320656 -16.387440719078857 
-24.974650734114782 -17.257509621336368 
-4.1332507209011355 -6.156687887157818 
-48.614957633120326 -17.248556295655906 
13.016005100528906 9.831740379007927 
-8.990935885814572 62.227475540329664 
-12.416972003261998 5.834942063489989 
32.17789715252972 -46.1812751045563 
-34.45420128699566 1.6462475339220162 
-33.49101617442899 -38.87137716097812 
-4.2222273238940025 -12.91202252059648 
-8.048860119052975 -11.265192130435718 
-54.604348888630476 -14.851160172416852 
146.64514634461798 -19.26448454335133 
-17.632840919235544 -52.697265231420516 
2.9036896326603157 -32.07887281327945 
92.99125516721709 35.035467098807295 
28.059108723200968 -6.232224276913792 
-94.54409048338512 3.3876372663361147 
0.4415444481247214 -8.583316940279776 
-27.517048491681685 38.06406608144433 
-1.577829013399452 1.6408277308331396 
-25.547034989861253 -42.288825211339585 
36.448283664404485 -25.801645066656555 
-33.98599288112755 -35.1749742326791 
-24.568981698752857 11.236268110708567 
90.41936276348478 9.7718836183001 
44.200667771141475 -67.30285617954348 
0.35532521334913864 1.4876549968677604 
-28.502286231065195 -0.4778628629672828 
7.672923944856866 -30.493366280774453 
-21.976602771692676 65.3112833421145 
-5.891734862748594 -1.308104850935103 
-8.099893939667952 29.348822501116924 
0.8612524785581319 1.0958656969454936 
-2.8371398074152103 -4.486455234175408 
-1.4905863825675563 -5.100893848567972 
-57.87142633556135 -56.4229711640534 
5.605203080225522 -7.483216557971767 
153.80418518038155 -70.54704161218211 
-29.75711615541743 -55.299343883803054 
-2.318241303681692 -23.324929926204145 
