1.0
0.5
375
39.343244376786686 16.53597638530147 
-64.78707523924828 -95.16128386787622 
37.82201146133935 77.74903638968513 
63.77262148115862 -21.448032044481742 
-1.1441674599922012 -9.696032462301092 
23.204564914339805 22.79966989293498 
21.14808531756602 -22.799196129646337 
34.00069653355483 -12.043482042647247 
-2.2209377756206488 10.358164080926723 
-17.638920517933013 -12.634996767018706 
3.3142580760611122 5.627084315220008 
19.253188398317768 114.01359609873126 
-32.51450747357941 -10.201109663267877 
40.73636883172959 5.2510677204403935 
53.982483119278946 -119.28905563574098 
40.21107447146139 -25.56626194322444 
-26.46257151490969 -12.019974058572123 
15.55000952608087 -54.78409808962743 
-4.174534348547171 4.566475062779004 
44.0033146040975 21.76522910071495 
4.95887791148163 -27.7055768731892 
0.6680471535531325 -0.5177747999980421 
2.615386984063202 66.70914767712975 
-34.813063932717725 68.23679308421123 
-82.37229021093296 75.90314371594829 
-0.5596570166741888 -0.06804401725806294 
22.304049496381364 69.46110015217488 
-42.37108791484729 -62.40542330428696 
4.375566621027553 -11.036871251833325 
48.13119132202832 -5.941592755605252 
-3.9542118400896973 6.006567601716271 
4.680779946034201 -9.429138650676029 
-38.97090216839719 28.317815883342654 
-11.827491109792353 5.341737183662534 
3.2386944986178854 -6.363374041165306 
-42.52209061620225 13.619562885723212 
-1.0306548046507402 68.79424433193708 
-7.199685836803972 -16.086534511419643 
-17.61248398265117 21.065815824046247 
49.844261269993204 4.175230722599268 
-3.5244338848546395 -43.37809811095543 
8.099855743487534 38.634628917543395 
-3.4704959492481637 -2.6557011096452814 
58.300065983522124 47.01979741114427 
28.55263610958916 58.082694311694716 
40.30416840029313 13.216167179396255 
-1.2052890113021324 16.4922469258675 
27.630332227088527 19.7347542761847 
-9.060154422744786 9.93467805599423 
-3.150822555230658 4.788836618645655 
-47.84772204774396 47.523281632707636 
-6.673284971244811 3.208913916956566 
-25.599383222981384 31.27897297185126 
29.08243465997136 21.981127617118883 
-52.33231756588386 28.443729880953207 
17.412027111228145 -7.2855941335735785 
-30.875142788648073 -15.303017239703921 
-56.334187980099706 -68.08081390412067 
-29.71570423431552 -15.582487246825695 
-39.03708215736562 78.29697186169543 
-25.118025718670513 -13.668029002813151 
-60.73178705662288 11.298679535035113 
3.4358578718688326 1.2142473278560129 
72.21370116123482 -50.706705067455225 
-1.2592362938604467 -0.2705136899438141 
-77.84030201259309 20.47128210648884 
5.2702890048912305 -5.145606401562343 
-1.4753948254801315 -9.517794804948823 
-10.892306444263001 -38.59497527789045 
31.451938347262146 -23.784336850131098 
10.39338890949345 1.669332385348207 
8.654259143602417 -51.77874741297492 
25.170775849505603 5.842821023358482 
16.98123487863153 21.26823680367864 
20.654595937770523 -8.300725713485688 
27.825466160368464 58.54626008220396 
25.873198248125213 36.07055974341655 
-45.66016328037489 5.1676004512403 
18.31641070251037 5.698927062097084 
-15.849626623758994 -48.935336265326335 
-1.3859707026900396 -0.9705478548023964 
10.98289166786869 -2.1310035479180804 
9.417628072935923 -0.37893910027774386 
-14.119345922078976 60.50384092218293 
-12.664646814699596 -5.346644925748762 
-147.2817947733311 10.107537987362006 
42.61060276226378 -59.9946135266932 
-74.47351697845244 -57.708837725675 
-6.273974476290436 1.250645476238247 
7.8813606119159925 44.02659254578905 
-33.80199203249007 22.46831098813585 
-10.331656457490107 -41.342297702242924 
-12.654249500681969 34.37620890788271 
5.955618551524433 -83.2000344772993 
-5.292986582259571 -17.657234401175515 
-4.707502015849356 -4.422585318887526 
-43.92121333786268 -84.39984015190232 
6.143637558600866 2.6807363447182944 
-7.459812323482649 -24.850825538195426 
-3.1683880180371373 -51.677858786549905 
-33.033214142472865 -20.381908884206066 
-3.2575141817271542 64.57620346648436 
-5.72630050703136 -2.550176735647082 
16.512002832663637 62.30365357595472 
-3.8505694907908237 -63.13739778732192 
9.963281186632416 13.346307056749653 
-13.622869035236167 -22.40617653520839 
72.6316162895116 -6.151402850380278 
14.875328377800917 22.430364693478722 
-0.8833275166374749 -2.6980297109312383 
-1.4959277470524295 -43.53267237379747 
-0.9064501600774375 0.4280009647135428 
0.02040329990081452 -2.865455685053111 
13.932074798711652 -16.371937538854226 
17.496908829243264 -17.14337678911313 
24.14805253666798 18.990970445635597 
-27.140172602154372 -8.825562631621 
-32.42581371026198 26.428977781868827 
-3.105590247773119 3.3003673483431455 
2.280707687629976 0.24545001742440284 
-21.850678401543785 26.132789437873708 
0.8186854262878764 3.1720717820551485 
9.006492803692824 -45.89141533753371 
-1.9694656345485322 -2.542045271180218 
20.208305730233356 19.183153948731462 
33.03829564157615 10.335975158518107 
7.332130301846357 3.554159545942798 
-13.921690997190268 -3.1006901210680504 
21.203699794001455 -24.13518131329839 
-5.143691483486421 61.892623839656295 
-21.280694755455013 -0.03282293649237572 
-14.322861809305566 47.454533014193096 
-22.083428478417574 17.964766494975343 
1.2991018939391066 59.557500633439055 
-41.996449492890086 41.58945834588124 
9.877076798690585 -6.763229755050698 
-9.315704687097266 7.360460428927676 
1.0133682932047736 -0.6254105989560168 
1.3604113347405606 -98.50310457133658 
-9.831767524365404 20.36221030062286 
-13.481698823172552 14.647575308112978 
-33.87287126900169 -40.9552890662607 
-19.594418111748833 -27.1187231555277 
-31.091747999958855 23.645739986775027 
7.547473210298156 -59.643877618029144 
64.45948495029549 41.19483944648158 
41.55060117077781 47.761040912430765 
0.39092389968828456 -0.2825704899633148 
33.99405915549792 25.15921054625379 
95.56457315834645 -2.9555122439826453 
24.528239708096052 -61.69240730011735 
-3.091072409683431 1.1468682784067799 
-3.7698601163945322 31.845560736564423 
-20.08458938327296 -2.3942180446106676 
36.10190662917112 -10.563411594406645 
-24.893743219339406 0.8264303765556832 
-6.921643449805774 -0.44852755534261723 
-40.677474789812315 11.786463485140091 
4.864233705864646 -9.30302579493571 
-4.107410065006407 -107.18880138019875 
4.795655788032317 -3.647640142139765 
-85.00671221738233 -8.215995446814155 
15.547227682252517 -18.684951286435073 
29.614735359082378 -17.116514837618205 
49.27837708137928 25.990685997585654 
43.05476087174122 8.088006772194685 
-20.18220391106852 6.903980226837021 
4.715330480699488 6.313927596889656 
6.678007088877004 97.7153797825442 
-65.20473990837618 19.09604793602571 
-95.23821495295772 -62.78169140851479 
28.755187154608873 26.53801692795808 
-2.153269690334869 53.38248638569482 
-11.34560142334411 -62.43476976474008 
3.2777594656829154 0.10839713104820167 
-31.637583067642957 -11.97191382078607 
106.82956349276 67.88384681729458 
-48.19050651175733 -61.59833387799224 
10.90507319918565 43.36028509762605 
-32.4035473113818 -23.881500057402565 
-78.71980080921004 99.03589745656566 
0.9783177126307221 -5.427535625959846 
-22.641594212873684 -11.97664689899858 
-10.31784335312254 5.091816354172396 
-61.95950350328813 4.994978415855968 
62.87178391695787 -70.01311000383652 
17.140734922756977 -16.551356869176725 
-25.359790162652207 19.90075768715992 
0.22604673141230208 -0.25844856661888327 
-73.46554316471365 -77.6777347587369 
3.6561322069070052 -12.663470497379302 
-13.950896232105437 -39.17027048989697 
-34.54809436717686 20.89704762985919 
17.43036064904649 55.784656067957215 
-52.41020340464369 -74.96882832842566 
26.109862660392626 -9.676865788353284 
8.737589014430569 29.82910249175805 
-47.73885926206485 0.3948555989393777 
37.4866960066736 -3.011991382723286 
34.471602744014305 -7.597912250092156 
20.10573794224377 -15.857526582109713 
8.206094723260197 -15.958121376649968 
43.33817931526262 -58.54101829606366 
-12.198962712201928 -5.90888336537209 
10.06701827639825 -63.70573908629984 
-5.173193017742118 12.366438637705492 
32.12945622743235 60.51761734990227 
-40.311489514672026 36.410334941025376 
36.361647266550115 2.0151983380283993 
12.040154943643737 5.210806810892224 
-30.70141101306362 73.0451177646154 
-26.051340786470604 14.010525042103158 
48.43344897431695 -72.71613474776275 
-76.12059099482931 -23.62829399876831 
-8.4540801370892 1.013936933192323 
16.415821245586912 -6.923558029139272 
10.832394347726542 9.927115353209587 
6.739079471679245 -4.143509509689876 
-0.3840066230374031 0.14115982911070246 
-81.7109010489309 97.26379697154121 
70.90877065367657 79.72115449862427 
-30.099948958006348 8.879809323525038 
0.8424312035569761 9.407041842962691 
3.5885020573315 -8.932407772198436 
3.7072870672953053 -12.748573170058764 
85.02142655858603 -20.270581732701295 
49.52522813850395 17.777510324476133 
23.91500500931672 69.47064738878674 
98.41698155218332 -18.627890152377127 
49.05846121520784 24.59987426002286 
72.55526888897195 61.84659986387189 
-17.889377767099457 -0.49414937525375924 
10.71580688325916 -31.18090891601687 
-52.90705119675009 -21.388136187880104 
29.461302132264077 -34.92874630556269 
-49.55195416628239 60.423414187432044 
14.95649446086612 -7.093899551712154 
-14.596920334534904 -11.167535629641632 
-4.842399939247763 0.34647993492657647 
-3.4938727303429875 -9.471567732007506 
-66.61256731821189 -98.55252528740189 
-6.821431850755595 -11.67847050164063 
-43.57035305724399 -38.82026202444631 
-10.497860597620678 -12.545968297719917 
80.25177015438683 -34.67523519186857 
41.816366208658195 17.052064975349595 
36.12011407028395 -0.43108320440876635 
25.535502827107383 -100.50660560810758 
0.37983375513139234 10.327764694682688 
7.606014531895524 -5.2325088746017006 
8.615404290301834 66.54428597307592 
-21.72494679310524 -30.082695899498905 
10.470882688113631 -68.9776250504386 
-0.8039303234198137 0.07172520101778346 
21.918281329062573 -8.697387941992174 
-2.673204394953342 -5.693005193638918 
-47.11805872006612 -65.17030024341702 
-14.364974002192161 -19.360430376539757 
-90.30190961259085 -60.094011104023274 
1.2551953956862127 -5.4449312334447395 
1.0612396284037227 -0.8485384854238464 
-38.47911446973972 3.145801686683321 
16.19219741549259 -2.9471794724862144 
109.25966901330268 5.650070374952303 
-0.1767903329244259 -29.778534356308242 
108.96504597856514 64.0844100509036 
20.692167657937304 11.559841038608354 
29.27060480998514 8.511404212845493 
-9.224306346304063 21.017321570860496 
43.45833857460971 53.11518495355449 
17.022074227330595 -27.862035815511334 
-50.511383722859016 -45.003136842054715 
-52.25685675027011 35.070228007104994 
11.49615753858572 4.50267340362241 
26.647378679619685 114.35274955265923 
-3.007040939539523 -14.184241594937955 
-9.973698983814456 -46.640292887514924 
-8.615929761278041 9.510327198471396 
-32.944117267049286 -38.52446951274733 
-30.770967406749065 -1.7004906117840994 
-1.485517517654198 -0.0730609408527596 
-71.51606286599065 -32.0457034693617 
-8.022157325025159 -42.36745312389878 
0.9829316440829178 -7.386728848582365 
38.2561903068794 2.44647326968135 
-4.058878256240201 3.5626004593391034 
30.066759426906824 -35.31865247217033 
-91.31935692859247 -24.457968385703694 
-31.14602421307674 19.415956151937976 
-2.6291888599480933 8.22851480750629 
43.27265363892681 26.033639346084854 
0.590429631224133 -0.7640067263995078 
-5.028371857799954 19.213955801115507 
-2.32260174268169 -42.622358683164414 
-55.16707525435937 4.95464323941891 
28.69562158260557 -18.96544714563152 
-36.715723200123335 -31.695378629611156 
-32.44429740345792 -24.649758505540884 
-2.6695787607781813 1.2268102888896972 
11.34297937067154 22.24135331210959 
-10.409894125450686 -6.104583707697905 
20.671687231020226 -32.41156692375265 
-0.7193122136303634 -62.50800504751069 
1.4308885498125803 -23.05057075021389 
13.591737206501099 13.696885429946633 
-26.447637226394473 92.55396249600669 
18.545187030891938 -18.74269739174409 
-22.04441928438329 24.199465802525904 
46.31562342476666 76.18954435421584 
5.662450925061135 -10.77378803076822 
1.1766237855762722 0.5897466526361732 
100.6575018227939 20.63602260192415 
1.968115164669097 3.489633664757014 
19.719398726222447 41.11249677338636 
-0.7923139575349281 -0.16619956964124435 
-82.50119472578774 -35.870409454566385 
-73.91982009019041 -16.16991201091535 
-1.2882133842853332 -9.211678174060689 
-0.21389635629665216 -0.07999499878478356 
-12.35700959424419 -9.492923677128628 
39.800612205758085 -11.319541569674206 
33.412575364466676 -7.7607727756248375 
-5.337966949823267 1.9984379959329301 
11.860373512922141 -8.863098443980595 
34.50033733246851 -8.594694896956815 
54.288992971606284 -69.95348151794332 
12.211003947524846 -48.287501585946494 
-0.7451733583603951 0.8689152648996581 
49.68634742514562 60.9418736577611 
17.80051375336188 -30.077570034168925 
-14.385726826180935 -87.75765862891257 
1.7498688739421662 24.44131182724941 
-1.0104809844976488 -27.158162529715153 
-17.654632352742667 -77.14010215669738 
11.962322837332827 -16.469305142180456 
-74.83850791696035 14.113387219747203 
66.03208254933108 -41.52175133658194 
-47.35810249714448 -3.104264446893644 
-8.011538944394268 -4.045413756207585 
13.48002810380539 27.694656781982104 
126.10125945156653 35.053811955117055 
-4.543601091622766 22.017990353894838 
-39.38884500759615 50.591228986388195 
-0.13452980733668768 32.28132444758593 
-17.607919435658147 3.5109178520060564 
53.5752684804393 -15.504293473896226 
1.7390225992029482 -1.7114041394511879 
11.968163309073374 58.05107363593672 
-14.654408667854103 -11.945134713900732 
22.138103599130687 25.083472505915296 
32.37839329581206 -29.612090325290097 
-34.900566864067024 65.31036935374726 
-23.240338270504978 -14.16909834015385 
-32.008949933305146 -51.234036503533375 
-8.225558780687816 10.532042013839442 
6.177829526043238 105.7681583893157 
27.509513208818422 130.55878458550728 
26.797868670184474 -27.764928124663633 
-6.575176199467191 -0.0661103857913915 
-12.95368056580076 -54.33249252117933 
22.058031833716292 46.790820628441566 
18.218263568065755 17.991145373986065 
-13.368151740488162 14.771498407972063 
95.02018653008666 -25.995921821262066 
24.1476377257194 -6.9038640172632375 
26.195689983076665 34.55455634162895 
43.34837881373777 -43.848107231585665 
-41.21594944864546 59.221652106710884 
-49.87424196141709 -24.8414164833526 
-8.539466787973678 0.497311355409814 
61.6492425311063 15.08183875912441 
-29.680974792051135 -3.3375689908757633 
-28.500593376061946 21.13231156013657 
3.580197682661903 -4.08209904168284 
-84.77837213450125 19.590999512144265 
