1.0
0.5
50
18.31177752298795 -14.367859108670025 
33.30549383444073 -62.96266598334339 
64.79658960178249 20.184459053521085 
18.55918699187718 17.453759101451638 
10.276412248421046 -64.250194657214 
-8.31541534676668 7.44509791073508 
13.12140443383569 -8.737953835686373 
-8.515195885874562 -15.261792949332385 
-43.29654054645223 -12.317040150968433 
-17.882162678495945 21.65260163964575 
-3.2927111716745854 0.7099121828543041 
-2.0602727362403495 -6.549694419358578 
7.3387177239451855 -1.823941479027243 
-0.9940138495057451 -12.858703563361141 
-42.91443555965122 28.12368897113375 
36.0967563449097 -41.90265410947052 
31.55000384767801 46.1927416062381 
-3.5326302035935413 5.687473814263315 
43.02476975217022 -30.505710806744396 
-11.419016732569109 1.4030546551872234 
44.10917331706288 3.3585936545019 
-19.805981618178855 19.58647716576922 
4.517590629889241 59.909308104881475 
-29.746528451609045 1.9962523565068477 
-8.671311561633882 -72.70739549811172 
8.507796102124487 -72.83744641377753 
-4.949910503888823 -48.306764513195816 
1.6849988353923984 1.4481213605456094 
12.582748265153459 -13.790752423853787 
1.2021118801033592 -2.89890725255786 
-30.25953054658202 34.478862359280726 
10.448164304228772 -42.513393314474165 
11.003621012551658 -64.91761018533208 
42.422773833616944 -13.955257466333345 
-84.05141369640218 44.610134733862076 
27.764010968267375 10.351942165823111 
33.642990803490946 37.757541134841375 
0.7540475578308369 -21.640422005268476 
10.696418625981824 -3.114360310887196 
-17.830331974687354 15.03059484741238 
-1.5830467327870716 -2.3253846160242375 
4.487843553122055 34.6255038465441 
39.707152726588326 17.60589481935987 
15.870921663737464 48.03832818659057 
3.7811258306391475 2.8085894026808402 
52.97394105413971 -1.8817289799289492 
41.93241680618221 -66.76366835488403 
-0.1579479314891151 7.28021249278397 
46.433385940458265 18.298948866598515 
-65.94253699955142 5.498276277509639 
