1.0
0.3333333333333333
250
-6.18766925868484 0.7690919180596698 
-0.21859056890966547 0.016377861568806485 
0.7571158467180318 -8.141193312855675 
15.827318959087734 -46.6088410192495 
0.03521238250984224 -0.15565410018041892 
19.848178800807037 -55.28997364608889 
34.04421225277039 61.913693780100026 
-10.643845485454303 -39.95221061789813 
15.201246379930884 75.92955493953633 
6.001216860168046 15.263714653588877 
-11.5118469077152 25.11088251017085 
-29.313929601574568 6.54499326878935 
61.226653139382265 56.179713330011836 
-18.733015831323563 17.594809895695093 
32.51406031425774 -9.719777092578033 
-100.2703913474846 -23.118904986484672 
-55.58108598756275 -62.19043749776168 
-104.47640952735385 -51.06461894677651 
-17.329534033867883 23.886378475972904 
41.32030738907227 94.95257014416258 
31.592033137499797 -23.882281537059484 
-86.76460320986435 9.289995579927847 
13.00992682968747 -0.008775109529358602 
32.25227775681692 -10.21314412796694 
0.40400940183505674 -0.7238505782979997 
19.773540460834894 -48.3675548458241 
-4.970761874942987 -27.30194588326099 
-13.608052752456388 -18.907471002940635 
-7.207847045338198 -0.27451217246886944 
47.548215471820086 56.61591805909309 
-52.56730012190089 43.915598417893335 
-52.954232884727084 31.32867698265121 
37.08524341311582 47.34387250841521 
-4.988013990814893 2.1590718132723787 
15.972890861588478 19.7397484903548 
15.862198597585873 4.217352008719736 
10.603122755670643 -56.20637333288591 
-10.255489333598192 -41.15989375158869 
-3.4861020418909057 -5.958671710264656 
6.173275439562425 -4.28065646843183 
-57.86094332328116 -19.084856511567345 
4.195120475383513 -74.861887252432 
45.04967204258874 38.17329048692862 
-51.83036179690104 22.147966723071793 
45.49142991175587 21.596225250701526 
21.112351218418652 16.288630280268155 
28.593264608331214 10.201349427445232 
86.45960656589465 -58.459705981829366 
0.3720329494810267 2.231315884916286 
-0.5669519851641734 11.080413201958981 
-43.59643564547838 32.936272878392494 
-16.578504874827985 49.555806481830295 
-0.22023270431348335 -15.356516171537102 
-3.317038859645025 -30.609600050192526 
49.01647476380332 9.68181185921753 
-90.79799155183795 -11.99425947592732 
4.077875850644746 3.458536448138635 
-80.56541459060443 95.78445919034138 
1.6362750215233206 -23.496116583901625 
10.288884286120506 63.58655608205301 
-64.79662840126684 -6.621335084614865 
2.1464261887412754 4.8420024173967295 
3.8207548622802054 -7.885106165321694 
-13.2892417580918 -12.80637729260922 
20.607802166925037 69.61742331521204 
0.82259017987986 -0.5836663911476938 
9.446798621900554 -38.52832394673097 
5.613240803428394 -2.683035078956966 
-34.27191530212731 1.0879604832548484 
3.8858702883009335 -26.553058211715104 
3.332935278248904 -6.3820573241708445 
-70.11924089286347 10.047893497659617 
47.44351121482887 -79.75717687256221 
2.1131848981226744 9.573736055749015 
-54.06475663484335 68.04366184370568 
-4.094653805855526 8.21427915053312 
33.25943465987532 -4.134022907995133 
27.64942243519283 -101.61960019052685 
-0.886553950465878 -1.0053669620215189 
25.609876113496597 -63.92679700180555 
2.1289727433333554 -19.996956169232195 
15.43268948113902 -4.460097292464139 
82.01920639883065 67.95315151285833 
6.748585295151058 4.826170835832081 
-14.533279323016137 62.186815450300124 
-7.879084824210875 -7.252329143956626 
17.934807128630702 17.57744444325048 
4.830066056702847 -8.664781203683333 
-16.381849709165913 20.159442220474123 
-7.378820589997598 19.07890568697608 
3.317831891006368 1.0462823068646894 
66.87156040755964 -5.122724864515999 
-6.332616581729572 -20.8715372189048 
8.021988656979369 -69.35533648684503 
17.092791596407203 -63.761842338893636 
32.75984871240732 -31.78114092819146 
-14.163817829098427 -29.457869338750463 
29.296307764449924 19.064162057143385 
77.04225452900012 -21.44304487224169 
-8.855126148145551 15.323398734976534 
-37.08612499937759 37.2312963913403 
-25.90870771045661 -31.422466007336933 
4.077273455430186 2.300271685693068 
33.56511659579806 -20.240999847171995 
2.3411611839332425 40.45832147113412 
22.957297296792408 23.28513987382935 
23.370578204188615 -169.0063577230794 
41.276057770653274 4.355469054159571 
-14.368144707831181 35.60704784506286 
-59.17442972204463 14.867778895274107 
39.24926019325164 57.50617966663815 
-27.36773198685398 -40.19373543928237 
6.358277576445275 -12.187262160331278 
42.642428356649134 -7.4973306878829975 
18.73154726534338 93.4749521108894 
-8.366796955685693 2.7028438502703223 
-46.69995715051225 -12.472747773593364 
6.7703562267257755 -3.238712287117977 
-0.36747251356626437 -0.4794840466184614 
-12.936899039620151 1.37301511347766 
-61.88394213621307 5.573676046308745 
-15.904348199580546 22.530666329333354 
-58.12278267143165 -1.6559436710843842 
-16.064427669895572 -4.688225080597536 
-4.419940611206845 -0.46973797491297636 
-1.3145952156851153 7.924403228693321 
26.641352948368723 35.17492522558773 
42.03162061790617 -10.851602449382185 
14.425789906295332 -0.10445905151879809 
-8.787573783016676 -24.171107130510936 
65.45747206730721 -11.913663217470098 
-11.490121440716251 10.443329051045453 
-94.7067859891194 12.591655645045325 
43.04554734072076 -64.71076631685231 
-0.44787707413951633 -19.075582320061493 
46.871194927707386 -0.020863442437780502 
41.865068398092816 -7.002327235006696 
-0.6856133642321836 0.588327557768078 
-8.343462304269048 6.291159393134332 
5.048534795893625 21.34166366710446 
24.252845878558674 19.652305110742557 
11.858205612882864 -41.08192909782612 
6.429691341611719 -11.841811997839889 
-13.953644575230875 48.2482610681791 
-83.65701055571019 11.28077570860743 
-5.6689442252610505 80.81205931858592 
-18.34582781568769 61.983495412289834 
11.55353849850298 16.34802621624966 
4.311138356644126 0.6940604079004123 
-34.30909012982213 -30.560605100919958 
-22.764706608410002 -21.99270170367095 
-10.021789046585912 24.432501759458802 
11.6872254829605 -12.78878259125795 
6.00145909074396 24.18702986732572 
12.628994729200377 -5.0631817169937205 
-12.617463785278273 -0.7934761932884457 
17.54745385958818 -11.10021449181646 
-8.620167662532598 15.42021068398114 
-5.405638459345478 5.532011568015225 
-6.864621647661493 -2.4314156573851116 
2.5086625318862574 10.81484189665099 
-20.032369205520084 11.241195649373754 
1.934156223003157 -1.0365780367213953 
-41.942801754998676 19.192576959016332 
-4.772794467204546 4.999875052658493 
76.44081107872992 31.58706283111986 
-54.32292322033375 -25.566490483466286 
-43.42461403915936 10.176005440462475 
97.59371118037255 41.95134718835535 
7.022810216503805 56.70868554912738 
-41.934837769656106 -1.200369954540777 
-10.605495639726545 24.35698117280869 
-8.044482829951264 -16.364267444478923 
-34.982900959010884 15.221264386771955 
-51.977798062064956 91.22238760682548 
-42.73880714842475 -22.118606977247957 
-2.3666006165713354 -9.32192324651852 
1.3525022812085068 52.391682611692445 
15.62916865378394 -3.063629200859056 
9.383985482364393 26.847328591050864 
-4.93256624174448 32.85549604989419 
-37.00427353230107 -49.072193422317724 
-47.23759887243325 18.829490819908703 
-11.128578976579865 7.894783644260496 
-37.31811612019533 -53.93768562539441 
10.349030281709506 0.8381271044294133 
-3.3297239021592255 13.45373670278767 
8.466075193966113 -32.75382310235189 
-66.16336373140024 94.73556159307184 
-59.30632050228955 63.662645466519166 
17.45869153670159 19.00202490596673 
8.891524675548357 53.83428966303613 
-49.8080982366715 33.74071852238818 
33.76504254961292 -16.1214664672216 
8.509680949272406 -31.789806589552466 
-27.322432156045977 66.43115777863557 
64.10931215231057 -26.77576368316164 
-10.888667927993989 22.342319183898166 
56.18319143306669 -16.121384352459053 
16.570120976983098 -25.8002519454895 
25.2636178945779 -47.01068367275436 
11.214118372938307 -26.664780080058662 
7.952743657749488 -24.219008297898714 
-21.576690898346673 -21.285263847772953 
-23.794287598748387 3.961632817628908 
-9.991843811740074 6.2485152330520854 
-43.850786917799184 -17.14934536361167 
-48.7627618259382 -3.6364523076707362 
6.087238725222629 1.37804889727457 
37.92493149948871 32.43670366483554 
28.865712057949143 -103.58622247799002 
38.591105655192735 102.65511801515012 
15.196404562867409 -38.68633491384717 
24.889879940748855 -21.755227919966252 
0.5894556291522474 46.891385438024265 
54.55507313992339 -38.0333631892244 
-98.85032767422985 -36.68671765577866 
1.5628298487104497 -94.68445514810767 
-122.88135142542161 95.45531483040273 
1.4195862060912634 13.379840124752567 
33.32698902158982 -7.004843990086174 
-22.798233803867976 16.0857450363645 
-41.098126633353914 -31.70189985733195 
13.415093413285959 14.109723574833955 
35.47457265751743 96.47395134854393 
3.9597874564834203 15.541628587593811 
-42.299554599576204 -31.404067168572432 
-13.038507770686438 -100.0833921388597 
-47.829228974830144 -13.233525360873674 
-3.0437799684182023 -28.37175190388344 
-9.134612950824673 -5.414422091951582 
61.42270398054062 -21.431811989752436 
11.308696860773773 45.31899301509201 
9.881326113601874 3.6389437261354325 
-48.882778606184786 -69.12552132573133 
-50.41944592824051 -3.297718724323734 
-19.000836384183145 0.5767436643956344 
30.592398127116684 14.493787299887412 
41.79039024364722 -10.256516300402836 
62.09504982933074 -52.043532067750384 
-35.605100033471295 -10.39408890161049 
128.53011942133273 19.886423499744087 
6.588209623970112 29.696539896049035 
10.532293964122609 14.237904728266887 
9.89692769657812 1.559284952364164 
0.8897416126901013 -1.6125241431820887 
-45.98106701340019 -5.709654931443808 
45.156907362008305 -45.86263969529026 
-0.4106025395511885 -1.0589763326745825 
-39.137551760680225 -11.295199481139916 
