1.0
0.5
500
-32.15158914572735 -47.76782090073402 
6.691972265115676 95.59886134935336 
-1.111543649750575 -65.54552118038458 
-11.346337788118968 -5.870142559929614 
-0.06630344853013408 9.488045739261455 
1.3089357496431073 -18.231282534791653 
2.230005493345163 3.738021143552306 
-23.484117889361034 34.84276932515978 
-64.61881781366624 -14.465563471432839 
24.619163787745638 2.122857881807688 
-97.76216088955118 8.899073977104262 
-13.266333941804183 23.1078446737576 
-6.475578165069759 -15.380541881969313 
-22.214807856866027 -22.09336608083393 
13.648820054282364 -18.393709810598835 
1.9554860384562829 -7.3300617886234285 
5.203175918519437 25.6228632017469 
7.242149314720656 10.546922139418523 
-14.45288576569908 3.444072013101541 
-6.320671219298225 -2.5201005158768672 
28.051137814431783 29.588670571402297 
-1.1863263978353114 0.4093814016673314 
32.336695665262056 13.291833534143032 
-20.113774069107095 -1.8732241904902363 
24.741220509280687 4.350238150047504 
-7.024806717943603 -43.48455191272192 
-13.412590307385797 74.52877527439634 
118.03187915421466 -30.278610749520922 
39.78642178771031 57.913994643660125 
38.77852523740741 28.09109334121607 
1.7559177722460015 17.884757117128878 
15.977667711601576 84.12199206405703 
-27.245665804384966 -43.27227996855282 
15.10516735954053 -11.760339521019219 
-10.951053420343738 74.50471459372484 
-69.11827283264228 -6.354122163569699 
-27.312429208629595 -29.715950633010408 
23.597747420172958 -8.221976138712604 
-15.15616358885459 2.484042616366013 
-5.542079757381867 -1.1045755143156222 
18.76422298931962 -25.755906992443467 
16.6560741782861 61.53513017952949 
-11.920296022039333 -36.485485871595735 
0.5514134519258262 -8.67242546092471 
-19.256262114092443 99.1921027527685 
-3.8425917123078093 -3.5693189092475404 
-89.02682329596632 -72.14917246888778 
13.628184054156483 -36.171319151586076 
-51.070805075796635 53.46340882877475 
-24.129762240243117 -3.8572656960932634 
-56.845949591622535 60.7973564952481 
-23.64795000951851 16.354583775474516 
59.76598136480912 -70.44208238736024 
-3.2798817767403667 6.28900500757631 
-36.80160944971901 -57.724378444196724 
0.5395104305610966 1.6873581401686462 
67.01239770818364 -36.46470170237617 
-30.596575387627347 -28.70123083685621 
-58.87321107479567 32.79734021748136 
-72.79474326056655 -78.95003093799183 
0.4331921521226285 -0.11172352098942274 
-53.492317783668646 -21.253912398754167 
3.699822790871696 -10.955100412081544 
-0.546696415560705 43.54572838676514 
42.726905581771476 -2.7235720412860034 
-61.23452900380214 24.738166357932705 
71.89249263133196 -13.879280484551762 
27.93397180567477 -58.53770320842802 
51.545308438353786 -17.277021257592207 
1.4117350899018317 -17.755701334608375 
-15.557392239149259 -12.485392597366003 
-57.04443212678206 18.153107985559675 
6.925796912124726 13.143654905604782 
3.8082782931156673 6.605000699058497 
-4.892500796462759 -1.6200750700917868 
-16.772062344141286 -23.75258113971552 
37.587768835970756 21.49310405795124 
4.856493111090169 -3.0837152455784342 
-14.051161871753665 -10.016613226342479 
-2.8573524051106007 -3.449693321329016 
3.888897768793872 -3.5524320047042357 
-35.687817803596246 34.27566442467652 
68.22550654955221 8.787163875829615 
31.075679084513478 -19.464254407616185 
24.99035431896341 3.057582464402375 
41.21283942526097 22.282017694783043 
-58.8851914160083 -53.78713646276506 
49.44897371074854 17.721476853425575 
-19.54458265658796 3.6704093165934384 
7.318665286406503 59.137787402221456 
-6.893166702098329 12.746794908686246 
-5.44495748466472 8.705981818889214 
2.9442547432849 -0.3919067593439973 
60.168272030618255 -8.475735374922591 
3.306803106054564 -17.682855560464603 
65.97300489971973 16.260649998374205 
4.6689766447747205 3.021879441405162 
30.27183970321675 28.946041727531124 
12.377135172602781 -20.926858583587133 
-64.86806053156297 -19.610475989034853 
-64.6789839078288 22.478733431398673 
12.618630769135306 -4.780002605031342 
3.0161305961925726 -20.740827147600367 
12.02526012207345 -50.57288249690519 
-0.5196890763955735 -0.3004235391631919 
-21.040148293762197 -22.782523915204532 
3.9803407074229007 -56.23411668426938 
-2.8445070796483574 -18.66292210541877 
-27.76495707786873 15.555477424360767 
-40.89920897794117 -36.51282905168684 
-16.864571362893088 5.2302645665682315 
-18.682815856199507 6.952704439795519 
-12.438641131885777 2.853157901445589 
10.56609275737966 -17.182631558590195 
41.92950126896786 -49.67343141684628 
15.829709095167416 33.305690566879846 
-0.7072149406773012 0.640712695259084 
8.455496728918403 3.764947136333486 
-5.522799620116701 -9.316928621399606 
1.5468286989346935 -27.26365869493924 
58.76755115571981 -60.58027194961632 
-23.425761112199073 28.80578491175457 
-7.347554934138081 -56.83407970402929 
55.184018961102424 -32.92985199734941 
-14.212154668000938 69.83101675898482 
-22.80219816961351 39.39625764291402 
-12.762177414567388 -12.736237235092387 
15.725288974340469 15.452413930083853 
3.238224268232667 0.6382131658195725 
-74.32126112848282 -0.8232591892929114 
24.11337102570456 61.517768471378226 
63.03194605097156 -11.847051368988781 
-21.158072839029785 44.44182640626233 
-5.391035959470286 -3.3748060747911888 
91.04740152713573 -29.51200803915884 
15.562640818889767 -31.0994458082844 
36.115307126388046 13.08381463899295 
30.56760862087804 -1.0876748689629188 
-2.333092279721713 -20.505933835507133 
-1.3344558062490697 -9.777397333462334 
-23.935334348585407 -57.68983681153591 
37.747271975440086 10.583890458478539 
-29.157042608333487 39.39562751399654 
26.920589067103155 10.377036057659513 
-58.3229057916774 0.1702882770080823 
10.792675599901381 -8.910178302524203 
-37.75147716599254 -20.543236697918875 
0.44108224397211376 6.458165467335967 
43.77731888825744 -1.8624849597737418 
-43.82979241001797 23.923946866596673 
-3.554454931926469 -1.9561220303928377 
9.337216766560811 -47.904968957977445 
24.509850970474623 -18.787988865916113 
93.44478067340214 -50.85261367829334 
-21.319796170428976 13.949119759433126 
48.44771708076671 -67.33077880518384 
-19.811040730503564 -28.748533707087955 
-3.373407351987848 -26.978141737656337 
4.681581486929053 -3.404257454484911 
-3.10980763143425 -4.144795201617924 
15.021000356735053 13.237579541765552 
-17.48135748148997 -12.907081164106003 
-3.2939284702810245 13.985716972565244 
0.47391933245551016 -12.893949576364637 
56.7884541195671 23.16314089377681 
-2.8650337270920283 5.970310312933517 
-43.330637779255085 -51.24224760197901 
-1.7753442793611054 -0.6571726219285714 
-67.4978686100651 62.14654740987929 
-53.12510021520908 -10.292046707182323 
-14.150136262735556 -9.836245415683495 
17.365748637469252 88.18767066920213 
10.257297385801635 -0.258455118363583 
3.954575326215021 3.141746039737232 
32.9516357512306 4.19010675773598 
7.7015353512326135 16.90102722181606 
-0.13881935458979391 -14.309938233842706 
3.1411297125882944 0.36148732600672784 
-38.52197006538237 6.586658814290263 
-16.448502329785782 33.18833814720649 
-3.6911248824449534 9.102450697640021 
-85.57338340274751 43.02185192449604 
-8.844063716514873 -31.771227241461723 
38.65616608943533 24.525040429887635 
-11.16167192807097 -54.29567735036415 
-13.058133646474685 -8.935188732611351 
-22.424604277543196 13.55115348946509 
17.633781014964573 -26.79722086597381 
-32.84634498447731 9.569119556356888 
-43.926633679849694 15.445287354505684 
70.53911631555812 51.97639569542854 
-4.559959235776246 26.232877480250746 
2.9282668375778944 1.279118805287263 
14.372451071959471 -63.33888376980509 
22.874356034039874 -14.065246965227281 
69.93117349383459 -9.227979260059644 
10.319699402964677 3.9723449170973057 
-78.83389353030189 -3.580085820667968 
-29.616180470925354 38.85177035980627 
5.936808312406201 -0.20036542541318791 
51.15275742242433 -15.81723793351347 
-31.097978723890982 24.972105890694994 
-3.28637201116053 37.31411827062665 
79.24018041030992 -16.199382107089296 
-8.72997578875769 -9.377741897138911 
3.337037634932916 19.676130879283054 
7.144998039498006 15.436614124925669 
-10.353581787541772 5.28675260546177 
-3.742063975074324 -31.213244313230096 
-49.743077732046125 -20.118293152457035 
7.268735240765799 -5.973023161134234 
15.3127674897697 10.978356112624047 
-43.30683599605807 6.025917257193788 
-3.3339014589023543 27.30938918976821 
14.09646110521211 8.023729934172854 
-18.980995869375217 -10.429420111163974 
-30.246430004195147 26.8517005713886 
-14.750282458282381 24.73709747319656 
-51.79710957164362 -74.66893394609012 
35.19797865941431 47.87812968730191 
-5.879718044516256 -2.465468055983513 
-4.197113510417054 -6.210951841566372 
10.241631932610902 4.158287206926979 
-7.611435358313326 63.16420144945384 
1.3650914199435948 -0.4745109863043273 
3.2207667893196223 -0.7223004215453068 
15.735861099815937 -11.335689414175953 
-17.41456025897773 22.48289507998074 
-1.8331469119099395 38.990837189751254 
-12.339599085760204 -3.670217987544604 
-53.448026707304514 47.66224154857244 
-40.57352262561331 15.015440032602122 
-2.6584387009491017 -2.6770404296527297 
-59.56584366726744 -27.92864393975568 
45.79038084134167 -19.16137227102371 
-33.82920597828815 -4.6743336122476284 
2.101381761824023 0.7302959749983021 
-44.12748087536495 38.56041847602333 
-19.937643996183066 -28.141958974390924 
-0.38884551493979075 2.144118363089246 
1.1815531976107867 12.38728925663737 
-17.98360636639274 -42.8882103413084 
-3.899722949532752 47.2118528990522 
9.26311770746211 8.970116306307077 
-57.27835739859413 -28.098024503802318 
-47.10760308266228 -27.32350232965436 
-27.270804929473837 -6.821185475484821 
-3.923363584895 15.79914599126668 
-27.970543337261258 3.4982762138637287 
-9.308633798702662 -4.428908166360614 
-0.7599170657284618 39.567024966511035 
-16.677973687092482 -0.9120321109802768 
-15.079073913313565 28.986842750501143 
60.011358983871396 39.46133385791198 
14.514108258410802 15.410284621917594 
59.34507303063301 22.00854298189089 
-40.13408045213747 30.890989223673923 
-30.165068940294358 -52.84383367697095 
16.09681328755786 0.4981606704849284 
25.500235687157957 54.99630242230763 
20.954223996473125 58.523210515111074 
17.10843710092278 -61.192694580913894 
33.97646473804323 22.754480393742103 
14.344474782676919 -26.230665966574506 
13.67388564097819 58.30584017366214 
-30.85333070091567 14.641173374919466 
27.490256668201237 -21.156333496322354 
-31.45122016504212 -67.35034584942342 
0.10091886157177056 10.699632572365411 
16.426360407972417 -10.153729270543744 
23.092090190737107 11.305011541537304 
-19.814553724872347 6.244574884945634 
34.68367057400146 11.04137510058226 
-0.8222896339555267 11.874815847229296 
7.962847101204121 18.23576141489988 
-16.864801556084533 5.923573211863938 
-0.9464922818002056 -2.5396020584840633 
3.685447064146451 -18.97114112789754 
17.291403444409777 1.2951542851684938 
-13.468486686306758 1.6173165873379445 
-20.70427074077252 -56.91919494528903 
1.923907351066125 0.5517767194445459 
-16.355488923356567 -3.5799824522505954 
-83.88846327059197 -62.819972137841 
-1.6854594276676755 26.39523800117586 
11.400545790035627 -69.89609236800551 
-41.867090829711394 91.15667144385664 
-46.06877213572883 -40.67833691692672 
-27.169558019302496 13.16184897562649 
3.054866077884811 10.102425077119667 
11.034944313376862 -19.483645906250967 
-0.8199103558111832 -1.9056710272430812 
-11.627274385950741 1.1985188549820833 
19.074095425527346 -13.92476618765183 
-7.720944956582697 -0.09026844112038832 
-134.5660800049914 62.24548693939931 
-4.507072195266735 32.77657755065347 
62.75365302318827 -20.282203857899997 
49.82586087050093 -114.71278504965234 
26.259443028812463 -22.143656532634207 
38.509266673919 40.52139475907291 
3.1388265137869746 59.84616877258856 
20.63382359721109 23.508751248033906 
-51.91658267479244 60.24647717257979 
60.833181841432605 -16.780296970550257 
-16.72936742262017 -1.5835190214775834 
-28.69566170508795 12.710437179269965 
-26.711630803166624 31.926651321082826 
-51.582408434100664 1.1570701512760284 
8.049421155456495 -18.7615802952954 
-16.907724102993296 -17.613419535444677 
-21.02845889802046 -67.40678638971707 
-4.009418326558511 0.2352272692308973 
15.980419317588177 12.715780740557827 
-27.16717869198175 -6.0650327072843595 
112.31710738724576 0.2547052517303432 
56.14285999479554 56.366265176044095 
36.56917092542542 4.223184444818363 
-0.32224706255226293 -2.1459768344636005 
2.5481151380947678 5.164020488071491 
7.6283896973066705 57.51721506825459 
11.777836430544294 108.56773170356867 
4.443804476037409 -1.2777072270331 
19.794453728029083 6.113495414658288 
55.53025480947226 -0.9270611563713645 
19.52201682379001 33.47446459448404 
23.463047713115163 -29.182389665753334 
-51.89507057353633 -15.663067691230815 
-21.615716436665615 27.032767714592897 
-66.6421563302638 -0.1518673502399866 
39.05582838169868 39.58132112506139 
-78.15370024875943 31.533143816744015 
26.0172428876237 3.6021862945338494 
123.71443564801368 89.84271662668694 
-9.468584277162314 -15.099528648283233 
-51.290688800435184 12.313396296121065 
14.298571704716506 15.141809996909666 
-3.7490816137959735 1.3726628130582859 
-43.54779831331204 -3.6613527139350013 
-21.214641887765104 13.912461756339157 
0.0212971941834722 -0.2259760406358957 
7.139445753991589 4.38550248685149 
6.627398523115668 -35.43898118035677 
0.29060941014655756 1.0654611491343267 
4.576379675568458 -3.6044998313157284 
4.443606408217201 -2.346644735735509 
33.273312089053654 28.368863663778804 
2.5338013209283585 2.271366987694387 
-73.4958866249987 -53.78626495124886 
6.39766625208788 -3.0854264933046407 
-17.60707461300352 -19.94198402667167 
0.4509054019066234 28.281118426890522 
-28.3752326347317 -34.3204309493048 
2.608075084145257 -5.364562378175096 
-2.168927014334577 0.5863231927348442 
2.3459045062558963 1.8233195930946515 
22.607893301607454 -77.20051365399516 
-30.986251212906197 -32.9018671413711 
32.53514701480793 -4.210735724650199 
-22.868582477107264 -56.767367531618135 
8.352137862673414 51.02485844428628 
-27.844325680852553 17.849101249381036 
12.78402736147128 5.537841377962178 
-33.17890252793191 41.236906289290815 
106.74991218238402 63.64521402628821 
-30.55402324946512 -21.69975281383598 
13.121731263507513 29.178075007983153 
53.96572360022694 -28.694321470354343 
-33.63468261563034 4.738166646812961 
-27.043599393465428 15.741407740903986 
-2.1660082816405377 -3.453949636429086 
5.365419021440939 45.04747853228595 
47.30214121288649 46.43042838093891 
-13.354933367250835 -6.0621989951092266 
23.450860440075566 -49.48735827096463 
9.056480753418366 -40.58655825307101 
8.336601714452495 4.967636031116395 
0.13520642474858788 -0.20367677060618594 
68.30732912091717 -77.50436800066593 
13.447420577301756 -40.690082699109325 
-11.89063222846947 -3.8450914505976845 
-74.94896649697567 -20.22302374723492 
-47.23194197466308 -79.24509701252927 
-26.203356919156622 -39.34203443866388 
-10.754938642243179 -18.91812274836015 
-44.55103302344807 68.63871083091816 
-36.66105859265904 -19.82919293481587 
-39.599806384509314 62.043481602864716 
-6.872300318678027 9.45394819165635 
2.051658977972573 1.5713747898821007 
0.8148867053340808 14.738249384820739 
1.0681447705331122 -29.886489846762352 
-77.35849086374287 -72.79746932049277 
-116.38925759523399 66.57580938744148 
25.8028603333339 25.394642543614076 
-31.85651967188546 84.02484279048231 
59.07233172157255 -54.53499389767209 
14.580830256658588 15.878784049693515 
-14.796641665007625 42.916841987114815 
-46.00641992549611 -57.09548483827618 
-61.35008441195954 70.35201904934358 
18.14063653892357 -18.723024107446424 
3.073627148354917 66.53188796546065 
39.32263978732637 -61.89797875712317 
-41.29493619367248 -0.34491155224110825 
12.043847971753584 -0.03790007919781054 
-13.160916798823651 49.056308203022276 
-34.50798522205651 -5.743282683116023 
-23.705049679892756 39.342124191955676 
67.64490272666627 -35.35628000568957 
-51.0448494237803 -23.760033437781058 
-25.10500742283471 -13.343907392059078 
-24.598346640916546 -11.277250883371995 
60.76509527881162 -51.4064697156236 
50.427923730120895 -22.866618416361792 
70.92216876164693 33.28076236747177 
35.60472520220989 58.19172830396074 
-34.09966910914043 38.195288424905826 
0.6259714160710317 -6.618339195201881 
-50.4010096603895 39.80796803105673 
-47.45660097195087 18.46406705666134 
-5.207566086413873 -15.87832019847731 
-31.679159629679415 -22.91296583128729 
16.742030826304056 -18.526024057213817 
14.490322627355654 20.506524340409232 
-41.4770714392225 -11.439649621173936 
3.2162253594971095 -32.2780363892008 
14.698242724639027 -4.430276182479813 
1.278961725778822 -6.7527201995723445 
-23.80678006992047 -70.0118107615052 
16.55202931334462 -49.7390689190739 
-8.062927905584404 -0.5359044981063631 
-6.019021037547043 39.33077577397437 
-71.10894001545013 -15.042820930201398 
19.020886135765014 -28.778884475040073 
0.28187138942742695 -32.07864898161712 
-63.65058865481819 -18.254390717249176 
-47.939152953416134 -2.3621048937991818 
-14.250767860789066 26.750674343832703 
-5.030652818148282 3.6528471849639046 
5.0478449036474204 -0.2379062577491397 
-32.374368164839304 33.29307473293915 
26.442699575374366 53.38794789449501 
-48.061887682099076 17.169825786359052 
-93.75817960133995 6.693280148885849 
-5.1303597634165845 21.033419646355814 
0.08966365403954567 43.10836071356937 
25.642177683864098 -10.113207489516428 
28.740825923979102 -26.028413386383512 
37.18617367581486 -11.90798696573089 
-18.250830735258454 -18.409380049494025 
-56.886165220544086 27.234961885594608 
-7.329740826640255 -31.422176531566276 
-30.15063550501068 -26.250893444824545 
27.651494721654213 -100.21876401850207 
8.82447263185263 -35.199382778916124 
-2.410493099467345 22.348614479068214 
0.02180833238986704 1.9503112423979323 
-2.0917189367246842 12.50972783186339 
-18.38812219958398 -11.901826202106262 
-32.61876284605315 -7.07031940722248 
44.5975286219549 -66.49281897130388 
65.64546583742498 64.41872656676775 
-15.727453400103393 0.5143931519544481 
-96.44838128454144 -14.235462018359097 
54.01445917241029 -3.0401440984184993 
55.26029820360904 19.01765391521427 
0.8674695381418237 -6.512512406237869 
-74.13437296847619 25.19890875591913 
3.0557781946815505 40.43053534115769 
-18.364733054668942 27.43474431872121 
-12.226536011970635 -40.56494751333958 
4.31056133810353 -11.21870137832457 
46.14614042188073 -0.09585124533439329 
-9.8415282003946 18.564282485756866 
-25.35947602671928 -108.68431065747656 
-55.2453975857311 108.42620511129678 
-27.24043965596842 -7.550360840088865 
48.15028165912665 65.15458347990827 
-9.854482605447092 -0.6984462405249342 
46.15441186737568 16.584005738751827 
-30.75485675455344 60.18030876327413 
74.20392896785269 15.034342480126384 
-73.40834274881098 -2.9850961326150554 
67.33470556038282 8.97851866344491 
-5.759276151080042 -0.800909348187837 
-11.021215941256989 2.955182287734979 
7.88659206066219 -64.1374725140098 
40.700098892967674 53.50179071233314 
-0.36636472932674047 -5.985633581526812 
-2.6082393305624496 59.34492844419972 
-27.510511950440204 34.31652009829302 
30.161490857837386 -8.524014595962138 
-41.49410986285361 32.62994972861547 
-16.839230206787498 8.734671672159076 
-8.68566600450052 -27.11162500612362 
-89.10701857362915 1.6301807892057383 
0.9645660430805587 -15.985498625305073 
6.398550182751834 -31.487924736845155 
-13.284400688710456 12.479059013016242 
