1.0
0.3333333333333333
175
-6.496529203938391 -3.4744386708626127 
0.03491448940732172 4.7840282971957 
26.581523233035583 -49.15139240843669 
2.0068277373181465 3.5503531636659877 
27.239750672751022 9.882710945175612 
2.0777059910278872 -3.384918092270611 
47.18985067316331 -47.69488095461143 
0.5608599921857387 -17.049820329096686 
16.957834549192995 31.460387563329803 
-20.83074933064612 10.45263940927929 
-8.50655404340668 22.444752449614075 
28.953027534620002 -72.60936601184778 
4.622534804910676 21.117145636832014 
-66.9600009369602 -4.074839717439617 
5.519339284771506 -3.267968064207829 
0.6803160840171133 6.428176631913238 
-23.0795485869377 17.54905215496848 
26.987314729867187 -61.30549346059009 
-2.5620868143025084 8.716318632595582 
-0.6933487400143918 -4.482353771921743 
54.95946490270055 -12.605785970460072 
34.240647068761774 -37.49771893348698 
45.35018559224134 -85.14539727900136 
-7.3147477784748425 5.179508412729239 
-44.13232496596423 -48.74370264767451 
21.147876218148376 10.670001849911054 
-9.998811246676256 5.794694774911873 
23.8322686014902 13.883199779703013 
4.609049595677674 -25.034783088352945 
10.440703545509638 -23.387390878189308 
-58.17319489096404 26.80862758518821 
-100.49824084037398 -61.50442742239485 
-7.848968903327631 20.346424105946625 
17.689662765930546 54.8181684452166 
40.484629802420756 -54.25995271060026 
97.11940877359034 21.447046525707577 
26.944693768780056 44.107086307023614 
-6.306854202575504 4.163432365952112 
16.93877614439153 -10.862429445516753 
-28.857861005570612 55.48056627858206 
-41.44783091189566 4.694806984382812 
74.20769968464123 38.45450637512312 
-7.626013217668302 -10.90127324282693 
13.200331621240085 -78.12079412698567 
4.163357836226305 -15.9188106126461 
20.482585185148867 -57.897865326131424 
29.685223348896688 23.281050555225722 
-6.291379991286598 18.68059549302447 
-30.500965647271197 5.601376263221643 
20.410401477181573 85.65092569875753 
-0.521740012606683 -80.68686024294377 
15.51563658163103 -34.2230939787551 
33.60805922269074 -10.651902300820115 
91.02349121707493 59.95820250963869 
-11.9046430232004 13.865554642558772 
49.588042037367856 -40.6393480868273 
38.100216275952405 -57.867228697860085 
36.8141005767851 -11.302568691417573 
76.95417763835574 20.52919715325143 
1.2786176352683363 0.6341276275226935 
1.0005589781385729 6.388536620937255 
-47.808290242980036 -10.938178564890862 
-26.887361932201248 14.190479193113019 
1.2508926689388644 6.758797310551521 
-74.81715326794112 -3.2528828697244463 
5.523549918478123 1.1153443507674312 
58.04652663868671 38.321618321903834 
-28.881017527915738 -34.53640097830223 
8.47612029584228 -73.02100706538664 
-19.396148033700282 29.727629636321076 
-29.447686323101298 38.22531299379132 
38.49175519398864 9.534845671575086 
69.33597365438946 3.868761802366851 
24.982312339877105 12.304688514753908 
76.19595838097406 8.67783688205758 
-13.06438351725008 9.756784416994906 
-6.672370119497213 37.28378730361198 
10.544721628075507 -69.66930581986682 
4.228374773334896 15.29397059671006 
-46.79209217697798 -7.234486279235224 
43.354946748913626 -51.42996150717318 
6.8246033634219145 0.1827380661284923 
100.23699116407195 17.274128274753224 
5.829037040162717 21.515131459223017 
-30.063597278833907 23.43524521440172 
-1.4706599309405433 -1.2195756791225267 
-14.846756071083298 51.56513413754478 
-6.53508717189598 -21.389820720617532 
0.45516941221738294 0.12743494483715403 
2.143928331585058 5.120204062122449 
-66.03368083708182 -4.302407175216598 
12.111710821456198 -0.5000493544202259 
20.700827425120632 -11.079978078644567 
39.37323539149492 8.70762784671089 
-97.68885018421048 88.16057270573063 
21.188775736688516 9.324543786097967 
-0.36701433339770095 47.674154278159165 
-47.75596524628498 -97.67937959800778 
35.67514333875202 -39.03609389484971 
-38.72164031453606 -12.086463175053273 
43.59372824848166 1.3087135593609212 
-14.851814824079106 10.003308956386425 
-21.601980596288577 -51.260616667157926 
11.703565415044384 -23.435528705613333 
3.5402133152041255 2.5299908833533613 
2.053469851344254 -17.986227952106827 
7.729968738432227 58.00957578630498 
-1.0420542245645268 2.654126369351025 
20.308600422672935 -40.8529007561338 
77.32978142222375 75.78151447544141 
8.240541469712328 -9.423517501249592 
-20.87715186180565 -22.070604083159903 
15.536478707129834 8.211438704280813 
-9.67489831982835 47.59843535651003 
0.9210578961857815 17.290128681269138 
-46.786853012675195 12.480130444574048 
62.80551983956126 -33.94890689384965 
0.05742921096134939 -0.7996105578853236 
-51.89714879887294 -41.9011930358108 
-17.90020483901942 -14.798031609903708 
8.498098401493085 -1.5787595806437174 
-9.630107249307441 -40.18749355988826 
-2.274527422160184 80.41926219077237 
-1.6664449259491232 -12.224715345740801 
62.91704745661719 21.67002938373778 
-63.21117812076226 -37.31201313766227 
2.4573298940804142 -15.294074782808035 
38.6444114709302 -42.508120194363606 
-66.86017591885825 -13.401434453495938 
-5.619731224000962 60.81210448511016 
-21.328833119412316 -51.96176333635138 
3.1208536503956017 21.133428851559867 
53.04197558489205 -2.2033145707410093 
-7.261642733422265 25.421052795289317 
-39.28483050027518 30.105648931199937 
-82.93515223803415 -124.51328479904068 
3.2765243210641772 3.8720144374896552 
-9.716767886210269 -8.661395889445389 
-5.550514108265793 -0.9462951065066805 
-42.19170696504498 32.60366597051281 
24.594159174047878 -51.35010521400257 
6.146584336826802 79.84151764479286 
25.31782495584514 -6.839014301028474 
-33.77524390368814 -39.68899486948411 
18.28072182313473 50.09569786556931 
2.364110670766298 2.570138813226722 
-1.1813732516377913 -40.34357780004508 
7.4139548736065075 58.12190250745271 
-12.353445676598596 28.225426586248904 
-45.210688768364385 34.612434138281266 
96.85777304890348 0.010221528211509226 
16.247690975023943 -7.037177813748448 
64.28552803428647 -9.042996259230717 
1.742063006972858 1.1658082878977503 
52.21061110686956 -33.4526849553264 
-56.16928866498645 -21.752311186908077 
99.42468391826503 22.251650728593432 
-33.7100046104886 18.842984716089937 
-17.965282992838517 -20.92542911030136 
-51.965112586532285 -12.748505452150459 
14.839773347300197 -20.383826301389586 
59.93472738767071 21.452547380988772 
-2.6858737064609537 11.988221374035204 
9.424630694158855 5.9932431691144235 
-36.09487916301318 -35.34465697688277 
-56.06430920940972 -11.026467792059247 
-5.918406910027543 -22.534720990699736 
-15.066064554488745 -6.424031336517379 
-75.15054641630239 95.02166904663846 
-12.81151516056761 -2.8746869763204574 
-97.94544181529149 -52.80692597444479 
-41.728017684849526 90.48319031463738 
20.73920988625076 -31.98403478181456 
33.612774506563106 -39.61359016592673 
-7.578065796424442 14.699505754059215 
