1.0
1.0
500
8.633778033210978 94.83580578019286 
-42.563105327410035 40.26400633381831 
-19.30534843474561 47.02618165654917 
3.8649708168452293 1.5332091421636116 
31.824631871963103 -52.66113732921618 
5.782033774015638 24.184059410232393 
0.8148219051387143 -7.2886065091571215 
28.60778376586966 -33.356273723837354 
-35.562420249962926 29.203941948459946 
-27.95283144124097 23.736746545657923 
11.770516898737972 1.681206526887617 
17.522397400570984 14.394385844586019 
-7.365693671063267 94.83773160163841 
-12.209581046423095 34.885520612659064 
68.30774104107078 -113.52771160704714 
18.636957981238798 -87.00807620850196 
-5.964285091687925 -28.134909721481353 
-71.34018746454407 111.15283380088721 
41.222447602401985 -8.372030414204733 
-54.83235078725472 -22.230759291796033 
3.49519236035988 -0.03494464558520863 
-1.1823049949537938 -1.3223841896227324 
-5.1185619613096645 1.273740250395027 
-5.051449442050561 -7.9219552679868 
-70.27280324052713 -106.71701387254036 
-1.4917797295411517 62.93750003022405 
21.486994286877835 33.97900564177915 
0.47333727032399364 -0.8260713357455025 
76.2477901105641 12.616125201840042 
24.587565230889926 13.606102609970202 
0.3922395051041433 -15.07980082176707 
-0.30900807304768674 -53.50146641757104 
-3.438897987956962 0.3819659994684728 
-17.5861999113779 -28.78148953016599 
-25.186141041328344 0.3008281690766916 
6.331506968543126 2.398444727495109 
57.57776657566366 -5.493747609508097 
81.34031967235015 -16.592338561714037 
-3.9105038836925896 -27.42057325499651 
-4.96795527362326 23.27067619792293 
1.1244780529349498 11.955436683343194 
-56.0053166728852 21.329232141373186 
0.6389068200244985 104.85669847828824 
105.87248038464477 -31.394349303624182 
-6.8355862644723135 -1.5334027020171002 
78.28709182397566 -19.40360572882591 
-52.02461151631176 -62.78984694632845 
-2.0968253386991402 -4.221224192015175 
-18.21485407503152 11.173748937346316 
26.03147894470693 18.570972107484675 
11.560676196417608 -28.3407103407782 
-0.7890374315879823 25.447215040490196 
25.163483852186346 -19.90955192124012 
5.0508181225061 -41.02093163992462 
-56.04307938583844 24.759689725441916 
2.804773430294125 -0.6090357241347105 
-63.86163687193357 20.15874178374941 
-17.750139960475348 -50.38261333148104 
-15.327022801545144 -51.67217991968425 
5.7207426833450805 -51.0243799566446 
7.929170096731489 8.087202562371772 
5.260770295585652 42.483408112670446 
-27.658484019819603 -30.693685704418392 
-12.895220841058654 6.6987643350595585 
40.26925745302343 -21.619645802635176 
-50.753311771104684 -21.758691852231983 
62.42342879267602 138.9310151864251 
-32.88498775927831 -47.62445670841008 
13.162939423548409 15.960899803478084 
21.147640263296744 -23.656137809637382 
-12.931152110679875 -12.23479736271091 
15.382833397661447 -6.629530243892466 
-27.429737005467068 89.31189132065967 
51.15963360687976 -57.91598251438725 
-103.81403916231604 -11.441472244336403 
115.14025688555728 -32.42177783482745 
14.488624645832886 11.397016521152441 
50.52822536344372 20.939422436564836 
33.28877151572498 15.080840769880357 
-5.447295912686413 -43.53126353844748 
5.408577893837413 2.4179858345071166 
11.055171330484804 18.0317229854347 
-4.299770587601497 -9.566654493044949 
5.315813974755754 -9.81602667781162 
1.0566347821904436 1.1672273118239682 
38.15578736033866 60.97816765808217 
-11.781200938482428 -27.06637514296171 
25.708088813861202 -28.041488922728153 
-2.2436910668106678 9.002385467848674 
-0.20549540413529324 1.879139206588352 
-45.39822478191774 33.038399353457756 
-0.18215499546391312 -0.3068609523266224 
-3.2883768834519276 10.286811308373899 
-46.562666785523845 -7.109608112880446 
4.270087572462342 6.524507277301367 
-153.38264927118377 -24.557023616943876 
43.32262341193895 18.229196130228416 
-73.3838962796201 -38.497170089854926 
-15.606873429608221 -11.397647309886088 
9.731845108450417 16.78253844872471 
-6.5496983911332665 2.816634131175766 
31.167560720474555 68.55698896625519 
3.937226265757479 48.731630506108175 
13.72417875591114 -7.355253953956304 
-20.659512377337478 52.32968483296106 
8.31035152011644 -3.0632435464078003 
-14.94564649019439 -5.300959355154067 
19.520021416249485 -59.771781834459205 
-12.578267847088073 -9.89990026210694 
68.57971200887397 -29.681624755850535 
0.10159678479753201 -0.08583379910059732 
25.575323165801027 -27.110268524161828 
21.315110873929875 -6.635736120014664 
-5.024361744857538 21.46598701200967 
-12.762790547777568 6.564609113327737 
47.751738003297696 -28.437450638848922 
-48.31064358859432 1.6565798705632708 
50.39198272158312 12.183700758524683 
17.228405774033746 -19.420862832745076 
-2.371601085953186 25.424331635037905 
0.733454789777634 5.807190914689106 
44.44442570883871 -80.18217216509078 
10.72245821074513 -46.53178413531599 
13.430000227411366 -34.538893729899414 
-15.778557595989565 -48.457388015861305 
52.841675291748935 7.155251218333405 
-32.96090648928821 1.2602882849636532 
-29.219693043332544 11.81933211374548 
2.0494681753279225 -1.5948101810003208 
-7.712905864071918 -17.609972427902598 
75.66149505449152 -90.64480322903687 
-3.7813520435925123 39.211267156016746 
51.9479316778877 -10.310753846300162 
59.04422624678806 -4.436825987570112 
15.225258704593324 -3.150061627113616 
8.951912301861539 4.79477005262293 
-33.78867530105862 105.54774651817928 
79.95831176763917 15.89313092284486 
-21.052592362552655 53.80312737519239 
21.780434201781052 -65.43185213589402 
60.484459808537935 90.4804616981528 
-38.78443636448676 21.318230436794288 
19.34098437532852 23.66618434372306 
10.93973089426682 -15.261439776365453 
4.414775045208834 -0.8942541295574189 
72.33612279049972 -75.83859170434565 
14.167438510172701 16.005370084774825 
-57.103876226177775 43.34098636585159 
-5.707957250886234 -37.38027928356982 
-45.36670365493365 -57.58231053956804 
16.46749163966007 27.53423005859886 
15.609457064665197 -3.1617510800613995 
38.98142720751076 7.592163994451463 
17.73586727991342 21.935230658924795 
-9.929443925932592 51.39274893307257 
22.141033554022282 32.18663437906167 
-2.4417478623247844 21.151991106043575 
-13.71676272851348 -20.118734997329362 
-18.379675824401406 -88.62390826584378 
-32.288935464066654 5.360078453713286 
8.11385131548647 -11.618376456806393 
-5.511364198442697 5.135179610733978 
-20.195071405919904 3.4256602095758093 
-42.53268530479026 16.550890997382776 
-12.279720317723028 4.402726871023689 
2.147381735161173 -7.433962496938448 
33.4243457217299 -94.10384504000811 
0.13796118252729067 0.43496024686008994 
1.1499680914772994 33.244635911644096 
58.340534608736526 -23.62514092203423 
29.4680726652401 -8.04975356451971 
35.26951460348783 -2.546647691872021 
4.946933135617581 35.546585123404306 
-74.51054393640263 -53.04783022985871 
87.92419596782828 35.793186622600594 
2.1185287064938985 39.39698147850394 
-57.89509005683902 29.414620262440145 
-39.760312697112795 42.71572837565665 
70.76873498175416 -108.39014358645895 
-4.980937393496848 78.77820003313018 
-33.885049474354375 -3.0644823058589266 
5.495455680448946 16.367622608526055 
16.356640796117524 -1.1796797103841037 
78.97484169751002 30.62272399453341 
11.674907549254485 -19.397423120157825 
12.810488262267155 36.6282637732438 
-12.161883176501593 40.43970515904697 
0.00672807107854261 -1.3397230332929774E-4 
-8.90629377471756 -17.000721236471957 
10.129685155019057 -24.34944097834817 
-40.52338721899892 21.18110861613645 
-48.49241562514356 -10.01765668061535 
50.0492535566841 5.0078993322130865 
-61.09286795446289 -52.71948107505247 
-9.723370799238866 15.030371491303498 
11.18274527578827 -31.508275787898395 
-11.312741395930297 22.145844523615416 
-3.4233732463008555 -9.720119675688307 
25.056069852160377 37.0062564678294 
20.900544225405223 -19.075767938086486 
62.60899835254014 -50.92778742916059 
-1.0634657232036158 1.4857266060605152 
-33.708341655151564 8.733322664880893 
57.029122313300434 16.22670412479221 
-17.52804886734712 -25.573370909237276 
-10.17152323361158 11.35410982648502 
-18.010500700259385 7.715535682334552 
-18.182032216668667 -55.6931793018999 
105.41077807624286 -8.652784825486682 
-0.9388840070544727 -1.3004693566089796 
20.861179940890686 -53.3251949844308 
-30.738049298069306 38.26895172905 
-1.4569989745376157 -0.1947042821695493 
-7.267904501789884 -5.83745093380285 
-13.669353971170509 13.537847828429655 
35.57358361762003 1.1909922435754718 
16.962300316071364 23.999904128446513 
-42.06542961376733 55.77545379309084 
18.693747847893736 27.465831831123307 
-0.42868550571587605 10.045794245840055 
-11.2399359279809 -15.181735728270148 
0.100198133246857 -0.8754286576312797 
-25.83806689417089 -41.92210928461335 
-12.317161795215881 19.67302200135329 
6.6345355382297875 -3.479692728845807 
-85.37901007868902 31.648297894426186 
1.7167031794504615 -0.4122235337042263 
41.641994633714134 5.047344556377619 
17.7466024004827 0.018419074921128074 
20.974548317616602 24.15013833800564 
4.042082234290212 9.648206830900438 
57.273338036287974 -1.9916637444001557 
-17.14562659870786 -34.303883381664306 
37.314319746270655 -104.42874082711155 
22.93633000878642 26.08094487987455 
-16.128122948587304 7.924053077567503 
-101.67598809033218 151.00851736730672 
10.231006022119084 15.752792704410451 
8.249790816065339 65.00759107686125 
-7.890778587511897 -8.649068023560073 
79.50156315656402 -80.01727311101713 
-1.498949453646729 5.275492485776771 
-74.39096811511362 -93.50800365753044 
-40.75299068577701 29.389077322222725 
-19.66831933969575 -5.876377224540017 
36.261872730655135 66.37297112513819 
-12.795554918160143 35.18454793573398 
1.6245593844408217 -1.0573324925678738 
-3.722476925753406 -20.297185635745677 
11.39779502703949 27.156445361579618 
37.84247688642239 -6.370289633787996 
64.3306268391819 86.21156634213044 
34.54706716908364 -1.4458124679718825 
53.166057094153025 -3.4450140376271636 
4.196106389157306 -13.19857973190298 
-32.06569236263656 55.334524073565056 
-1.4661007113484885 25.431097717757638 
4.172264222658258 13.594451833463959 
50.90926720908161 2.4935924410747967 
22.87370417627152 -47.0452192859726 
-18.49619325949117 -5.175920522403344 
10.67065252001813 1.8869211709945113 
-1.0004742128809325 18.751598549639922 
121.8275974394297 -70.4360359845092 
0.7741202407808462 -1.7866096123667485 
-34.58313530741538 14.017222693383003 
12.117717501426466 -12.904367192663043 
-64.9535722507687 82.31186112747459 
2.02745179285327 2.758206934127859 
113.08481036184725 66.941053427022 
-0.38632965330987784 3.642013733018699 
16.415758694991474 28.646667819767146 
-32.99575884572157 64.78792696836 
98.69370341205021 -111.36400691039235 
48.77931464238226 -39.51136689378598 
12.56191047245936 -18.597074893235416 
33.273486753492236 -10.871114745082187 
-99.79422096224094 -11.574019739029191 
4.415139398160868 1.0058929587123342 
21.18004372014816 -3.8154286602745153 
36.29578690777257 -21.300439338771714 
7.058251181256127 -41.329122702818395 
-7.196014355604889 -17.392690239426322 
-41.137623010823916 8.858417006858454 
36.33365170589035 -0.9238879457055909 
-0.07674983988533093 2.944063153828527 
32.14004732749862 -74.6705357008614 
43.87010592709801 -32.75117940363402 
-33.94856322200649 21.226657919382628 
-34.07098917859982 -6.108701646869683 
11.81750647103357 -65.48885108760909 
9.814799926686106 34.2073546144469 
3.73979599106229 7.357660994233175 
-40.899742426400934 57.4845808466766 
-2.0964487064977413 5.682082612037278 
-6.39389877021189 -4.9166093534375985 
8.391892454425665 11.480883835523692 
-2.002537132912412 3.1862129561819557 
0.45704615311834695 -38.39008105507515 
50.21861017848944 14.573999266277923 
7.965817700938338 -3.0573247952494875 
-4.354430235239391 -7.010758950945781 
11.971536431526996 -66.60754954600046 
2.7014628428874956 2.812419526023869 
-78.95360828420729 39.17282527683532 
-0.46012446815713476 -2.5580213651289583 
-6.471829581273048 34.866299782941965 
-69.93531822692786 -51.761318573443916 
83.36433291532644 101.91899098767483 
-18.95295617208462 -6.424465061369583 
-2.172979074065318 -5.832291812604999 
-17.857721852273666 94.5172583438657 
-38.082179012030714 25.59506793493511 
84.4108792867782 62.493375022250056 
-52.26616456928883 34.71731807959787 
10.933377111260146 -5.306867684197048 
-1.7850591442606674 -4.5821687693154765 
-89.08056221629366 -14.349733190640196 
-3.841772814868097 -39.9716209502267 
24.772366675319105 21.634129936246897 
-59.86200515928786 -11.792418825668124 
77.85596086831718 -71.64490024823702 
12.539193397490097 39.06252299821371 
-22.99774668987748 -32.256999219116196 
80.86913489670893 -7.162382698597356 
-32.14644219116758 30.17919562544773 
34.49730746181135 -35.386474479510326 
2.4466522758742384 0.24126871108399595 
54.05024069493725 65.246661628327 
10.370305718387742 13.71084693143473 
-24.914053461474545 13.373093372682918 
22.37506295444898 8.479976154265412 
-74.8687721223415 23.422291106573272 
117.20041711779875 43.64653420179917 
-8.495188244338316 -10.394088576202984 
26.463234880520254 1.9363908372734517 
16.181991117863156 -27.106442561753745 
65.5093288606988 -28.7864283274162 
14.435704954041523 33.427952719283795 
31.306463061542498 0.01687795275524005 
-42.471667084001346 49.43746958450905 
-5.926218934357563 15.978439442830211 
21.254773858421093 33.85146344301546 
-5.498081712933276 -25.79171343155993 
76.20438894928 13.99824434221171 
8.550134123341069 -11.008615713182452 
20.4654268110817 -5.533016464285736 
-17.029997927031967 -2.8158387949992 
-51.53097781710099 -10.933180442306133 
-14.83028392644344 -7.779519808383262 
-12.014761697893965 -15.871578209198427 
-8.917009193660265 8.201101743804111 
9.31298605391935 -34.5786955139314 
-23.901193350972306 53.05248950879649 
-37.27809357834318 -13.273494861274136 
-30.580040385470653 -39.59781362069793 
-25.65734075798311 -35.52316563383019 
38.06636266399543 32.44626490635681 
53.210962715406 -136.50749814761747 
10.929862559191127 20.50125555639055 
-8.395432642052764 29.511030559271372 
-3.699524943261335 -7.270819555991097 
-48.95319291663944 8.453019490375995 
17.9922467644373 21.76946096290058 
46.54980761418434 -65.09138199707478 
-2.70978366862092 2.795889004594509 
6.465238059216362 3.469314833634377 
-17.82790217607953 5.169504659957893 
14.3765650943274 29.93275142901326 
3.961650215825456 -1.715963646484236 
-16.11127108403876 -41.12595562160487 
4.288180649933108 2.09347625210908 
-4.968864864288277 9.089850740438575 
6.101635329707952 4.624093857001749 
-8.46811631890257 -3.0022741149072654 
-7.861746393059585 17.45281230617702 
-32.4504518927559 14.368999335954646 
70.87742813680337 -64.72660379006466 
-5.126425794206334 16.42302449542246 
-4.897843858787975 -23.74764239913148 
-9.609803176097882 -58.57661149762645 
42.19260004527675 -1.0445791365561194 
4.81410832759439 0.6325187752046143 
48.556219093913526 -8.92766752281914 
-3.04644467453106 -3.103725122148312 
2.985526188778949 6.848689040963024 
-0.6560823039312723 -0.13957485837031158 
-134.14131507168932 -105.17591583412155 
-6.027436036626355 -2.0738652006491973 
-23.295707775299167 20.299170023182437 
-6.685409994789979 24.179732272761232 
69.03225078856835 45.49745449194735 
-120.75641213098318 -19.849519409651702 
11.747759587398455 11.043912870937477 
8.048506559912486 -3.287324755490077 
-88.23303420522745 40.3633401770803 
65.20180652789705 15.670920441333369 
31.53915292756221 3.7437831115892553 
37.42560154440592 -128.57239551667067 
-2.57080348256894 5.068113561104532 
-25.231386778738898 -15.43797452353743 
-11.032684015096464 31.033542690767398 
-98.89349143040282 28.884863651132108 
-43.99476132322536 -26.557331851764438 
29.9917856979998 54.97442398083865 
-7.86381490746212 5.8007902308583725 
-1.6558906778873548 14.296414254996249 
-17.319596270106523 38.58188122286181 
-38.96170716791968 121.83294406642898 
-47.79051102396889 6.229360478042627 
-9.859194447813149 17.0185219011768 
-1.3742732960776565 0.06371032392731371 
10.348288692504072 -15.66820261537255 
10.935624685503809 -3.826812711920479 
-6.732337270226955 -75.39017274819149 
-3.604992806848758 70.4774734308315 
42.70177602946725 -35.62391805581674 
-1.552657555986777 -12.271924226912324 
1.2753158165475162 -0.2584205087838485 
-1.6770295050625166 0.848816754743487 
-15.483062261208197 -6.105783497646286 
3.0820415616955352 -66.64246572118154 
4.260662203366073 50.114722105385724 
-39.364096329935876 -5.399420768915222 
-36.28819958997316 1.7675815058643771 
-2.254299101150857 6.945478725970131 
3.136217468473225 -21.131906593662773 
4.86906639594196 22.566555157538428 
-6.663566974767535 -8.25594455809206 
-54.96077613229265 -7.2210909665915946 
0.09056369258162929 -0.031131685826265437 
8.47586123573063 -3.658055716965129 
8.623868464002776 -38.70586724570819 
18.132058480281792 1.901435002764175 
18.145455418430505 -4.214383790664479 
-41.54315802941749 -12.978014888036904 
-15.804863278331135 -39.6935453301488 
90.91940029491771 3.707141694592113 
-46.325943861399566 101.47040615515002 
-26.325838386124992 81.05906883662232 
24.490787683847227 -6.2166742165838125 
-39.241155490639485 10.228613084204465 
5.122462489322362 -20.5794724760207 
-1.6712514669217404 -5.711799596196636 
8.24432020176918 7.690005640657614 
-38.03951084702324 -12.624827025218977 
-12.13532571233673 30.831021839920574 
-16.503241593473696 9.18583779798524 
40.02316977033024 -48.10147346419602 
-41.41682807426918 22.838267166663044 
-81.4573305458745 1.8820367177172066 
12.168886353334587 33.1886406790767 
-1.5611848071600614 12.151999137604582 
-0.2963004222811259 -17.925746907893174 
-6.210093578550604 -5.677327366738864 
-21.928391899392782 -15.913234285606594 
-31.46632372799132 -73.90277544869663 
-10.823218100198766 -33.022576634327585 
56.154294186787915 77.12282760976836 
-24.355608504457855 23.610015855024375 
-20.17944362675932 28.177189905331346 
-31.89574339730074 -54.93006915395453 
62.33415194822161 -63.71755824955034 
-7.635016821710076 32.080141733764194 
-26.750596670505047 5.321397140992667 
-84.11497609458314 -55.50972673685229 
-34.40860825701072 75.61136713630776 
22.434292077739492 35.753563136035424 
-2.8656273320638808 31.63360338393806 
-28.522770333360796 -28.04045164219191 
1.480077207282121 -31.183801641568948 
26.429483101372487 -7.8419695010541535 
38.10097751902694 -6.042639383945038 
9.731472786807759 14.413855665505647 
9.15085696631102 -26.589489246626616 
7.237625107210537 14.590490011575705 
8.985617905784817 16.074532800673637 
2.6343741620325276 -0.4718872147736021 
-1.1501435445610508 -0.48399508328047025 
-12.516894284243278 22.5346873730267 
-32.17122405184941 -32.53087603300852 
-45.30184833154674 0.4199151723003504 
-59.32466291987585 -19.45291533617165 
6.882268838744817 38.451326220137894 
-2.551392598726819 -22.58455126226372 
48.05820931672577 36.25547612552185 
-58.50941231739696 15.580592497923226 
-1.0686147869288702 -26.728186609211864 
2.098586977745247 -12.116816136955633 
149.01738822111864 43.45110000333938 
0.2579442736791299 -0.13982592090519716 
-20.822017486294317 -38.04850973125866 
11.959430297316043 -15.531497593412515 
-30.770726231958683 0.9423480384183854 
-7.763501156697154 -30.860659063695465 
77.45865032131393 28.54483362342399 
5.172000505012958 1.0490662680560916 
6.284991988609128 39.640894953103334 
8.272336768018093 -34.29771559510155 
13.083383934614268 -32.83310127267799 
