1.0
0.3333333333333333
175
21.02611678830897 26.68378086575786 
-0.5003374718197482 -5.536679581910059 
37.21388143409289 51.53262126302488 
-14.070249439061337 4.23166218588818 
2.655740312100152 2.5086484237430593 
32.33924128214817 -70.95555707015092 
17.95222004790241 -40.69867573006388 
-6.9780320724115175 17.145737417801843 
69.11947110502255 11.515656622721977 
87.66058435137414 -29.555475550079574 
1.1222636589667216 0.11382358702214755 
-11.432357218110322 27.29873745675435 
-1.0481111077739915 4.957469158684467 
-5.057536157767439 -9.620030580299023 
11.76045903009311 -43.86037340415125 
-21.56196748506146 -10.788236646656994 
1.819700379936588 -21.806285705267104 
-60.20535121245998 18.23229291164175 
1.6034228846200917 61.44017226469379 
-6.588874972503722 10.660680955525429 
-0.8139342180968977 3.7335505515632437 
23.13565523222572 6.719009983184076 
-10.231146071953074 1.3454233419203243 
-13.20857178120798 -12.40067271592941 
14.762790495159944 3.538773354792976 
15.99749305778722 10.131176986437175 
-9.101613133384257 11.994686994785189 
-39.76629583084662 0.9967887669376794 
38.50975254075846 41.902417381747 
-1.4556478516836233 -0.6699117268389316 
-46.55293003217866 -39.59714645292216 
2.965604773417501 6.591371472719212 
12.233644186923621 -3.389799462488959 
83.40858661133375 39.989645189299694 
-13.695078403743237 18.71053367186971 
13.561316905563135 49.23615281456968 
25.123788837563456 -21.67226650963785 
-37.33637082800141 -54.610823402091455 
5.501001019096422 -21.339751639179955 
29.76847707464962 51.99242208495112 
-0.21672434568044802 -72.01201249650433 
16.486162503704353 12.008148384974483 
-2.2200778612559473 3.5145396510588047 
64.9919862563682 32.61910033624107 
-2.6364604261045 112.6131216207807 
-10.486642166498795 -49.45424338040006 
20.897971727557074 -51.54988738660554 
2.4208953176886125 -21.796993454832364 
1.981297126656482 21.650025218144826 
-38.76525233595849 63.5900084370498 
-4.1934227962975505 -14.769823135277669 
-0.26792987848235916 5.899550383185904 
-52.315911138945445 -31.826599479670765 
59.33438920080939 -19.884104519619445 
10.541384397711024 60.89996265826213 
-31.911171149151592 62.140057688658196 
7.624234377275959 11.318453790978625 
1.307221395737614 -9.191289351582896 
3.194063037958744 -5.3703123123426355 
-8.98342525219434 -80.30583248916767 
-19.980282324112913 18.06547259811675 
-2.5481034915529612 -52.321899670062 
12.358038443347851 9.346327260757082 
-3.2879177820695835 8.680588668437577 
-25.044688675029864 4.711850882522983 
11.66291528021972 -65.01653638498152 
-5.6356417299833454 -9.474392809015704 
46.45460555735545 52.48930983001612 
15.611477935244984 -61.939997243237435 
-58.96351112542241 23.68285682342469 
7.823152901570828 -40.65111533267948 
36.726005659017964 -75.30404344323996 
-9.138162665673516 31.27518103769667 
-3.5213217842572617 -9.588265409983645 
40.868472233451236 68.75404209152248 
20.907806552045717 52.386215856723254 
-31.725910488639983 -49.883363299061784 
6.808085484957695 -8.922078772235018 
-2.798517931496689 -37.12237871626222 
-71.68879990034839 -42.72405210465582 
-11.430784797013304 -6.582787758424334 
-15.356998207475664 42.30813263005642 
-46.97882226152824 41.11038747435456 
9.897174554301403 1.4102807457015785 
10.030335758204362 -2.600340250289734 
0.4943815394512692 -11.572441641343307 
-59.77255489110502 -3.3973919031886477 
-1.0100787159007698 -6.300970490130476 
-16.511798540552487 16.596646892866918 
-34.2004359159273 -10.81689673684413 
65.82777106997658 -0.9737641172305085 
-16.101069424459656 -14.149082672782638 
-17.96826431047358 -73.65332889752622 
38.55625423187304 30.34992341800009 
-1.694859582366173 1.1890706613721844 
-14.112896893989856 -8.509015896966266 
34.333683638082 34.623395083338195 
5.615939306819772 0.5343358846665833 
-56.61330479669464 -0.3765011351088908 
28.07146030105124 19.108144311041038 
-5.746038794177237 -25.550671731912107 
-26.53280288536504 -26.102012631995105 
1.9706878084506387 -0.10992682054875134 
22.367677680451276 -29.57216182461255 
1.6401997277224443 9.171360290246634 
43.20404160166466 25.654921237391942 
39.5226333859627 -51.604474976242315 
26.924562480677153 -13.745830672493078 
-0.561540032267631 -0.24135883226481022 
-51.90586352798299 -18.48491271098015 
-89.21405609078542 -30.19514510000919 
75.98686192349042 0.21746544654808597 
26.166134427065206 -30.82557993124241 
-12.77056773198636 -53.200572918867266 
-38.06951406911423 -23.366891340095105 
-46.99217808971765 -7.893511825009385 
64.93988200260392 -0.8839609383977379 
21.995503128386524 62.395722162641626 
-15.051272576477155 13.567454013496631 
69.99697863526015 -51.25264520126735 
14.249972612156128 -18.11819487817163 
62.04396924477101 -66.32638229053265 
-10.84308886378605 6.528650799759816 
-30.719727406295377 27.302387242011427 
-23.559899726338106 -15.635223138898047 
-8.414663482486878 -17.61162411263131 
-1.3175581331925006 10.286724326148532 
25.403436576541754 4.879858675792795 
-46.60660612018184 111.64429619529774 
19.956396074828596 180.71962714636032 
31.81679956425333 10.62318815739154 
-87.25427587307482 -110.87702228954447 
-21.694296631660063 33.82783967163676 
21.069155797985143 29.828055623303378 
-14.2748215889635 -22.732057297564754 
-7.5362718672125215 -19.507101772442923 
56.243360970787414 15.013074155407262 
-35.63964387769773 14.54952598539654 
19.372404328190267 -46.54264629584582 
7.227705751137574 13.098470672940644 
16.13031236797524 49.49481344995527 
13.718864685027102 -1.7478478538278772 
2.8854340289428473 20.35183251910214 
38.99912949682784 -21.477425119780293 
19.802647004293064 -9.950710918050788 
-2.7090722171573938 -7.104957756440985 
5.53128132219194 -4.228801568219788 
0.3381645604079145 -0.33515489069769555 
-7.97422625373421 -18.69873554017979 
-22.180939437616182 -11.833892249339167 
59.36910971208868 11.040111197130997 
-45.963297303295356 54.546971975343766 
-61.4331334261608 -81.36795269639876 
-0.007420530092118957 -39.62940213635573 
44.480599673826966 -35.03391032598982 
-41.11617584525906 -56.842680418025935 
0.3473207225928295 22.635469310195475 
-32.664656179584995 -40.48314692648946 
-15.99840285620115 -2.2850059363909394 
77.27686216596533 -38.49204739751719 
11.757968724704012 46.69360702462979 
39.87438710114848 -72.9754015128392 
-18.501346801212165 -43.623125067546425 
65.3183418418437 -0.6590224504178946 
17.30066708516698 -41.53008198404073 
18.997433183645917 13.197639026663317 
44.02582482322826 -11.063726441365448 
34.45287412896402 56.563409416710385 
42.827730726271824 85.80202360376364 
21.31666511348061 24.176829960016768 
0.12611021903465666 6.3767915672963555 
4.030891835635225 -44.75819132412837 
55.81872470261709 -58.346425508120085 
-7.317262114995158 -5.80181983166826 
49.71507896605504 -2.433273106750493 
