1.0
1.0
375
15.82861176350755 22.522296966620075 
-11.054978677134239 -2.1867543448058044 
6.300868417713409 -3.5303671821796376 
83.96236255616024 39.28646062951195 
0.6411197240978584 -1.7861717021170946 
58.98214661465285 46.38260599460883 
-27.324701883247037 -39.851426746383225 
34.356843592336745 35.15123423898498 
6.437611975527077 2.928787434575312 
-25.85529705515946 -25.519979519977213 
64.50548603223206 52.691179942815566 
-37.8839428546514 26.819934682297408 
8.573875047991981 -26.22902324073293 
-22.343304057178063 -1.9476997315757711 
36.285159690917 23.8548641009937 
-8.225254051407832 -5.883638599233961 
-16.384077600816493 -43.09018606104237 
8.96090572228667 -3.2983027772402425 
7.887417188975398 -19.02456021067068 
61.888559648984014 -119.85391230091876 
-12.86188117075754 -31.521010619253815 
31.65007346496237 7.141914625826657 
75.42631145749064 15.037110081365263 
5.368769126482757 -3.7675657538735328 
50.10581407072424 28.376708989084506 
-58.041614518479626 -14.297804510525255 
11.72904217521946 -11.028543415962087 
-7.796469770157897 -5.747543296617251 
59.91940905884005 -112.6573074782723 
-66.33837966804714 3.066863790633172 
2.1739960922630264 -7.3929320460610874 
25.032077701545692 21.33438827400634 
-18.438354792407203 -8.919453182219137 
6.12855260843148 23.49793144700018 
21.289969096689607 80.90670484238458 
-18.948858002298284 -2.5014275345687964 
12.883938224738847 12.23033889823894 
37.549661372351565 -37.65554307567024 
59.27800109581776 59.43863080221788 
-15.113169621187753 -26.976524975394472 
29.74722972071985 59.73558601158699 
-5.568235545019063 11.607994855293006 
-25.868143001754024 8.69573507199451 
10.243957442888805 57.01806083455021 
-10.325220023548084 -115.95008839619597 
18.297746209050782 36.36564748815629 
-1.3455656262731923 63.46303285462987 
-42.864807516147344 3.0327550754670556 
32.784439048896765 19.291209845553094 
-36.74496536445739 38.222052401050945 
-5.390768996269316 -10.619206708576334 
18.278955540249235 12.462600447849056 
19.20088104486791 -21.776610626785043 
0.9885153151487094 46.78154212990514 
-0.21334198611492733 -0.19193745220789404 
-10.872724377359592 13.463803416335793 
-0.3404606093226265 17.726341219926095 
5.556924403236776 5.55020556080398 
12.83769031885447 -42.35500724131146 
9.274043940525178 -5.866160892697695 
-7.2731306533337206 -8.782860551597643 
-86.1141777670979 1.700958799953719 
17.759855039783265 -49.607827396134 
-25.132346555981133 -1.2146136705051942 
28.04890709474847 -32.89395557554967 
11.48238235622596 44.454011151727094 
-5.227317770746152 -17.678634167632882 
-29.288821616146794 -89.8002032033796 
2.9507779306615998 -24.63031678045376 
52.08616635769995 -50.2578314092315 
23.640303596174764 61.50513783459397 
-0.2219030920784446 -30.959660465934064 
-0.03590645345828812 -2.269513297667377 
-5.911638579488811 0.9787347057619251 
17.212821140569094 19.11978440212807 
-32.858989891389704 28.619428331820224 
37.84190562100559 -10.57008175542711 
-36.132910698981995 10.063514979658486 
-34.485594188706315 -4.373535282418928 
81.23653874466086 36.90306665876207 
9.13184865851924 -77.09128366429843 
-14.632729919562026 24.75231395628481 
-31.886092834343756 -8.560480253656017 
33.819464732421174 -40.452551065605235 
2.672088739971156 4.171087416081028 
-34.53902203843204 -15.078918379536455 
17.53110437204275 -11.555977626784676 
-3.1985129255453355 -14.914380250516153 
1.8532003966660804 -38.41647594186468 
-22.05454105818492 -21.1585291101808 
3.356527866017986 36.860084768312774 
130.02119651991538 53.605370334801925 
63.77322883308093 32.484163393327975 
-14.597653160980322 -15.06065691578213 
-14.672529977267768 -31.826372067992384 
69.08498860012702 -87.94891929668032 
-16.567254506857957 35.839311422776476 
-116.90966011545726 -57.707753141604975 
44.277105578371746 -31.897476914338213 
-0.7059380951232436 12.174872368806671 
47.19564381988173 40.60961137516223 
-18.988189101373504 21.41385282156943 
50.58350552577276 122.03090465255909 
47.74530054210318 -30.599728863537635 
11.287303717964756 -17.98376242024689 
4.862168490144408 -5.852859928291649 
9.63495096871116 2.3889459186722592 
-28.42059879496888 10.503760106592484 
-11.827479978254763 14.79359112365327 
30.803208375532062 -10.742735480250786 
-14.724416105160651 -62.51505744486733 
16.710339883435367 -25.252054522060558 
26.271476512770267 17.339964904570063 
-5.094714322400608 24.42317381855206 
-42.72763487791309 29.965533939637215 
-0.8565090649667982 -60.07046484814039 
17.962449742204303 -85.25076915530029 
-53.54861655425508 31.677306086143005 
3.7003184527001376 9.695049085305538 
27.741851798646177 5.855238657472183 
0.9285417269235698 16.338237578020284 
17.551929374699366 14.246404377308508 
32.548054547198994 -27.292171804652348 
31.158580580702484 0.258739000178646 
18.793324473415964 -106.59653031402463 
-29.265989831316922 7.2805823892147234 
-17.223474565675673 -18.141151644022276 
31.282788840246127 -53.30879316382652 
-13.176505450562036 4.627859049861935 
91.86202337707871 60.90639886318842 
-48.785443109691215 -7.44977583286559 
-7.73105505905598 -14.6174180515877 
3.6281714910065865 2.0168471894410245 
-30.807929411021384 -7.108523102579476 
28.918079814772756 28.40977324470383 
33.63081246628584 -11.242020069209103 
14.105880017777569 43.31220724720565 
54.55413151692859 7.681258718681325 
3.845672339026287 -55.155697118557754 
-14.860022134822483 -51.29108495621664 
-20.60793269507836 51.10004947726685 
-14.921533728379796 -37.22606737011939 
7.83734880808008 -0.4448861757338149 
-32.89440792303654 30.786133670846688 
22.81537049877848 11.412489652062304 
-14.646347895183323 0.0652613055845607 
0.8074355970599918 -5.848016142818466 
5.546287709947875 18.736171370642918 
-5.774860613832986 -2.940310045818913 
-8.336025535489027 -19.44420738248903 
-62.87486702524234 27.11836363113383 
56.52014713486574 -39.706784804736 
0.3581406636220018 0.4888494701950304 
-6.664023961318896 -11.227203382631371 
-21.147376497644593 18.160418916258266 
-0.1604210572411965 -9.136840383912142 
-19.160066221024046 13.104629563806318 
-8.442521312532717 29.307875635735424 
-4.103903995195102 1.393535928231471 
-22.6679907885742 48.96311523160335 
19.29610391869818 -0.922338735694691 
-0.7804237966665017 -0.3903421209699821 
58.499444498583635 -22.357230428026824 
49.48642001257324 32.45347371915794 
-4.360327398008944 15.205759252082112 
-8.41464082425387 -7.535166566447133 
9.514041537274263 59.65600166981553 
-6.68247558155771 -7.61363484825471 
8.641964814650693 -98.77780815931456 
16.866222433130563 16.36368397858188 
35.01896220656656 21.243743982611733 
46.7048979675358 65.6005782071238 
-8.65478778702181 -13.183718497605529 
-5.726994586040898 2.02785903856864 
-83.57501169775719 78.98024046879587 
-23.782559278443856 14.965945493981973 
-12.08604379219634 -10.056815590529123 
16.645097444447043 -13.036165785030304 
0.8536202207101595 -3.759062735886641 
-11.524088606714663 11.21671160533044 
8.98527985038918 27.665325849818778 
70.44847275308385 7.714780729800703 
2.022889427375459 35.150120463575576 
-17.21110447252957 1.5949709505424194 
-27.373320800265745 -20.29172603529799 
34.9728013756119 -27.865907272510697 
-16.44410235469741 -2.9271929058044344 
-39.23143514771016 89.31886877100179 
-89.41387431756453 -31.304724947259633 
-7.5961308219359704 1.041614928135388 
21.4531301895267 2.149149005304007 
15.007718086552167 15.190350399325121 
-12.496107755140049 15.742351554574851 
-18.93439511428584 -70.04385259746307 
-79.94564519792925 -146.05727263087826 
-4.293211343803019 9.969175348105644 
-30.652014197910585 -39.559062384898965 
80.34642593361903 -66.09367176393754 
7.273133344782395 39.455114692931446 
-0.764159918716058 0.4967659542865276 
-13.780887068321755 83.87914412463822 
-8.30180920376293 -36.112376008780444 
41.07038266027594 -23.430158838795144 
-54.07808171176534 51.21395341454541 
-3.7751013095570394 -84.50453669885475 
28.812762895931908 -8.408818821854112 
11.47810594597875 0.1457887084808392 
29.96241595209076 26.047580356682335 
4.4155401974891255 1.9311473398968757 
-39.67896666812405 -23.113316820169146 
-18.945056015675625 45.38272557909062 
27.569795420576803 -16.857952605732066 
-3.157144320121386 -1.1906113742352 
-2.3406778577588994 -14.378600849115431 
-13.502043466142844 -45.98549196971353 
20.862698153970744 -24.56987979145079 
0.11379218074002329 0.18645131464827208 
-16.17006276330382 -8.611253685416546 
-70.15625820242988 -83.66819258027019 
-16.104506932601527 21.953721837655447 
-40.69313368036858 -30.628778583566383 
3.90170021512523 8.83622546852584 
-47.15625819945834 38.376111003995675 
30.36029221453875 22.765965830115828 
-1.340594181379355 13.189305068861435 
-47.21691448702018 -67.22052337526213 
-14.484848857256141 -30.8490187154247 
21.727219247428557 35.32046664566677 
2.9678452211684863 -4.713296344392018 
-1.086078498253371 54.39219964710988 
-20.136046754386406 -20.43309567560991 
-10.80024855110126 -8.65568633253497 
-49.00907416698741 18.350167259782676 
-27.060257129881634 -29.89444917795695 
-87.31251449551948 66.70868282160033 
-18.76950505991904 -11.52381925720286 
75.45341101864689 81.08967750985622 
-6.932801818186718 -3.3697938214372836 
9.409217444135352 13.750508529016296 
-17.88447098140056 -25.75743119557208 
-14.14903728663688 -63.25861048523913 
67.93520138031106 3.7723039483804706 
-17.237845033211617 -13.591979311016763 
-4.099127403083219 20.0444285009555 
-38.136934332040106 2.887805224741761 
-22.925512627067448 20.556168284160734 
13.768031728860969 48.46988585886544 
32.25039867101584 -24.326252053959557 
18.944908606932685 22.816869799746108 
-55.59173140326838 33.1124818112355 
28.136094124493113 -42.574508294778006 
7.4372148981506605 1.9763667808721657 
-26.220080168824026 15.884159962680847 
-15.063881493330678 -19.50607470622178 
12.75684571156014 12.662800978821195 
-0.51578277930327 0.013826763969317955 
-36.61610740068876 -38.44563940309322 
0.723372469330915 31.68743161731015 
3.963688828849322 52.02064750113596 
-46.64909628400656 -45.19768623909471 
-3.6659932266167705 6.092728683282556 
-0.24733447421090624 2.2107001097250643 
58.41460655957596 59.963282428603534 
18.58388267677666 -1.596993962059282 
16.4225307692976 -74.84962180632293 
11.813101271711313 8.86813358266542 
-22.38565997206793 2.51348527385344 
6.860119908176971 12.893415418626507 
-18.381384515824465 -20.107310523985443 
-26.595606868070536 -19.741825865513945 
-19.404514366819 -5.366322156642703 
-32.921571186877514 51.4777777820019 
-16.990615975930364 3.5161476078890397 
15.405526705475584 -22.800087697848046 
-0.2676957381165818 -10.240081040888592 
12.90082852706001 -51.97163228961618 
-47.964750093092945 -11.63673703396645 
-13.681872860419558 12.485252093722341 
-0.02366983340903926 32.63342889472742 
-34.36241317625161 6.050064062317437 
-15.220460871578299 27.36159562714023 
6.25572943647162 -1.2644750595596206 
-10.721852375310009 -56.755923004827 
-12.937625515041699 7.01892459845704 
10.77178254192442 -12.91493270317069 
-25.092197100839325 -53.494207733482426 
-1.0321706253236973 -1.781513508686895 
-3.954153237483088 -51.86702113173043 
-25.79435088144414 13.818401619339108 
-2.8605956993189374 11.628437980933475 
-4.482232941970033 -3.9018639735270018 
2.675912897907235 -10.62050936152819 
13.914209876125746 19.854448180482727 
-32.19498986846376 -40.885861089922464 
-1.0019655678139707 0.1756662151478197 
-103.4845493257718 45.47324435596062 
16.467915642234296 26.778885539900596 
-3.539660030345155 2.6589627683204067 
-9.437774300165666 71.20449258773066 
-40.36166631274621 45.55378437861048 
13.5120708641037 -22.328498899047364 
-104.68637085423576 63.788421823523905 
-19.49789350992465 -3.9238318818264037 
-22.509722110243242 -78.94055286318772 
9.264416768166303 -0.702610887935453 
21.11181935180779 -1.062171410597679 
-18.55720890258942 -54.05053566115297 
-26.86017712950431 22.883335235328286 
0.6132035939154858 -38.27963021524719 
-60.879236064332595 57.77694053640706 
3.930885506318172 49.85136290671708 
82.68906574076621 67.6888066124301 
-2.825083353206316 -3.9743351317705486 
-8.960647352318805 -1.3998331050862813 
3.3270966536558855 17.460743201671153 
6.350478547947302 -5.091687320966993 
29.719664319177056 -26.673506441314487 
-37.06493408255942 47.25245481180343 
27.21571400622668 -41.20067004755565 
-12.26494437688651 98.77768223461399 
-6.228459282867473 -29.593428465217425 
19.445759542931395 103.89388832363883 
-0.2793390876609483 -6.965455553709546 
-112.77036782026042 -13.081534289072676 
-32.27725017308629 25.796783086641522 
-6.826160913250193 30.558721603571122 
-32.651705604107384 37.154885016487185 
-34.92718439550639 -43.7166716737578 
-13.105340968704635 24.201574331936726 
9.862009526215244 -18.218978791573704 
71.68393555380484 -12.304640802211482 
-103.5391050526711 55.44918104558778 
-59.14362049139741 29.892337802599318 
76.46907611642948 36.14528799588416 
-14.3310276688185 8.65741674811706 
-1.0210179516383378 10.593609422426438 
-19.640295550678893 86.83668659597198 
29.502743526365563 39.76822680915446 
-11.336323081790875 5.416043805207518 
-2.3771900524781526 2.049418202909944 
-0.672171931148868 17.37207658099778 
-16.952180406898073 -24.552378389587652 
0.4734839284714287 -11.970235511439075 
5.401805378662941 0.5691601606717793 
24.5464750320933 71.26241435207555 
22.65607739253877 -35.84496726687342 
18.77452146809968 28.861741381468445 
4.385549369178427 -9.639415102220582 
21.96515246431411 60.539299790773214 
30.557222615847724 40.72096188219354 
15.172186553354512 -3.3451183761803405 
-32.020104336806384 -9.539497783613989 
-55.53586682907459 129.4764665403071 
42.651533719957605 -31.920922293556465 
41.4121194681138 -11.30937023601149 
0.4189241011585181 1.3212618458831704 
32.673468016538706 -37.27388388699702 
-2.364271272006101 -9.153558326581631 
-27.863895462365527 -13.467012881464843 
19.588835003973568 8.53273788690003 
-45.004016010444914 -30.01733529207149 
-1.5713829273564963 1.218753875106426 
-1.1886776117489768 3.8409593697941165 
3.9270969815942163 6.035634316820209 
14.649742489562238 48.840766719695836 
-43.81719899872005 -43.10093231433795 
4.031713658983973 -7.950874299718165 
-71.88771477790608 44.6049627521565 
-6.591490574921051 45.25222022803762 
24.14477272223988 -51.20606762871875 
-45.316807935943494 1.4624004213894652 
13.569315094661098 39.875407297880784 
32.710219215401196 0.416921085579365 
-49.68341260175192 27.70036693211942 
44.21014822679168 50.58066445646761 
