1.0
0.5
75
-15.83832929038287 -1.1478089504156237 
-7.091074821553712 -27.921824221811576 
46.66977764523096 -6.320372065805771 
80.26044084604456 16.226564753815868 
-1.5039176903226916 50.63637489390326 
6.964527150142987 -1.0827032502170018 
41.29314529662115 -1.5256362527301945 
74.63541657420804 24.700807737332493 
-6.748134998063898 -13.625961716954622 
23.74670388559323 16.80213817897369 
21.615112426010537 -50.75472374026858 
5.7924214660816515 -23.07429647888514 
6.6994179103255505 -27.94475106633616 
-16.465484880089328 72.40567485846985 
-9.165193863905087 44.18740229322054 
-5.057752517549881 8.772084788049527 
26.729959702392303 14.24118995523111 
35.91964314339813 -4.832225141355002 
-24.921795699879254 3.246217536424306 
-25.486196478249553 61.96945091625914 
1.6743502586927346 0.8013933219951219 
-51.32630488436469 -4.771237502513735 
-91.95869226590892 5.171400136615382 
12.34639754209798 -39.55572807252489 
-40.01748278802762 -83.93679350037534 
-4.3223616744020115 -35.74093438192413 
-15.178670551481257 -43.69668199963898 
-22.790910978709082 30.96661897534147 
-86.97015450755787 26.213167914532836 
-56.68499780782142 -8.093616101196638 
-0.5818321519382889 -0.32690619078449357 
-4.222873225938745 8.537316369048416 
-14.455092099521718 -54.577856152198706 
2.303124915692643 3.6167419936262806 
26.540671834381165 -3.837866636869684 
-7.2766787080659086 36.98206527580095 
-42.685159368958736 56.48227069371689 
0.17374212885596774 0.3395497273962641 
26.627873743005836 17.498185858404238 
-3.594498615644058 -27.135293114340886 
37.53108462646535 27.90605424476427 
10.833039740107461 -24.45942121708115 
-8.832813189936415 -8.283693191380555 
-7.440476156035491 43.869904551575445 
-23.489998896801684 3.6322048746926066 
-4.918298429403262 47.189082415054536 
63.38737328042157 -34.30037090440273 
8.79130976996392 -43.3922770448437 
53.081748363700285 -4.766521515734087 
64.83294093518744 66.20081213982596 
-27.948148773033083 31.065656899042683 
-1.4661541805439653 53.45110113230602 
-4.53885610325483 36.906555314612774 
14.01028554129152 -11.84988809546872 
12.570278315469618 -23.582301599853796 
-1.1120892817730927 -2.983431804102676 
11.657520360423712 -4.700737568350597 
18.614270525166297 3.4739059987834393 
70.83160962328778 -21.655982597282833 
38.76044229787935 17.16026053824583 
8.903075425254864 -8.367886374056685 
49.16145688746425 101.98667947400664 
6.126595565379954 10.95310364437222 
7.275754354395256 -32.70888402091642 
-0.024033808469385066 0.009251066529727478 
-41.81874770128661 -40.804519610484434 
3.9738928628633956 8.28573409258368 
-60.042526452937544 -12.879244201643253 
-86.6515514682978 -57.450673798303654 
6.86098739002705 -46.83600763226607 
51.17716002482052 -34.139807589268614 
-80.74462518502632 -6.388290552320191 
28.479361816378113 -61.78130700931031 
-8.366472083047535 2.034438359188942 
-2.4602409832336214 -20.413540734746928 
