1.0
0.5
500
-93.52995323778956 -11.627861948074127 
-4.82070534386655 -33.2446219207816 
14.265777203535308 53.39532053797144 
17.294405635632174 -24.86061414243481 
27.51291832067579 0.021795412580212847 
-37.0876746650047 -73.4446532146816 
-9.174609002457812 -21.558690228371763 
68.26140948147146 -87.58912586708573 
-19.04177478064362 -3.6138956471979893 
9.414858829628152 15.04226232662609 
23.35661133669565 17.76814820726983 
-22.891997018588718 -39.68360567945642 
63.17674213899879 -12.015859520343282 
-46.015894214449204 13.664574680697346 
-3.2615019904688247 -2.362825775429813 
-18.506410227148532 2.70580992640864 
47.15101355757352 -31.14673850046678 
47.68796511412441 -69.74930533277565 
-36.41664665296676 9.190208179488284 
-11.12940956604039 -20.69549540983467 
-38.21801495610844 -8.062041696046654 
43.109829161190135 -94.62837350477584 
17.831820783243778 -61.36621596704378 
7.605914335785763 -32.42575155279855 
-0.3903636069972773 2.227325749847191 
-8.672287522209325 4.661847708294452 
12.828181169138132 38.705622834466155 
8.068566635504808 59.76352686221869 
46.77791605806217 34.31017056996188 
-2.3913915562362873 2.5484701099636813 
24.67357506256752 -73.37385691199478 
26.114261615812243 -7.338205079407626 
-21.75538355895573 31.204466695384227 
15.540370225560387 -12.2058434765719 
-41.74080524383808 22.542811227601018 
-1.1100616030006545 -2.171529753698497 
-8.32290209854882 -44.23159976269366 
-8.498030913998361 5.395255568707402 
8.035399884521771 -1.1465489436703993 
64.44350323500727 29.44761592678018 
-4.756676421425467 30.453787510348384 
-61.40474233161787 22.311383383111025 
32.059945341894824 25.138841053540297 
-1.7829702292933267 2.976948049861915 
24.236377665053663 -45.835576912033055 
32.19260420083951 41.36141636309923 
-60.15913778301727 2.3255829503485033 
-0.5881521751095687 0.23316199354002828 
-3.723538660827689 -2.6592445781875718 
-25.76251068296814 33.72660729164502 
31.212591028465308 -87.93763564732912 
-8.786924717525695 6.524112863153423 
-0.8567451409751016 12.651601654765473 
-11.981494785333103 47.4293742536809 
72.70414583476555 10.032172059547062 
-0.7727889708856477 0.523985385729927 
-36.888400800490494 -4.254960962239676 
36.4826637628047 19.11901043285108 
85.74075425860498 44.245235675636735 
24.541578431431518 -36.23619000461305 
-103.22793983903519 -15.421248390636169 
-60.52118712043089 -67.66051318999511 
-7.964311219113171 16.191142475238536 
-7.332405663399908 3.0235349365729496 
-0.005398355549529136 37.93054408935099 
-47.526720410264716 20.622090210167325 
0.47071547654076284 0.13680452137099816 
-18.65721677396595 7.455469948774676 
30.324350467266328 -8.124576143864225 
52.62030428181916 17.22820039365738 
6.65565846723491 -2.2159887822256406 
-5.507824886685216 36.827539249881596 
-26.10149633504517 -6.463241515044689 
-4.204828764828012 11.335629268423844 
-53.953008586873565 20.261729114812614 
20.6986822324506 -16.871451330340232 
-1.073103368712264 17.502868367708224 
-28.561400112990892 -116.82508565674837 
-23.390113486556356 5.498121586025302 
51.23737444720692 -23.672515892595477 
-6.3189534766204645 -2.6536268141362354 
-5.648203834044894 -64.31559184539216 
-12.9337032063728 -5.61450498573623 
-23.210054487034686 -60.643111831752115 
2.120209656022622 -0.9186899895591709 
44.31504246117124 76.80813930613458 
-21.397554757180387 -69.29696728604767 
-8.633237523440618 74.90795620241886 
45.60779996956907 -11.57909848799192 
6.761629664192865 -14.943973596085433 
18.55828344163118 2.422424004005983 
-10.632104605752339 -0.14517655700632498 
-1.7125836156207241 -14.435804316637759 
-47.46747598847575 -34.29479070744944 
-16.054820155981187 -106.95852626593029 
99.51358986864142 50.7170238795138 
0.15092972720576311 -60.53439236920319 
-0.8714068662557256 -3.5443580346400165 
-0.7557568735051332 64.21168667615551 
19.163820524070573 -52.5177056322203 
28.640351208469934 -24.48619394830228 
4.397607730300273 4.735942612741158 
11.528149525619428 -6.3958501413211 
-42.89500283659396 45.65558429360421 
-1.8634793745673848 6.5318808570182485 
7.821731300444747 -54.244006309511605 
-49.78445531474873 -112.48908727537219 
27.18275283504575 -5.035307176491867 
-11.305091117575268 22.735654353792064 
-67.07321448660724 -2.8999247562349635 
11.506952048834028 44.627210376478466 
35.24223648768083 8.41676083132896 
24.07103378884791 8.580931762503301 
-29.933623843115516 -18.731892550687196 
-18.314486200886464 92.55873551710827 
-8.087161290053904 -9.272257477861977 
92.94602284218462 -41.421526615702234 
-34.30066685050262 -26.834804928609834 
93.06301766508832 39.32127258067281 
14.04974930398215 -10.141755835312361 
20.138929000778166 9.977873672412748 
24.300778753356063 31.819114332795323 
6.23739844229548 -3.949606358608213 
11.999375691626392 -1.0473247625478967 
-16.314922700812332 -80.40435966957612 
-28.23837305728706 64.04841319038533 
-2.699019633142567 -0.8922529794324079 
-36.86789981485778 -11.871115627293811 
-12.281028392038813 0.6119283045651362 
20.52223363718935 -19.304314394137172 
-95.17266850007363 29.84644024575268 
-33.862902732456774 -27.76540855096382 
-25.932848477800004 19.64893817251052 
-34.13154548673951 34.65857904157983 
10.277762659167747 -10.964817255884965 
-62.893642691250854 -71.89959704662814 
56.06289580836784 78.93185528286105 
1.239141940206484 -33.615409730785736 
55.00919947869396 -43.781939246585296 
2.9248054891080595 -22.675634259900963 
-25.872126937033663 -40.86395410706597 
24.907064635637205 -16.960535287644785 
-9.75713874463804 13.276463349206592 
-11.930928287304543 1.4888416392722454 
-83.41232360956204 -12.617299548525267 
2.394693270520453 9.715483721154794 
-0.03602896237551211 -0.24352516360563708 
-11.142467529913985 4.103264290775289 
11.115247507185822 -1.0388344221198391 
-11.237626837863884 -16.839886967035977 
-5.371062927924916 -4.524975445527783 
4.691888327030924 -0.3232255618011343 
8.011063768029324 -50.9498568353478 
44.54155718368077 -6.583880936953143 
-29.005150003727906 68.0518029470196 
49.27014820559344 4.1005632490024775 
-11.392352474805138 5.496136784426601 
-1.08968582392766 -12.28735398507338 
3.459177155637177 -8.166065519333323 
16.849520965811614 -35.85746237698445 
-41.41321801020102 -20.285744003934973 
1.9616221053771528 -17.282911039528805 
-26.416125703758308 -5.218101090568822 
62.963902104429984 13.569300604123535 
56.37477020037236 79.06057512063313 
28.511240356391646 37.35538364219796 
-12.98691318048016 22.38662458985561 
2.018961266029358 4.303197194373654 
22.392001914385528 -77.64571639926375 
-6.053466973028906 0.5346869485308419 
-15.424518808918734 -8.333179360111378 
30.267374050606332 21.392956701402927 
32.896085665754825 -14.74871146552968 
23.2724164755404 0.4790075380891257 
40.967620774843866 29.274574806189133 
41.92386309225018 9.67975339770122 
-7.274210964997945 14.501350422856776 
6.521919012861221 -15.543912380544157 
20.336833772831614 2.2503369246511236 
-87.30080539467417 -88.96826065966434 
-64.7019852024301 43.07618400952982 
-33.260822817253654 3.6146528568844825 
60.02281031601076 -43.47638099747188 
17.946802310728586 36.503572841377945 
12.82959340813166 1.5518212610801407 
12.727772690856382 3.8270503531222575 
-61.55372094085396 90.76621515967368 
44.087785477026806 -11.9131849015862 
8.352531600754618 -25.888779654462777 
1.543184189439987 0.10126027392476794 
43.31120348725778 0.4452029922410699 
-12.058032778141156 4.31825700282103 
-23.010141106574448 36.30294092621938 
29.51002353794671 -82.52147838901604 
-1.5295599112313334 -0.9426859417265053 
-13.860972874271477 -31.56858167355638 
47.15129676826322 -21.57791656165229 
-20.074960359968564 -12.61971287569354 
-20.325918087496863 74.88824238370047 
-0.17956608631659787 -0.5716961265779327 
-23.734097198144035 4.8200117558976014 
41.233254806712 67.34760976401087 
2.8083313099783327 -4.012398749980021 
30.726160588587117 26.566962787743 
8.164325713938405 14.25395399099746 
4.0501575291840926 4.425413830779682 
7.737434472066647 16.399114419439897 
0.14977128662548828 -0.01641600772740227 
-53.076156303265265 39.384138386455405 
-3.635577123786533 -4.934162590984347 
-49.124932184780555 -45.32095806678388 
9.840660496326649 41.55941827854273 
14.029488891604768 4.0686346230587285 
-8.862800617403959 78.41939645894587 
-24.442276907154703 19.210394515103303 
44.245828539516246 27.110573621960395 
-17.46567078740596 5.042053515190387 
69.19871917519768 -28.601498143699157 
-31.795014382625865 -14.740191122353052 
7.0824703405413345 -26.872203099441027 
-3.6100713249308876 -8.460665472452574 
29.04914400676781 -0.9820503706356878 
31.830175890749704 -10.079542035851881 
-60.19410142384992 37.623602943586775 
-59.83666184167659 -6.964355819227516 
39.97626321816142 41.1996265529425 
34.36163001042152 43.593362365426884 
27.231561971110715 -1.3347849705930401 
-9.096047693258145 19.16295798553226 
-25.321863563520736 -13.305158715374924 
2.267628180656112 23.15971754811152 
19.325963261621077 37.12693294306146 
36.46120884806064 27.731075348536915 
-25.948527850389848 -24.461202932350574 
-42.16778415554462 46.34606588764945 
4.733888708396406 0.8322918751250413 
-29.338871108128906 -57.570964601010516 
-46.83833688527099 1.3115196956890995 
-50.13717806130522 42.66414081121029 
7.632931190505373 -1.2886562266904158 
-2.822330875350243 -43.826491453672986 
-17.00073090425438 -14.8834660155047 
-73.9697822487127 -54.21273471526633 
-35.11634954462205 -13.783854442061935 
-4.678251453228649 -0.5031683741143638 
-58.488222333993015 64.63188302639531 
66.79051448774351 62.57659241431512 
1.951725890994198 4.572531704084924 
12.409230352987088 16.97565648168926 
24.962324838316878 -24.117130693148223 
-4.1277277124169105 6.422894941985797 
-25.658339953652845 18.255678691091 
-5.979415200906604 -27.776657349509318 
-44.1948979568246 15.199830831474301 
-8.417573564388892 -12.442142955450649 
90.87299091589752 28.677168179067007 
-8.568190342964034 3.227016650253118 
16.092068587179796 36.90364676700438 
62.345142714772905 -29.875129679979178 
-53.40951389444315 58.11658554224045 
-61.394988226787135 57.547995264350014 
2.0911352479417302 1.306820186258583 
87.09953296815151 -6.778785889196479 
-14.583856918534348 1.0645104644488905 
9.62356686013474 14.902249982041655 
63.12740161552046 37.64564083420707 
32.72436705038689 17.434078852936533 
-5.254907805943368 57.61819660440632 
-55.692706958205626 -73.78070063601535 
-36.18393878704283 39.160234116004474 
29.56617738417606 -30.599378964567197 
-0.8419284222538297 20.93887663498488 
12.207567233797912 26.865250654947452 
40.93869906384152 11.864074189387583 
8.532711367440768 4.816705327976142 
-38.31107840745959 19.14381277406773 
1.3099716285037815 -80.16240815688224 
-7.429210071653431 15.224354369943192 
-3.9148136200706327 -9.292347825926054 
32.18747748503188 0.2949218305110569 
25.149176289120895 -4.370972187115486 
-73.08387769813895 -0.787626226270161 
8.772881338923497 6.440670278664511 
-4.886006227523165 -1.6845552809394095 
-91.85817210775865 33.9118168072663 
-17.12025906022768 29.36374100251696 
-54.15822155944999 64.94963180273446 
-4.241226901322723 -49.89491937320697 
5.441072959312461 -59.484619599232026 
2.6057059584186812 -3.5897276321440224 
-9.534352571621758 -10.500128805588973 
-17.40439355521791 3.0193879911452974 
-39.123748299023916 -2.952038808202488 
28.722797367099346 -45.97777309814535 
12.439567189382887 -26.495713045455844 
50.93444573163135 -11.053961331231163 
6.239135289454577 -14.470700885642461 
63.439285085385826 134.3732230447103 
-49.62947022517603 -1.0867691080967548 
26.324734991485013 11.792590260021994 
4.138290820283443 -54.355433753595165 
-2.2905695941011888 6.538627104884433 
8.15341612159732 -13.105409414490543 
-0.5607908649430541 -0.38236252919748803 
-62.704823374973095 -89.27721535226615 
-0.1840847152814006 -1.4041120509116383 
2.2820359319684775 8.35493953230113 
2.725890487472821 -0.1815436185008406 
20.65440750816946 -0.8957075878588525 
-18.75647791038428 -3.6017812171389094 
7.612219833900356 -22.18782044618533 
-11.361358518277603 77.59110901517019 
29.133443272452837 -96.96517395899187 
-72.53477233458588 118.4978220490176 
-23.37318736338986 -39.58080110572956 
-16.504234292620982 -25.275352242997094 
33.1604460197252 -5.71350838195018 
-2.9988742958391144 -1.700448166003318 
-74.29324213679358 0.8812893587249236 
-26.842858062339314 11.564704032456028 
-24.632168322448422 61.730238456226225 
9.540414315791343 -4.222987438014156 
0.41936313991163493 -21.1717000974469 
20.152381982783304 3.674766921132679 
19.175304518011156 -78.03162189347506 
6.854301525619592 -34.40830439724153 
14.740315444630745 -13.099422056985427 
-41.789350877356995 -13.470776093907856 
12.610925279541615 6.995849048471345 
-47.645038928466356 65.29417969413785 
2.671126950164648 1.2225072704148454 
2.8059639093183906 -2.619935815803179 
-5.998621279518238 -2.7340429987745525 
64.60060772663746 -12.537495784956173 
-3.6521428722148226 1.385926831238949 
8.84671342640997 7.519262500796653 
0.3821176318768344 12.36624483312811 
-1.2852524461941508 -51.35879026769528 
1.0753964189752165 -39.340933132427836 
-10.563645050561485 47.33826020034946 
9.594997918864665 -6.091726576520314 
-82.0082084613436 -20.97838153932871 
-12.37229887647295 -2.9450401380367857 
-35.252717302651924 37.60153105040098 
15.128513047665411 -72.54215976776078 
-28.208968780835004 33.70069619335219 
-3.0873999825383804 17.940778096128845 
2.766195243653858 5.67594092015841 
22.03186078913992 -1.8934901319673416 
-9.997945249432867 -6.257501542490226 
-55.64507539399603 -15.210457363867135 
49.35815287203971 24.929751094595737 
-5.652504624195474 -3.7891302345044453 
32.14301839518759 -29.509656157840528 
13.394970475466515 112.4570811903186 
-6.8290336538491125 -4.577549701035817 
0.11399602094065191 0.8823648073003958 
0.9418249275222421 5.72389729158867 
-52.70327681230076 -41.83282790409441 
-68.49555439178039 11.583514542032374 
-12.962025504532882 -7.848296954526367 
-14.547525404137689 -83.72346730535523 
1.7674569083207843 1.3390117142004476 
-1.112972666470396 3.411481544987457 
22.72643879589382 59.059265580480634 
-14.082729020006756 4.801093236449994 
-14.878571395123888 40.95045529297617 
-54.78648831522395 39.06950668572084 
4.244952322154647 17.395785148181464 
-80.33767102420993 2.6671086836488156 
13.274962935146693 84.50371825125266 
-1.8393506582691361 -131.31338973680153 
-19.545665015520846 61.80098759120816 
0.4592289340315469 -0.788960344161521 
-32.075117083761924 14.3862255310112 
-30.303620429522294 14.493416545595126 
67.68130299715489 -13.261269905511673 
14.363678358080431 -9.863901809013255 
-36.082907283557056 -32.52003415385194 
-67.09719964543501 57.49740635507924 
-76.55170946579165 48.560710508833346 
11.589144344872684 36.85627603677407 
-0.2488457558433902 0.47901031042540004 
-2.949388461339151 38.56445954794776 
18.47557804196738 -11.83956308773828 
20.210255614394832 -49.529080179362005 
-5.992938640062645 4.536280418691764 
-68.52556311670017 14.829301099183342 
-5.458651767509819 -9.408892873780394 
33.81142872918302 -57.39606310867032 
-13.84166661696636 53.56724335720589 
-14.09529389144073 42.49242186500823 
14.841169687687627 -3.3983386185285744 
0.16458274641303927 -0.09594360726054749 
-4.263384449514012 -22.900998546672138 
45.69410625864533 45.38006465546118 
43.69678405497369 33.86854501414179 
3.1381325913138767 -2.13821313533263 
0.16915949341673306 -2.8277800819331693 
14.841457850498134 -6.232517552174189 
-57.25329947532024 -36.70586953499808 
16.767611159251274 41.42699734519949 
29.320426453741284 -16.049162858220196 
-69.40841070751982 22.176498136043303 
-90.83260250346561 22.573136978303943 
24.5571930467833 1.9201162533050975 
-29.851553774611503 -8.493363677712116 
26.459072440817142 -19.986097879538526 
-17.378106698287986 -4.07779298465486 
4.844968467543442 3.5111852073548153 
4.974950965440911 -0.010375854182002054 
15.15417750836198 5.371202378369656 
-0.8027350242136531 0.15413496679828675 
-17.875513000418515 -27.772247811489645 
-23.082151422259095 21.182228122223766 
1.4148773853924697 -27.037055371916125 
-0.4888855872183146 1.5853949996257266 
1.8951335493479098 3.192440150717791 
-21.92731646029778 14.810107332339172 
-94.06506788498646 1.4433694550821874 
-7.391667840510457 -18.37845859802197 
12.939605084181864 0.6343280266761069 
30.88641847404654 71.69162256233938 
-5.640253029769466 -41.214515412286985 
-17.311819029189515 -60.476581228444786 
-2.323578650990384 -25.548576061505077 
-137.4374947843727 73.08143545744605 
74.97166685857027 60.30419061476609 
8.075881742710758 8.724062702398943 
-6.827433996186457 1.4983297971144316 
44.33633052407323 18.68747633682252 
7.10703910197264 -0.9991008297149585 
-4.576037630457052 6.9523376591202615 
0.9432663215675999 1.8635213908861805 
-7.6102432309735875 -35.40000268188974 
17.256758284389697 43.03030017068343 
20.544744009235032 82.06145058334215 
-4.215334524612736 2.1554840894570395 
-8.857424783691954 34.91099604614113 
33.31939343832729 71.06694193461085 
6.203572324730374 6.905764342933213 
-29.26912185932945 -21.181123963064636 
-28.29054828097932 2.145481848446984 
-62.98613726245334 22.710541394364164 
12.568721981804895 -26.961517101103407 
-16.76136455081578 12.421080146804506 
40.62441153136964 -62.0609721521349 
9.507912337266768 -3.038145101370394 
-67.33283145673335 -17.407320139728533 
-8.007440864957058 -11.9764845769782 
-19.385242169609125 4.105706737642718 
73.40894094870794 -24.65615492879469 
11.457894137614142 -13.12649323411804 
-21.91523959463982 12.690439643458546 
28.616731686691242 3.580273422840258 
-22.46634796164001 -95.33413311671463 
63.62673072713381 -60.95184157909918 
-18.612290656004 5.873727943830646 
6.61315338416988 -6.423932563795005 
-13.477229678916657 46.56148707945583 
-8.116052377448378 21.691998158721347 
13.07505704338579 10.552753847787898 
-6.813932345377642 -22.37810669040971 
-0.07757348391861785 0.5652286338361544 
36.8777178667814 2.296873521374528 
17.16281961751141 9.774735521391419 
38.10362414399718 4.732785344264923 
-58.06047323427552 16.6264599342275 
-73.46533452942067 -68.57968450760181 
32.95571109143823 11.376579603683826 
-0.5575240946535692 -13.99685565910541 
-58.29417688584019 -109.56481666763007 
16.392280505169886 32.93010384849294 
21.08861830206876 -39.127013821238016 
19.663519292382613 -26.75963164744381 
-36.42047724981891 -24.08552023017261 
35.55382939425411 -51.3249266668707 
-10.844079666603484 16.3276704699921 
-16.220448135225777 5.360063161655675 
-5.819241618318989 -13.405670284189108 
-2.1050701990531246 -0.9889253787611764 
-5.67035163645151 15.9585380380879 
-24.918604557811104 -68.9686962996112 
54.58482735973783 -24.422216018922327 
65.67551338020293 26.046394828601542 
80.48241179522961 -50.71620712799412 
-8.885929774610416 3.3798062783056615 
52.736994572096876 5.721220552950778 
-36.50559549594373 21.344617591234776 
28.997279127302658 -13.204784803559413 
-23.65820508890015 -20.005978413114246 
41.597071701615576 0.2825248096372606 
63.179329351952 -22.009340440369293 
-19.22750647598245 22.110032507187153 
-108.7690475127992 -13.691352245022806 
-1.6927524655091317 7.550973693593158 
-10.128433530400347 -5.297261574676851 
-94.6175497556319 37.315053177252096 
-46.17118053577935 -46.75478096025414 
1.6961198980820298 -3.0477139688950703 
