1.0
0.5
250
-0.46019968944123874 -14.047750948864003 
23.27361074839904 -42.87822744990164 
0.9349731420193073 47.126202804967 
-3.0510361221830484 -48.81801470496685 
-15.005545458606694 4.368121754297349 
41.73993839056275 39.32095681143752 
6.495711086970783 80.0008291217636 
0.262428286371066 -0.16574849997070662 
50.83864207338832 -12.58675837208728 
-52.69535552843726 56.67340412791255 
43.41047688990692 87.05971645535708 
-70.24025188780529 -5.752284858462182 
3.0044329953015967 -22.302309635803788 
-107.80519970773427 66.4815174009145 
8.188984163152137 4.459119028146583 
8.157972046580843 15.33575787460396 
-34.22266971620733 113.29042572381213 
-14.727023205333404 -17.075476212858636 
33.70217371041432 46.605632185011956 
1.662531932877767 -7.071591143270413 
-15.683120975927984 66.67993962255098 
-22.469832154695524 25.779643088686832 
-47.006343830446916 18.610820840919704 
-0.34606918207067233 -7.802535007319158 
19.767740953022294 22.206978443667435 
-5.987097981118647 -21.77701956545098 
-81.17246829140146 -1.064038215257785 
-20.709142837916595 62.89788330315651 
1.767339435473594 -86.07681582465457 
0.9177133479830952 6.365332598495492 
19.676672618907066 -101.84433581130838 
12.541996604168306 11.54096818689083 
17.723088195503475 -59.87686059424094 
2.952988550079995 -11.233634887094155 
8.95256547830827 -26.8064922289159 
-14.283086555489668 9.133394361641326 
-30.853439476607125 -29.28468714072631 
-24.082800076837884 -59.281114607895844 
55.91594268740133 -12.72832616873234 
-8.71119526964502 41.46445266331814 
-2.135292303044252 38.207538909811824 
0.38086597061802885 0.4717871378074071 
6.151966026940355 19.573848127870157 
23.60407171602038 38.36601041320607 
-51.77575185757083 -3.014240851036077 
-11.275784294574104 3.641325098769623 
-11.702861439471366 31.268097113478536 
22.774138690512114 -60.05917674452358 
55.976269541433275 37.28354579390967 
23.364072984706223 12.884638625985618 
-2.0387461863954868 14.220160169482437 
-5.660328608324873 33.49193117442036 
-27.183412966446745 -35.83581666855374 
-10.053003515660576 -71.2231403530515 
2.1604193419091 23.093556440229392 
57.749906428831075 -42.67213237061192 
-0.9718006864735699 -6.815692429496583 
28.42412314265231 -37.870753089765124 
13.606593714604063 -8.855263983547912 
-50.678145638045926 27.23224635451535 
7.949435408963451 -19.66781243108305 
-85.0293521119487 -3.9329976236437516 
-22.802356535530958 -47.13433763947136 
-0.8334835992760696 15.950457555618707 
14.776036247263335 16.67484697202402 
-9.13377179990931 7.181047139143998 
1.3463082459828006 -3.23803189594522 
-0.9239317342049657 24.600812077984205 
14.166861872206152 -27.020174384619885 
-23.96635866791782 3.297810625210831 
0.1449798898703213 0.2689915756114638 
-41.710685075707225 121.17761691296079 
62.15943027303712 18.408322268263877 
62.26598989348857 53.23481846266003 
-6.5729808757377475 -66.37768308285571 
-25.367600353416893 15.334787481588645 
9.73250813458763 -40.276484602527944 
-45.71508909644799 1.5967401498977203 
-47.96277385945376 20.78798751999327 
27.83927717601498 -49.603104199391886 
33.99165239472238 -16.31823624288388 
3.6491394220771767 -3.9021956691201227 
42.23206172554455 -60.750506379296674 
3.635149916893019 4.301213575570612 
54.73437953348585 -62.154187562363994 
-95.00920072074145 -26.50632729851851 
-44.84197851873422 -90.30982735816174 
10.76853329545922 84.8645385375163 
37.09067052966763 -14.130856008331786 
-18.640977080351906 -17.708060799912722 
-24.515466570579157 29.635550254206205 
25.969556933543938 -21.826663419156827 
-25.86958995802311 -0.21336034770198764 
-92.32042927567582 -106.51610612916382 
-101.12774599209682 7.217152491063745 
82.31617546987766 -19.708066422702114 
-14.628710051011907 17.216333738158816 
-60.40363784025828 -46.57509065158527 
-34.755070657609984 3.642670723641814 
21.859175647522832 1.2190710745565627 
28.34182077232681 105.63179046471603 
73.88405200863578 32.61958213176621 
57.94591124583882 -18.72715009167956 
33.19539999676838 -16.61434512435499 
-34.909380290953045 13.712925739365403 
-16.4457152242545 47.069234228784694 
40.63096813263984 -49.26789194845283 
-17.87567940667041 8.610875623310676 
-12.026632007399725 3.923270399528783 
37.09188757542419 51.75207976343849 
-41.865743491938716 -47.80012280789247 
-0.7227626517743899 43.940228059463905 
-5.862194125515047 64.86700579544726 
4.098925133971475 -4.693351028557691 
-51.22299633364592 27.801449975040423 
18.286274016685397 34.74042804392354 
-6.548086320684527 21.933153720879933 
-34.042241922193526 6.102900603599533 
-61.68878749975488 8.303271512201905 
64.28294219692258 8.507100686297324 
-4.406750536877801 -46.38739819173341 
-10.318387920367744 -28.1758230184754 
10.672527908412912 -38.18561213396149 
-0.44068310158280993 0.9813338642475584 
34.35633315731072 -51.22686865850511 
1.1974580117866478 1.1432413001342192 
11.772605380646997 -46.82933067967674 
5.466487929774536 3.7772289735488584 
-58.539345549774985 -19.342124697110936 
-13.888335599443758 -9.366158122350559 
-13.68327862134226 7.299906210805562 
7.9239454539385745 29.64054951848715 
24.77751342573823 59.58945248705647 
21.73609426155013 -6.051355440318015 
-43.19036925700458 64.9326726523201 
-20.90873940026442 27.172910968005713 
-6.978114881484349 71.40014589253211 
28.708094491990543 -28.036174437684497 
105.50381800185032 -70.61271400638316 
4.393621230935316 6.395423754119478 
-1.2605488561067237 0.3682836833117683 
-17.01726700195715 -8.9459371994854 
-20.472494893679176 8.223809600357804 
-5.738222022901825 -1.1698743711439525 
-48.729683968517875 -39.64336231746246 
-28.42484727860965 -72.73488783220813 
-85.37294845819906 -18.531163800251136 
-4.160078441107073 7.825133635694728 
3.619325420964747 -3.8994447655456175 
-1.0393499623799891 2.165829467992175 
10.997286954235165 1.2197596128224049 
-30.50073890489056 -15.692436041464044 
-29.421596549397677 -98.05159844834215 
50.703338484730246 37.65525165796729 
-0.9985955726187075 0.38357955567419066 
-0.59214536140053 34.51206123501589 
0.5913564150054298 0.7047822178019888 
-37.35791621489533 -5.506573014585037 
4.928097217839643 52.63650349998701 
-36.281024911482895 -57.494538534920316 
61.92419585625021 -12.802187442464284 
-1.5471209602867948 19.84775968336641 
19.866955728112423 19.582242085511986 
67.40521577457424 -89.02459151686261 
3.03256909817777 -3.077758153889889 
-33.74022225996204 20.74146404257423 
-1.5571995746892195 0.18589968327159984 
-1.5432188590333613 -1.7007673977941338 
116.03351706861135 -41.35340352900041 
1.9839299987719596 -2.5104958649424507 
10.431551327788766 -31.167595271759218 
-0.025593197674686406 -0.01896776603479309 
13.223325986518637 3.20512619837474 
0.2580091458791543 2.151048933458077 
-0.11423258840703562 -0.017158606282198507 
-34.246842859585534 11.410731890944046 
-5.890729195891225 2.184758334827105 
-10.104532624511217 3.4394955704914354 
-23.695652433490896 12.606965873084276 
-6.704274664346028 -1.3037465754505986 
-5.076223325817103 -4.838478401256879 
11.85107757877852 -11.150695658827177 
-33.78958251255459 52.806180754621145 
45.4192806254096 6.908762068669269 
100.27059479332652 -57.21644765968184 
-42.26117261198124 -56.31189103873105 
-38.89774974358039 91.2613711496494 
6.627178372619021 7.123807842040408 
9.544448018582665 2.2217417161182675 
-21.27007235726421 -31.290444242792468 
-10.353408502863555 -63.194325402356 
-67.1432121510256 -11.597737467836247 
21.00425717680548 -14.487701478255332 
-38.853993835983694 -92.75213848712923 
21.790679505512998 36.75107412133703 
51.24862828593781 -43.757841317362484 
24.58930130479926 11.860468156881902 
-45.85925576284257 20.502412959037393 
-11.521595758347997 -90.94811351050522 
13.54883935781917 19.002043633957573 
6.998930917723922 -77.32823125695874 
8.009316670937325 22.269485407426554 
-16.802999538836968 -24.302288521847277 
-111.06866814118825 -5.937773990795399 
-4.958411115523057 -19.235605994612076 
92.81390637659764 -3.360048794144055 
-9.681114830520276 -22.11823177925636 
31.33620080604012 -40.7615801671341 
-141.8133124232697 -15.48361684730176 
-0.2193824525643739 -0.3934930474376429 
-16.395223652041537 -11.024193725607415 
2.0098925018996527 1.815537921583189 
-6.165721461470724 -14.072826477392022 
-0.5025335777120885 -2.3041049614518023 
-36.57374469157456 -43.38817363688433 
23.989941098632762 -54.76494998311797 
-4.666317395952224 6.547233526530747 
-25.90705872946981 -25.174336798982363 
-21.267971664622422 -25.46818713651532 
40.91834739423452 77.17424422074 
-18.46154525239158 -19.775540751305137 
-33.1625046870645 33.36773548997193 
-78.66179393169132 -62.17680853440303 
-20.202283127110324 -7.823474764738781 
0.9614182694531943 -7.075741803057134 
28.017996018705606 41.45641615979277 
44.67671956035618 -19.331859598739367 
21.509090463559637 36.85309076911157 
40.79098825314366 -38.458050864899505 
57.63433885738506 -36.27792267707271 
-27.19830016032344 -55.50461082647429 
31.484686847117946 -48.5928373847206 
52.35107410715439 15.835592066390964 
31.025128060373095 -28.536787101368606 
-40.665512486506465 27.02754378541264 
-22.87461828399586 6.023167882654963 
-25.02127057342841 30.01162159599492 
-17.294781755862807 7.42402386324498 
38.17149138278375 -14.166124505337176 
-22.772904788586295 -18.28511430864189 
-71.0549526834006 -57.7825750735866 
8.411988167653506 12.03381140577061 
29.235404289076456 -3.213568379052937 
9.663988242392836 -8.386634345673782 
103.41706402128077 86.32242014398184 
8.537068041153688 -11.459941765872232 
7.626007160847309 -8.355403025546314 
46.17679507006367 107.4363932627559 
-15.568913155579743 -3.209733399806704 
-21.833921910837045 -35.17298505962864 
