1.0
0.3333333333333333
250
70.72292805405851 -78.52944327999222 
-12.392590197779974 16.60055235636974 
44.78577368120549 -5.66529698959043 
-31.66021822453132 14.966577621200132 
-9.490662721150912 -34.69302067784537 
-84.60282863751976 10.196046883219498 
-14.297934644663552 -9.167169156549205 
34.27397453496944 4.754467960409623 
21.219807881967412 16.741553514113654 
-62.23325747677323 14.957763222687978 
23.289850545763755 25.8916886728896 
-20.316107066915503 31.69202564609777 
0.7193632143312099 -1.1754340328010773 
0.6875624735309135 -0.7247688539914887 
3.9833467034815238 57.62412373925919 
-33.61832378880695 -13.78174185543317 
4.4008900659610575 0.40021099362877033 
-38.000686071445635 -19.764430372881158 
-2.1569249898018055 -31.104140898187982 
-6.794726378962003 -8.210079091969893 
36.45773776257569 7.911398102364914 
15.863200708136958 16.760978209951723 
8.733230213781932 4.198833521278981 
24.19478205941793 7.946874351422393 
13.911564364772772 -31.881550197579895 
-1.0530141492427472 3.779283083016103 
2.2588757733682523 5.907945529593454 
73.04516700455615 35.51799795257378 
39.284224342685924 69.48720098409676 
23.984260206238556 56.53584377235702 
-16.254435750496615 -34.2563531341857 
-0.8806347933831457 -3.819771599260171 
73.97091141047687 -26.072669502795492 
-29.644897642818126 77.98575659231685 
22.67623691188517 25.918700499758398 
24.247376519439456 -62.51596371506407 
-44.415984526685826 23.863529894232208 
-17.23993494844107 11.314048122372329 
-25.311844686853874 -3.3158653952462096 
-14.223975138572033 -6.925346175597464 
-4.741887030582875 20.857522204613645 
17.80116344011653 13.733960959110052 
-8.565139039014294 43.68913012958205 
-98.17926196887036 -12.560003096588163 
-23.36219697130488 -67.45245390270355 
28.650677036552704 25.509068983028865 
-59.26112988771784 46.74352606439206 
-79.65549641645366 -1.8313782829006064 
1.936140676117379 -22.924116135022704 
1.3012328086826943 1.535251548881862 
-15.815357898675593 -41.24879683500354 
10.71265516658173 21.647789696594288 
-13.114304108643832 4.86683556434743 
-10.699218843264301 -3.6199095539682093 
-3.5725859290472575 2.0021257204084177 
22.736919807999115 69.15968465269393 
4.659931645220433 4.353597296330074 
3.7113812046065404 -47.763035348659976 
-9.729876572633637 -7.814703360328996 
14.16686930273429 12.732568762273093 
19.26693622806251 44.32232004760653 
2.0864564277137454 -17.401895607608186 
-2.7880646843542705 -4.829811789292623 
-55.7092237179881 -46.24176820201028 
-82.38816410264731 -26.075228617121 
23.872835626573373 -42.445538848738494 
-40.14671214053796 17.728588769593085 
-59.402560879483374 86.78512148979641 
12.141773345635285 13.325109564134523 
-0.7341046082054943 0.7180808762190672 
10.027380982344319 -16.248101880828912 
0.0810636151058714 -0.119070975401296 
-12.111182849428534 -8.644679302024619 
32.83530768233566 4.30065650702595 
-16.815369880377943 0.5390005935845458 
0.6837478939241474 -0.3700644987507567 
38.90164204399776 -8.494248723804786 
-25.01700848977236 4.410463438103452 
-6.98233859850309 29.10234518084673 
-0.7029891730630263 -4.338825941226398 
-103.6698290495642 45.480966365785434 
30.203545849013338 -32.02079487288319 
-65.33295130198809 -52.520539538785506 
-63.98199014880548 17.163459627716087 
-17.69166038838878 -22.277592303092113 
42.69632705204918 -22.574643252860373 
20.328401155015307 -59.49071540332786 
-11.489078203488978 -24.22147137411973 
-15.434363201496268 -55.62900147103394 
-35.069352875920025 -13.750015243237984 
-36.14186537644837 -15.608309009324122 
40.521702941390494 -28.641690655403327 
10.75359873132288 7.982719823904123 
-75.88512129428152 -48.64405379172822 
-7.599971876670673 29.451324228219516 
1.7160279901978743 -4.03537528269628 
21.270786143149905 -10.692043885200079 
-58.32261727698281 -90.41603336780172 
-16.51410130173789 -1.473846753543346 
89.28990855021165 1.061965985366166 
8.572661418414633 -19.755956882987963 
-16.14815534902836 -62.03315350523311 
-10.22296109343432 -19.31964050695201 
35.31906533122608 69.84292009200018 
-9.346780602776875 -17.865767373028124 
5.251732031085083 3.8608813447716734 
29.24542280118029 -47.71548696335811 
-16.47162971511105 -18.785211123468446 
21.751967031623114 -8.430947190764586 
-36.98731216988337 -89.46429703047998 
-24.453601789728108 29.0663735692916 
-49.94539112873874 1.6239839014491781 
-24.530518564000353 -26.01391882388242 
6.376265969375475 -5.135700453173235 
1.0776630586686535 -6.019482569273042 
-15.558957927593992 -14.108827321513578 
62.57443866044838 -16.27124646348381 
0.7586556925248489 -4.665245299317625 
20.13258833045012 11.204686121041913 
32.49336691625839 -39.99120992636855 
38.490482215263626 -15.119550884694902 
-10.460021831704923 -3.8590945362199487 
-0.35883574556039727 -0.5826565390838297 
-66.73654370350158 39.30195688836942 
-75.52752402048908 8.928309794930207 
-0.00882937941239536 0.2964029111346039 
36.22186115457709 -49.02345996814351 
-7.0929153861207075 5.338360796316978 
25.496953957257592 -70.5111834685565 
-5.519133725530353 35.99251690161379 
-2.4236955648972986 -17.728158932732143 
22.33968798650831 -5.791849579187507 
-1.7187242750719365 -20.612946061057354 
-41.09188213331251 31.823967013378446 
8.284407453444075 -27.882851458781488 
-43.28935514984335 51.66483133225632 
62.66730592362117 90.88284311043498 
-3.783262165201726 2.365976496805525 
-14.431234394888785 -34.61080963055933 
36.71173932821028 85.55179436764475 
5.103109021144028 -15.10275510076891 
-60.796820716110474 55.21428809062436 
-0.9321245030977892 -3.3774657471967813 
-56.968680367100646 54.211742259224785 
-24.63685882476718 -27.690584429528734 
-30.926881023849557 -7.762028972747915 
1.6763455894233137 -30.26331123794375 
22.04552890972785 2.801954546569573 
-105.95145277071077 56.65976908148485 
29.751685887129184 -28.920967564708985 
-33.75468090497914 -43.04124474204494 
58.32072581695813 -93.82523712778969 
42.037988307359534 15.31752944600893 
10.691244435830699 53.15804852805075 
15.339816593440112 -4.467106706501574 
5.261993599039875 -38.05836379625362 
3.812329450627289 9.494751338174913 
-13.982584719126452 29.470958891207484 
1.862885971737238 -9.659402376934429 
-22.741683477909422 -30.684792845430128 
-7.697710866817886 -35.55552303951259 
50.680972433561536 -48.695954965278254 
-16.9809565411121 -12.845382877002383 
4.165444886598279 3.9859868954879154 
-42.02704319158301 21.967535542989822 
15.709958347620315 45.43579929638421 
20.69730164823661 20.307820775056236 
-0.7041950025604226 12.611609213106602 
55.44448731004571 34.85355595130815 
29.310257095833254 0.5364000833242897 
4.720545017310351 -49.23453576979544 
22.316961424859205 -95.14692461873851 
-4.788051949495417 46.725025524755026 
18.937477517873752 -45.67170309332192 
13.105756674554362 35.373251072192765 
3.0978453013882583 -1.9526473676616816 
-79.59510827404337 -41.27527517710866 
1.707731193777392 -0.1558304770557244 
51.937646074181124 66.61830980870812 
13.5748752808027 -11.66098327853282 
-25.33396038794379 2.7013985781772223 
2.1506948698905695 30.384579233973113 
-13.479557357010721 35.349916070123 
16.33169547352228 -78.19787749311179 
-4.594077839998307 -2.848167834266941 
-3.1420333122020123 -92.80615373216881 
-0.953221877184518 -0.0660175897952146 
27.33108489665082 -47.42089980880021 
2.0495589180694274 2.506516263196527 
10.65285718475709 63.300312013988425 
-0.7718503557859754 7.602728989103196 
1.2195963606245237 7.370620472836724 
43.637370033490754 47.61689885762268 
14.268639422068958 -24.342223903495636 
113.90758762529853 2.7920075473956434 
-1.4429691436454348 28.988490234734723 
-25.985659669572975 34.94942160001298 
16.701104846606626 88.87725751234441 
23.05571582152511 35.014611272837406 
-0.4324202140345926 -5.550304257628265 
7.799538004841553 -33.868081591182225 
26.596428620689885 -0.18387455602799868 
3.028490898827323 27.575676485845076 
17.991924215403614 -11.577355143043366 
-13.691834712903622 -38.573181957983486 
2.5737997833675434 -62.644204593854404 
9.84446939950778 0.5995191581238012 
33.91801555070297 26.62196442326012 
62.61134080813428 -23.315191632515173 
15.629207770277526 29.413140318385853 
-6.400161809806419 -16.991708748855253 
28.587486962239268 -29.5485632089086 
3.1036527840777124 13.395443184516926 
3.6633948032666828 17.91376643731286 
-34.07915114938289 -13.589438172041755 
-103.2480014105933 21.435039133325652 
-2.956451507590151 -13.72361228646649 
28.014088913040492 21.365741003658314 
4.165076208622476 -44.61335777997756 
17.390294149814014 -23.5848370053007 
31.50400507374729 -52.76125349757433 
17.21044985731303 -29.210186005171003 
0.10838601837059111 -12.798147595075855 
-105.84149649295819 -46.93804736881923 
-25.72033563887814 -11.119962958948877 
12.096012168722078 16.340662244935906 
-7.677063416673776 -10.463891811197517 
41.25526133330739 2.1534703215958646 
10.514651538942138 -2.2129031815337235 
0.01170058992318249 0.08547430459087392 
-9.072198940394083 -26.433485186608646 
-39.88110162224874 -10.450007639028277 
-1.8202967705058744 -6.749209605203432 
-60.54760293913914 25.38166342965214 
-43.18900715830098 21.668346983873516 
51.86637962988468 -27.01571427599071 
14.306449903095727 10.69949131722642 
-16.145516074593694 -41.9066020351832 
-15.677878880223934 -8.305103119099552 
-2.5468710165254254 52.161612022173806 
-14.862151507711374 75.2787310620199 
-6.152258791122166 0.13782686801004487 
0.28838615402516915 -51.77645123127564 
-55.49921580825512 13.666446188050978 
14.146689538214654 1.3513835038225128 
-6.2365096721063376 -26.86630797215956 
-40.822142257146965 6.367627860783252 
-9.303481107463323 39.84568789489883 
-17.48860003167415 -70.89966978994758 
-4.310539139956166 16.496653452406107 
