1.0
0.5
250
-21.054593029278298 -9.540336061530631 
-18.169058641633814 -32.344103993057324 
-10.194222014842856 -37.72134698206626 
-41.11453131440233 -53.17394214509287 
-60.7750779324924 -35.953359124064875 
-23.198613005050657 -0.1430360237297737 
-37.526368874843456 -14.566693203997744 
75.3963939434998 -7.375495719609667 
72.26715098264019 -7.227351867758091 
38.424885072998414 -0.3607947966131046 
-26.819825396932718 13.65198035190361 
0.2089931232171574 -1.5476245011948513 
0.1034210969218164 -1.1428583229924152 
24.400417967813066 0.3199523359279035 
-58.458394486716756 39.28686474599145 
-67.97544739459453 4.866423230235484 
59.10545542235541 -20.976876191325417 
-1.2807190402332727 1.6839131968034293 
-13.238373425520484 27.595153544973638 
35.67297059208827 36.23598825218819 
-14.67765546373453 2.1603158000544185 
39.00012850232305 10.11778741167712 
-0.7204066086242954 -1.9390471601582548 
0.5959337194706754 12.331851096696964 
-9.081885041691224 -7.93863738105786 
63.73059797928362 -27.83338456914532 
-11.230568170784435 -43.83663412198846 
38.74067842473223 -47.92924865856129 
15.995895311682764 -20.360782696951702 
-31.64781838129078 -51.6069740202941 
19.136167104166205 -36.66863215549626 
-1.4929589978291418 81.76527366382089 
-22.422454142235225 -11.80784770223051 
10.4258874817226 -30.754427316947776 
-12.16018975162633 5.155872716395976 
11.769963195743763 29.90230810726186 
-10.8323085042539 -6.482515667250411 
-3.6452152829614 51.57133915786701 
-5.712374284010649 10.862493853876144 
-2.146260928473131 5.13423706136122 
48.10394695298732 -17.408002338041683 
18.77035079748517 -44.654897795748816 
-10.503684630714586 37.25219226302032 
28.778603201754997 -30.910425577283686 
36.473398210265536 38.37622935793986 
18.900323089922157 48.69916274095618 
5.214761942446443 -1.0002010370245986 
6.721077800550514 16.352195171263762 
30.56772328793082 -25.447687719932425 
39.07449165315686 94.5409422796533 
-0.2763432167986838 -0.19311858522726544 
74.92459284876142 15.958216294497127 
-6.044817107503355 -10.23918278065723 
11.97596708192457 -54.31762733902162 
2.2275349245187246 -10.541163355028033 
23.19248600043246 26.62814637150817 
9.034334041918962 50.07541925001715 
-4.202303822389174 -10.774791513980283 
72.83219385990786 66.23087540089193 
3.2361197314086603 -36.02661786570206 
-10.949870068725042 -11.071951890487314 
-0.9260051356237626 -41.38170088362587 
33.21867230413662 31.265066542093745 
-12.247268008884769 0.15850290167517717 
-17.837013284082946 -25.14157177578547 
7.76157058888865 3.967643478613054 
3.897650041343584 -2.9687656917482035 
-16.77003857120629 -26.15439907322475 
1.5647755047856617 0.37707464143533453 
-9.401096551287864 -20.80839549338435 
-2.595527264631075 26.31484207797123 
-7.844517465555025 -5.540490728051305 
-14.304325500800608 -19.409264514131273 
6.800603143285014 15.079961778377708 
61.33410829092521 59.8188700011295 
-8.941846830447947 -11.533602531085506 
20.693029307520124 41.281104487781874 
-3.2894984360820856 19.943609690722855 
-69.19668346056318 11.006203754163701 
-4.584782842203392 16.535682401148566 
5.982132703323837 2.0202035029780308 
-7.606789292907481 -13.811064456143383 
-2.4584578020721373 -2.4001583194402425 
-55.2060409657666 76.09125504825096 
5.373933289067609 4.2388308704407756 
-0.31934151710819747 0.2771266540863564 
-2.469145016048435 0.1518688373669462 
8.154178039006714 12.493245951338432 
-74.31491117685707 -10.440515280313805 
-41.09919807312916 106.48860500309188 
-13.227780512956102 23.598651516781672 
2.9127013806333713 -5.648026774242791 
-93.60167656379882 68.53496732581684 
1.4672733217014788 -6.747954480467882 
-6.270316275545108 -31.66673869105462 
-18.641634085266624 16.07210706763924 
-0.23575112712443805 0.10709218474706442 
60.50432222208433 -51.69817991651187 
2.148779691014404 0.9113082413053242 
3.527043336097126 4.658697561829446 
-14.943165128922585 5.609626957282572 
-30.35978707479897 -24.096369167904815 
11.068152279369274 -24.69900353221851 
21.984533025773775 -12.763930984821723 
-26.31551263391424 7.567151030681837 
-39.32226145716293 -28.886520772928197 
10.355732268082576 -13.634568906518789 
19.42619863891023 7.256083325559572 
-8.641757926787447 69.10958358745106 
-16.27400556886724 -14.630473221745545 
-7.516379050329137 -1.5933748778619696 
0.07742644536568244 4.723924108365565 
2.4682659967631246 11.8621302315819 
11.69222164007009 -20.335902490424168 
-9.426979554001965 26.869355905264907 
22.318400815851838 -52.524189958654205 
28.859276843971035 18.96157788263281 
3.2777770609667733 -17.181418284794695 
20.5307204333449 -25.477720912452625 
-49.77946023943489 -6.637712495809669 
31.08325400226113 91.97902200175977 
17.02531439114674 47.344669234870686 
-8.349542995975433 -3.020681875721096 
-6.666136685364724 -23.877850008279516 
-9.659396389006337 -0.5588182490218824 
-49.169912506437626 10.87667705818606 
-12.03812719767128 -1.4838340230322722 
39.180018889663884 23.98112346917139 
-72.00585697894293 75.53954542627434 
-16.997628841606154 31.211792781435513 
1.6728469075165213 83.36083762186718 
-15.180026365207514 11.895000516411358 
88.64620142394608 65.87304542727074 
-6.475683329385792 119.3594965485074 
-14.023466538502317 -7.127353823765683 
-10.139646992018148 -23.222274734462715 
54.024828347126444 15.241214568685594 
-14.53491066885812 16.770315632202777 
38.940458116762244 -19.153530510852587 
-26.057662380184112 4.246636018981642 
-2.58335075386438 2.924408141588719 
-5.440555568071556 8.512155112117302 
-9.576043220296771 -73.77665600278002 
-71.17683927808326 -21.78152582871658 
13.894166749263162 61.29883988655212 
-1.798998644335522 22.245593721970472 
-42.64090520221472 -20.71092706384725 
-6.217917148160746 -27.935002615808276 
-10.093635044950423 9.56861057109565 
-14.956087242484497 -70.91468401228491 
99.56017116924832 -64.3415870551898 
-28.289992313347174 -37.80416270016663 
28.673466927254612 27.64570582050358 
-21.98089787698311 11.876803566379902 
-19.54327842522063 21.175749662481564 
3.3910647825248703 66.90026765124996 
-43.69049981471331 17.210061056505417 
-80.67463101210275 -10.511301617035251 
18.780937805611526 6.24508020507264 
-5.587746456946834 -13.306896041884608 
45.733248247151124 71.71693481009346 
-67.27570302083267 28.107330424267918 
15.07015941192332 -17.07941494231535 
-8.873896404159755 27.439243923969606 
3.1474941716890417 -22.4657578620695 
48.54887104352556 -33.285881712570934 
-9.064850304798819 -13.345174082080911 
19.8802049467026 5.687384983841202 
0.9366532070251263 -8.476110097357596 
-41.38345362896837 -47.185100564144555 
24.58994877953587 -8.746106463299634 
-3.5587796795061566 -1.4669803197611972 
1.5219241076297445 13.704176758563303 
-50.183740836174955 9.097562175642286 
-20.85332358545325 15.629550866330058 
0.047490958096376594 0.28174695255706145 
-27.434903846396207 9.813213907170635 
37.66089621281979 -1.1325758426911667 
-17.524667934499714 -0.8164174560097958 
-7.475793381716209 -5.247415155231613 
4.558594799431911 -14.609131182924173 
75.63942325572965 -85.63347877822673 
-36.95427825131931 43.558778383142474 
4.209492934370166 -13.419107525499994 
-9.9489909366438 3.9913692848842106 
-21.41979231475686 24.25791018820162 
70.3128665996372 65.20686642604814 
-4.410125015088308 -13.528946835068767 
-17.884166953909375 21.382301222068683 
26.01782486748443 -15.562254982984818 
-3.812201529067943 17.014139009581207 
45.679548300624205 68.19150815564517 
-6.50685592118667 -7.624876156277779 
-2.0157538799155343 50.798140450641526 
-5.133194699797337 -5.017290152762966 
29.997800061336815 59.477469526644846 
10.194405826948618 -13.326669827365928 
-76.98123273385013 -54.62067803977215 
-25.77594603933913 -19.97583486432969 
-38.958706033968795 81.53363071650874 
-22.392590201715528 54.17265830999352 
10.008534548072435 -8.222124682797736 
7.999033258044036 94.41945887027478 
12.841113751629488 -24.840175946930874 
10.269809365370264 1.117218690139263 
1.8934840472092827 26.989329356687684 
-5.266276431875679 -31.69650429011581 
38.03674068726162 56.09697817585046 
25.86875426880057 -86.6314570419102 
3.8270227962256547 5.805198300665227 
-30.040788748676892 -26.642495955182667 
-11.186753783117137 -63.28855453520885 
-34.089270742098044 -42.780698148998404 
4.51556736008496 31.754594947319397 
31.720741694619587 -25.712511142368058 
15.266793798984512 30.744233785884784 
12.979109531342823 -7.406488307879955 
-5.080990165907017 -1.0565056311915468 
-8.582906034591453 3.637848615639314 
14.759394822143145 -4.372068871646039 
9.238711762823218 -7.1418822023543385 
21.29875794418481 10.183621887004886 
72.69944932641677 -22.021296700749676 
1.403864814965388 1.0834473359894532 
-28.098567198060017 -4.000543055235553 
32.76483262650681 4.9567926357308805 
-106.51089894766953 -40.599717276161265 
7.07279988152652 -8.382212803224505 
8.52333963512037 6.452510604807036 
-0.43589816723175945 2.7593572273794655 
34.148552928067275 -19.819392608139527 
57.64391036518679 26.50052540203838 
60.601265582613124 -27.296157092551244 
3.598820452138402 -0.11589260927964656 
3.836537947548759 -4.516330882585437 
23.801634747070455 -11.355300173448978 
-26.841192084603602 -2.8349647678866337 
-5.381375002879187 -0.6800419442740125 
0.7651783135173249 -2.469353408210142 
-38.80274400445498 -2.5603468694220326 
-32.32234529434574 26.45915460393103 
22.282138469647737 11.2959608028807 
-54.372752740608085 -14.812473750728266 
43.52442639759214 -52.73028410899839 
-13.844059501075247 -6.6988664815244094 
-5.67148880201724 3.344901869773257 
31.559064955417046 -26.044647025108546 
68.18577597276084 20.663587679718287 
-18.888178652869776 6.733572043964242 
-10.930846146370042 -9.35611164227196 
