1.0
1.0
250
-18.860397930202666 16.294379491708774 
-12.264296206916093 12.03058886558001 
39.94879101951583 -20.770037393411886 
-7.805416034915627 -1.7427819573416992 
44.85487604832686 6.735775090954181 
-43.013894580343326 17.891875310950198 
41.00589232051212 -27.869553233517323 
13.720265329842864 64.24730178301728 
12.361199860072904 25.335249670833452 
-7.938799249138239 -65.2234416305646 
41.66029877326731 -80.36933107937782 
19.12165067883804 7.625395923773293 
4.457814835245335 -9.482096660029217 
-27.499516775564796 46.3057709605456 
-26.685816337736405 -39.50585241493602 
29.72693380938504 50.28269968656551 
2.980030207802005 4.055228884382728 
18.17254948704389 9.740971094766046 
-7.031824274687519 -2.1432933666034115 
0.20667081888236058 -8.903420056082764 
-24.110144480256007 -10.712378752965904 
12.356316348328527 48.053795728685984 
-0.7264447114834176 0.08247089857815072 
7.762471143931909 -6.544867024144949 
0.6525120947787688 4.095635242738461 
42.029504707695615 9.558254783828911 
-62.58784804083668 -31.38188170381931 
-17.440812989773445 -77.56208688181218 
15.008666511855408 17.320030953750543 
-7.666654598334789 -38.378522111809055 
-20.86800839867839 -54.98640165658497 
-7.4833579811111886 2.6021130918886444 
7.816709005621556 -9.751106452808328 
15.261758207568949 29.47188013157865 
-7.6826815163397 8.964871149305504 
1.2354086761007157 -26.82905215236336 
-1.7332661754433882 -0.13164175655308719 
-56.561109660900726 -41.82841838756622 
6.136641531720116 -11.489148241661036 
-21.366638163499363 -45.51078153041133 
-27.639331980184394 10.150622902344805 
-10.670643541377274 1.0145241425243519 
72.67768684420588 -52.79046981912191 
34.862336335859155 -1.2369913808107742 
-46.281236459043726 -17.71147072949622 
28.966997310167397 14.955454278916541 
55.12433872642936 13.91329095725793 
13.255776639087674 -2.2467041556160305 
12.101620238660209 -7.3098828887921155 
-40.39095939043837 24.408441838154193 
-111.12944243968556 7.071948188002325 
20.57132165657683 -51.691103466611075 
-23.601135672379353 -10.960925080842223 
-19.22258114459544 -27.541391663679974 
32.84332859551979 -15.042233738302926 
9.96764815172913 -29.845403646516125 
-5.223122885912639 -5.8528824144217335 
4.148649946902606 -8.08529703365648 
49.60305174442227 26.61382618823033 
50.13064336242958 10.552456607285823 
26.396116990489176 -9.916502787015848 
9.87602979126825 31.112763764036032 
42.82804206208616 -8.523969537178916 
-6.345785016091363 1.0440866623189915 
-5.945852846225692 -0.8976744828778227 
-3.1326866664937634 -0.9968437434241016 
18.766138451109786 3.1802283499217796 
2.6212482711297524 34.47383932060733 
8.089566743117915 -4.025624363342906 
-53.6948078661527 -12.678475720945883 
-20.647139186713563 9.147425341289855 
7.980924631357015 1.06955635504401 
-40.09069753469381 44.015881111744264 
-12.333940864438995 -0.23382006807102476 
3.5308768571415263 -5.755367347992444 
13.7418214386516 40.2829322538025 
0.8357194678789127 -14.108018030146038 
-32.09775009238244 -5.157348209202405 
2.1187492685844167 -36.576782610573204 
25.639567437700318 7.126553422395779 
-16.002016764954593 15.818126658439699 
10.570748911234041 41.34327913874924 
45.55863035808035 -70.47152289935148 
2.2044986215526308 -24.38264064138869 
38.910144235468145 6.911772611899164 
18.496244951482623 -36.55384939693428 
-19.304643906115416 -7.435488836790268 
-28.873289849061784 -11.564428294223555 
-37.36625854093019 -1.3591849074030071 
-2.405028987700831 -22.330817504656235 
129.5122444625641 -49.41302403086231 
83.17599416191959 0.8116872371295089 
-1.6914577644623925 -0.4719465877016932 
12.523813582904625 9.906729548942646 
-52.16683852786736 -18.74826743972436 
13.409436047822048 8.837643095400036 
-94.45040186302394 -16.772071926666687 
3.006966598282231 -1.754682301289776 
13.501138371665382 6.322576703183509 
-4.473537951739712 2.325093759957316 
1.731023296757075 -6.362542176957371 
4.599740428469031 -6.930190098970103 
-17.364359237956307 6.472783149644461 
-34.82329542082182 -25.427363660804847 
-8.359361058710842 4.303444484169981 
-22.878895883140014 20.66125046627985 
-44.754857986412205 34.12793098617123 
21.62984133727592 -2.9453097201926397 
-27.94061271844786 -0.36215227058287125 
4.750309214662581 -0.2884666917245101 
19.40186500542363 18.9434939258954 
23.27533894928216 -9.818631846732691 
0.7358890743246163 -0.6258954913203751 
-42.53621815049841 40.795179220225585 
20.363393661066265 -1.0872637304479145 
17.142138148621946 37.3030795852063 
-14.940005647757346 12.503854540917025 
-8.252300937919399 13.143160845998818 
-26.22476713913952 77.86713583014871 
-3.108042087778335 0.690685658249031 
-26.44633762460437 9.99467248999799 
-36.749106677347804 -5.166072481999569 
44.38987433498661 -12.5537247961239 
-44.78780713285381 -46.344890154793944 
32.629060725963996 31.596647435659783 
2.9254977799379955 0.5124562418501539 
-13.62881166612282 14.572633065981787 
35.62679651188311 -40.41068804789481 
31.457417014846673 36.328278988155795 
31.360183597000866 26.273009916113583 
-47.30582492347115 8.78400361601714 
10.734892397164742 -10.799568972154553 
8.82428867684682 -34.35098413339472 
40.81994773491276 -36.74451070952334 
-45.975583597338016 76.30398930671609 
0.27460453202002566 -8.00221161638495 
22.407376135062997 -52.66233579659241 
7.629126017486267 2.6575836239468544 
5.9040526076873645 -72.55510722032345 
-0.11931984817642198 12.233281102386272 
-117.17020761722335 12.972752379462513 
4.01386347646942 -2.9796476589580734 
-23.217259419383474 -61.60578593905659 
-5.474711855142585 9.716415305974778 
-0.8236851248665624 -20.856370333266163 
-4.232498080524456 66.85281717568563 
-5.574545093903761 12.850909289138762 
52.653035592057726 123.04003139015404 
19.17001522701691 -59.333169695183166 
-29.596837955058554 -8.464935062891005 
5.958881652993283 -0.6462719818279119 
-6.519101871404328 -20.953279916072113 
-66.21965043975989 1.4533476465140405 
6.910958491504287 18.39442787425951 
40.210688247445106 70.40258247226978 
8.83695192598797 -16.071580467581732 
16.20568131978243 -6.146846575258861 
-52.673824640861646 2.143419005961102 
0.41092601919854704 -5.798117091405775 
45.548307905472186 42.05788896651964 
3.907591287353988 -5.291077417928728 
-11.433603499767395 -186.16964269880572 
17.598308304245034 39.08169823914729 
-1.1057136136539374 1.4823449125249426 
67.80469945995007 -18.747017883763448 
-56.83778465661947 61.92965792778332 
-23.603841031571317 52.062430529885305 
-41.86477669740593 14.758506961456407 
25.110003948675857 -22.091706275160394 
-22.42961383872189 8.410491587552027 
26.378807243919564 -72.17676260271287 
55.756789357776086 -2.8091689687624544 
15.307216284336786 -8.534946427468647 
0.3491610162563102 0.14298479383816237 
38.23226010972057 36.51808876408261 
-28.294601703447018 35.47084860881367 
-74.26062280316977 -3.595038791519203 
14.134095059292777 -7.968106832765267 
-0.15805445204167734 -7.32719428806501 
-13.26661007263898 -8.1721561880492 
-4.884089683085 -17.379159049034854 
-6.146361440244522 0.8851223996613589 
26.73871049402192 27.993995351845722 
16.929852923115 2.4304421096487414 
21.26517802105648 38.494119769235866 
22.405591734529782 7.936638059879428 
-2.1021402704420233 -9.612035977250953 
48.358474734181335 -32.791022711758536 
18.446971827192833 -15.669260978184475 
11.272458957137884 -35.118010311824456 
53.422720146479 21.222982026140734 
-36.9545913132757 22.349251950695766 
-21.255083575943274 -19.537285391697374 
16.98351744535152 20.940084300239327 
9.1795275023847 -20.740594331427857 
13.459573829927047 62.413516549078764 
58.51135336054436 -26.593039373268855 
-1.0587030154198809 19.877934619524915 
4.731931774852812 -23.59685695407481 
-21.127339553733922 -19.735333343086324 
57.16005692764287 -123.7131955061307 
-32.73464056550667 -59.806378406695266 
5.7258442609900975 -26.90017292681792 
28.818205933544274 -7.452214698860666 
6.633724921354314 29.48709339744219 
53.54518013002017 -67.6691620711597 
0.3003157161601585 0.6915299523228854 
-0.039827649370098986 0.18245960488336282 
-55.951219430449676 73.0631495852346 
-75.45110757613175 5.009726952200838 
-12.249820211631326 -3.7103829984042935 
-20.329897235309517 -9.24973574593207 
9.210502130007015 1.3526842338101814 
-27.70726516936031 8.627775212973841 
-71.52153997186504 -54.8872458443165 
-38.89060365424892 26.439623679255533 
-72.36753007127923 56.89491362265382 
-19.758410186807442 -15.493510516250748 
-25.445277695854248 39.798653423994956 
37.9098494894589 21.134249885514013 
4.126890911357273 31.859861904886568 
-21.40082605342055 35.86880061260942 
-8.043796028095217 -0.35390266062858455 
1.4183415198492475 -1.838222405653259 
-5.315398411419257 -18.253431949085687 
-7.254542273280548 21.5164546235549 
-8.977672066936515 25.9985865125587 
0.36829636455492826 1.9462884313966429 
7.356073672270326 -19.19689506132232 
11.071713409031561 2.0743782722927233 
-8.499222847955473 -8.489890405675785 
10.871316592136896 56.4086219078542 
-13.25403401363991 -25.180595651296542 
11.342948070609188 -0.1385238603334848 
28.37243117416167 47.49048296326629 
62.434486024017296 -15.625112295305557 
18.59358960471751 -13.419032990069296 
3.669394901439585 -3.8445304745903526 
26.999738984288093 28.896529918089946 
-51.70234105792124 -22.279130342730234 
6.330674118966496 -94.72626829365545 
27.854250731460866 17.44702561649236 
-27.01380983099574 38.93078252948435 
-8.004677846242528 97.51445662736013 
17.21902155286456 73.10856301339612 
-55.45625188298132 -15.521331123633821 
-9.182438279158927 -34.32360086550343 
-43.18639822972675 51.14494692276382 
1.3966069379794084 -5.285388496803307 
-15.568332257130232 -6.174383516640218 
