1.0
0.3333333333333333
20
-17.786918596780662 63.60198522500427 
-58.67093559610148 48.83674001373264 
11.899732403426889 -12.713308081709087 
-89.69423693457013 -21.15251882782196 
41.712493870639385 -28.388411013466364 
-0.8024796694270356 -0.8457115444836416 
-0.3660188182524311 0.9791405545314441 
-31.78406341264298 2.7898136157287405 
-16.044973579987012 1.1848609838164266 
-27.64384249995531 -28.491376786997982 
19.065441002163023 -39.39321509525224 
-1.8717419985622579 -77.25877899265767 
-13.793008729416691 48.54487281495693 
2.314699725865132 -6.359374662534823 
-22.336422987372988 -46.88954504935828 
3.6172898535590416 53.26216339169333 
4.283553432531568 1.3081576870840856 
61.77631880833554 51.49501589723522 
25.44614413014696 -58.26820114309503 
-19.135564162825784 -14.191515509520451 
