1.0
1.0
500
-29.225429262474595 50.903668455522805 
30.621484015582517 18.159359383167818 
-14.636088808388232 -38.999697322913484 
-40.14558879135178 -28.81628925038737 
0.008341212187924704 5.8012559729169855 
29.07550103529905 -20.266107992479597 
12.892779030273257 -16.66710456825814 
-7.811541844650751 -7.602839802314511 
-21.4230949607762 18.58273685707647 
28.778699635683708 11.963345884847097 
10.528294778632988 8.582157834850875 
5.772316462365456 -22.07544815359886 
45.57110717932849 11.994285379447955 
1.7038542824786995 5.455571836993247 
13.473509848727698 -18.345079174842216 
12.396170753613871 51.77846173262107 
-5.107414938170539 60.465739503368475 
-1.7203018442538656 0.35038186273152755 
0.9993280276155736 -1.3986193330977432 
109.81468481031024 -82.57450505915618 
-6.219505375268113 5.750523321559592 
-123.55339410856018 4.649839645180729 
98.53372435954597 28.56956652524381 
-11.303260813957003 -6.517986070123412 
43.29142792302317 -95.68472306560903 
-36.66587543412978 19.43278333022309 
-23.656765234379623 -80.74255195042866 
-21.709554042846328 -4.5954052634788045 
-97.70139609162044 -19.63835910170009 
27.905479066758282 -7.429973948035426 
33.67129111661874 -3.8940390267386675 
5.935374172080494 0.9334282485142562 
3.6304585785324943 33.61655197922284 
-13.39705710913212 -22.516503318520336 
109.24858087819374 -58.06932309374561 
-58.904349270695775 -29.534343711433483 
108.55049620277391 -35.03856497810393 
60.91150709599348 -23.34990475131623 
-12.144319068502375 18.36685152241736 
-8.207826927582076 -8.602305461316764 
-95.98765271611828 71.19731812663896 
-33.04604805368418 19.420322206196683 
-0.5010860777748537 0.11191148621567616 
38.30744865377356 56.275188784655334 
-11.112939277061205 46.19394397769887 
-43.43007186767829 42.09523668728908 
5.546280444469906 38.842744730964476 
9.56802244891165 4.760893156694779 
48.77850465552075 -14.245831881857713 
22.89244980195832 7.019203811240379 
22.679924810782055 -31.65420388403804 
22.35722634946881 -22.446646209584053 
-10.331876434760098 -7.859110108908485 
4.535178857015003 -19.136030616849453 
2.960440379588006 19.19487543234122 
60.37880868113784 91.49727010556296 
93.32977189724943 51.10291023124349 
68.18476377877371 -34.937524603392724 
-3.477373269330551 -13.68648416896461 
2.437212503149404 -20.706534429772912 
91.29336253629359 -52.487744712241394 
-26.595581440471786 8.901870953659653 
27.323041257696783 -8.842264489806768 
-45.01050028827021 -2.8911486069500554 
21.200075041070892 19.49216986866389 
-27.109335253708206 34.93567403001237 
17.701748380513123 3.639462800105742 
-44.78679333088336 -74.52461221075299 
-4.727542677381886 4.224260659202178 
44.003999614719305 -21.14345801951907 
14.230518593823076 -36.31196432537489 
5.969001586443406 2.128284527548431 
121.15065849388496 -5.735622839354121 
-12.422198413673225 33.42261354818099 
10.843106916304516 4.384264389100769 
3.61785982847852 -6.509709186259018 
-34.018165724899355 -19.322605949302325 
-67.55005160978091 76.80726608417503 
57.301607715660914 -5.118668132938777 
-2.4956841544956005 0.14751971201740147 
-29.181837392628562 28.371863651649207 
-59.27040115453365 36.09670409679136 
5.1060215643585805 -23.811762117629137 
1.7351056111900256 23.291502935328662 
-0.0984609628119118 41.67762273599101 
31.176168769604907 -1.7814743798285586 
-29.47450291458639 0.9240993710345619 
0.3512030282353201 -3.771909814205259 
1.222530038899463 11.57688117453975 
53.592202674063124 56.503768672854626 
28.345217034131775 50.24442235867239 
31.385023148618597 52.75233880054744 
28.95404848909589 9.303901716452323 
-15.164237804440754 -42.109081129085716 
13.461328475859414 33.529216851318225 
27.434362626267905 3.453862253725998 
45.95784717063349 2.7730979889431073 
11.572166584152273 -26.493392332217553 
18.631755391689396 5.283892009101079 
-45.39380672505627 66.30886560496796 
19.2214552973218 -5.93836349651574 
-60.96796136850745 -11.094422127354099 
1.2964226435980881 -14.396579841911022 
56.10388690485802 -7.892781883331021 
24.197326059145812 41.20708227399347 
-29.78019405207002 -28.683552005809254 
-54.856389790615346 32.30772583945646 
-3.9450771278181347 -8.125705157670941 
8.096930248641492 23.717396244965233 
26.19249514587879 14.626252409991865 
-38.47389360492497 43.84421926367242 
-34.1054836441758 4.561448942588499 
15.525341696678876 10.07458209159535 
28.875140473260405 -76.86976898110751 
-39.19516347536279 46.669589918990575 
42.09467134048491 -40.122757513006135 
-73.24464810254447 30.10033193613176 
-3.0984310786382223 -45.75731661870497 
-9.980814146052575 10.064449570840457 
9.172942612126903 -6.325625350151184 
-0.29440806521600965 0.10738912077212688 
0.3893485647597727 -47.87572260760953 
54.99816909358258 -17.470408153779047 
-17.03035220609964 7.124285973601595 
-8.865804698746427 35.93607752112646 
-3.937944130712969 -66.80922095288356 
50.34633368080652 27.15177575537898 
-15.834189343213588 8.510857937266262 
28.323598026467888 -70.96355907894902 
-0.34011234408829866 1.7241571659076773 
17.57183602643589 -22.601710827865073 
-25.222517373786406 -36.279882948264955 
-10.410078491633712 4.1177066783961385 
-26.794660989458375 0.644795925548756 
0.5798776945294006 13.784752975364105 
-39.97209498839275 17.162223426810478 
-16.304266850565764 9.313588417782272 
-9.128669379198286 -22.820986924362952 
41.50684061983844 -82.89802211168947 
-2.4828721268067877 3.066828909956752 
26.188076381748733 -23.294993476670314 
-13.705424453326723 34.82279423848214 
-35.85078307570542 17.294167636751663 
-50.44004711535628 -30.84563476815367 
2.3062086148342797 -3.9254251557468565 
5.482778382543012 -21.72952152979923 
4.988060878417693 -5.115243803590661 
54.40718152412062 -6.8408250880499795 
-14.340319405119004 -48.94402177329343 
12.052113831004826 -13.903336762754247 
-0.1949817403197795 13.322739184393173 
-0.459896026498461 -8.04715654799046 
0.14348799576080645 9.883765118245215 
0.5755842149863653 -9.838339139645413 
-16.445958167802523 14.161504913000392 
42.014034885757255 -118.91661908606326 
24.37674988312121 2.6136995088619295 
50.45436836265457 -51.60085075034097 
-22.15103977635146 8.715179649919866 
-1.7407650208017789 -22.297663616075123 
-3.8462224424574036 -0.3876692278447752 
83.79038682144723 -18.895429225935416 
32.410334363891806 1.201561806906744 
64.85641320158179 24.130067980817284 
35.479010050190304 -9.781035404460658 
52.465852090028974 -28.56701346965632 
106.10867295950794 -60.15644012813829 
-39.82291108504315 -5.618276072360401 
-2.668186412170112 -3.959728951698489 
-21.90217161664318 -102.85682621358193 
-34.26123780557138 19.375815051972406 
13.705428306723153 -26.68259378940271 
42.10247357271303 13.650128661318613 
-0.050584091802560086 -0.9290086040015038 
117.05740851580369 -10.569349062927348 
83.15679153504787 9.975727432912946 
8.293153998313473 8.573635457663947 
6.990834092249507 -19.093902834600346 
-15.977147957560751 -16.1795551385486 
15.22732668932463 0.6793171412290053 
-13.144793413548548 -82.31741740490578 
-39.91581976984989 -22.25395167204633 
2.240825397521364 2.787532610884769 
-11.897620181616933 -23.669772440392798 
-30.52721827168871 2.3120016228744906 
-24.122688916805206 55.027407139101236 
-0.4602229745382268 35.099381909931544 
2.4016497348639483 -2.9662410798349517 
-6.310241279194012 -37.783412804714565 
-9.969325957878214 5.690153072644974 
64.34719440895823 76.47381377164417 
-2.4247629128292 -2.4054949336364007 
8.55514132726103 -65.04144488184916 
-23.217606718291364 -52.67605527861299 
-1.3621497825756355 -21.988549123385447 
-1.7209725692547322 -5.72786115366383 
-8.156445131674355 10.530194394819116 
0.7734373518134706 -4.925752884778233 
-1.290740155254226 -1.2707412227302397 
20.619713137796815 36.43635764345283 
-0.49884552564240336 -13.95797276115171 
-12.297704985336656 3.7445783723485264 
-3.2315885572506056 -25.514471011935317 
4.202928889135459 -9.437064895349115 
61.25499420700691 36.66463007260681 
-6.028703226351834 -2.865203590096696 
15.443709464863003 18.07255563636481 
32.81917376384958 60.787353313168296 
12.772365919842546 -63.52785491213543 
-47.97895813213611 22.884535306682583 
2.82748587921241 -92.5414732532313 
-16.6092675959388 14.353666733963555 
16.0698252921516 3.330133520335652 
48.91095227145425 -13.691332111639257 
7.750926897643459 -19.00793937302163 
25.737834870318377 23.90191264732775 
-6.477059365397587 0.7238301207544996 
-26.08865074516785 -14.361659857827673 
-14.338818145231517 3.23632216103947 
-40.73653187657813 17.47814590942223 
27.911521634478472 104.13970854646163 
-5.7826814448119235 -20.976768071823646 
62.45875041789209 -13.114376531068073 
-4.102366954237516 34.04356392116799 
6.826081339729098 -19.772767160976166 
111.29183292577345 41.46257878507679 
68.54005039274782 72.10800905535726 
18.758626824869292 40.808163338626066 
41.62093381320434 67.37130647600124 
36.597526650223315 -66.28896074158857 
1.1547625723860695 -2.0878126408132083 
11.834571967021516 67.6004784922107 
-90.21006294093694 -13.137715463697319 
0.17513680977628973 -13.644497038920921 
13.015654677961942 -12.737256612917598 
30.833569200533436 -89.50690486012245 
-8.64382108482591 -88.85968775785584 
45.3990775686023 -90.11857407470191 
21.929021709424 1.6344294030763173 
15.46632286093284 61.21585703207444 
-8.521076151432542 -24.606428580420683 
14.4686141409767 11.422386715137737 
0.28009757845228916 0.7608283647316643 
-38.04936795406425 87.57544888716781 
-0.10558517020143612 0.27146436191718715 
1.9558342582907275 -0.018555321728751885 
7.377618478541375 -0.9643789652751491 
0.6770243701143126 -0.6877677116486333 
-24.58274013560964 -4.377123375451602 
9.043896247481081 23.086283740561225 
-75.01586393424996 -48.35051362913703 
-112.55521470976326 -39.22373089804564 
-13.050650629532194 -7.497085467018047 
-17.74546770449168 3.8318943767209137 
-60.709240610924994 -23.30196653161613 
38.10134550034239 45.344845329962645 
-50.32995796286741 -26.0822193686156 
7.059162921607902 -12.445259207143872 
4.815177223145601 -13.530349873645328 
-22.387334012759514 2.1659993834298845 
6.672023473352837 4.311576083987764 
12.491909631359626 -38.438957336420344 
-15.72215636025347 26.724007225248233 
-60.702965265362245 -1.2685089613530445 
-59.37072662368029 46.04190397225459 
-13.530986573328486 87.2910770974873 
-35.8006902386866 62.74332450481481 
-6.763480611119089 3.668745967016026 
-18.07910553677522 -33.00454497316676 
34.628487453687086 -20.09137757987952 
-13.410984519833113 -23.975162728341875 
4.467572660197201 -0.6431671331142164 
1.5806028824562648 -14.961888983104776 
-13.192244569787052 -18.777391262679807 
1.0942684241656822 4.642677605746337 
-5.713306117860272 -33.48666778829918 
-78.6464876786693 22.853734252517825 
-8.797088536702052 29.41451604749218 
-12.994633506733686 57.55424391432349 
-15.613041428380992 0.6203293413552691 
-73.71935425540987 11.986386168395693 
0.289237131683125 10.653897123753481 
52.68716195723774 74.00659760388118 
69.57524112294581 -49.81446875374332 
-20.3904400413351 16.969336877207123 
-34.84196063857098 35.575532930043664 
-14.160102429741347 19.198036378273684 
-4.844303190277295 88.98428162925383 
9.440917038171175 -61.501834777492796 
-46.771581628337074 -41.102716881838504 
11.021169762316404 -15.673218802452272 
-0.4806729007543414 -0.16957850949377687 
3.399513820979434 -60.886801883379114 
-11.21611771889793 8.522096199730353 
-8.890237157350999 -14.040879839654746 
-10.656737255364614 40.378672352609065 
2.4739167873884984 -19.525359589784284 
11.035744020054674 0.20765722774446868 
-86.6697058236138 -6.074084480879241 
-8.173829421778759 -1.6789409985283952 
21.76105650534591 44.18536953336198 
-62.71041354397623 71.17662389956314 
13.964409259423425 -13.115162225027538 
2.5638446690878074 -22.865247979874702 
-0.2026597088614776 -3.4714819421173 
129.17994117130294 38.462616094147165 
8.298126081723629 -4.538200066783908 
15.178597092161922 50.074632641852276 
-23.965113568914525 63.98650038530879 
2.1297672209993834 3.7052055309290792 
-12.792317505358875 22.086205003905935 
-77.57150287457983 -36.17867713854683 
-18.710143795114636 -0.020317781882003564 
-38.235506620767204 32.507965822188076 
58.37868375367917 -34.78413911702715 
6.6139920244964685 7.055316053511744 
2.70577007479229 17.080816200283476 
-42.15080965161357 26.44251133851687 
57.68707484873097 39.349108077142 
13.014150742931081 12.536469533222238 
-0.871711111253663 -0.4828456229314739 
48.41160947097456 -17.14751134470525 
65.22391196746052 -20.17281523394243 
18.753912641459724 -45.97794654145251 
-66.72300161621607 -6.820306591189389 
5.933275306764266 -8.656922908146612 
-0.1824662782886929 8.824243206895128 
-0.7734522803395688 1.9091433456751206 
-0.9110430641197224 -79.20707028803412 
46.609155667553004 -1.7731256317467403 
-12.931271390427005 18.96578402983531 
54.02420871738657 -83.58395178248239 
5.945110719893868 25.471222896387722 
-21.72060873847876 13.074177610411525 
-9.222267445598034 -0.5623768033912685 
-47.924709124443396 3.1659482120651488 
-42.1868762100859 32.95679651698956 
16.1731020646208 -22.970837649038327 
58.09352111347726 54.256401766600625 
33.4767526776369 -22.14216887190673 
3.4366510439185154 -7.260435040790966 
13.204416981990441 66.8651851020562 
12.975465448726158 -20.650985893607462 
-27.92641150271056 11.441958871839873 
20.422793281483827 26.489724063688097 
37.12946383465564 -30.175071163566166 
19.291097885747206 11.261607654862283 
-14.180009711281292 -12.69377319490485 
-7.855448606433569 50.948582736997786 
-32.04449527230614 -1.4745530326643677 
31.78617712265264 26.514745862893516 
3.670947528461389 -8.031185428368682 
-0.3566137851536331 -0.057822268986701404 
56.76350852722254 39.58455491690537 
-7.632233403823498 -15.504362839187557 
24.73551557805914 24.38526415242188 
-42.34376619248369 12.567859855996108 
-5.4821024337740365 -8.560649259756056 
2.953003368685309 3.173770127257978 
29.482611277538936 -47.000476757249366 
-37.32050613279013 -3.0320800532397496 
4.918385938615082 5.396445798810739 
62.44493550082134 43.3326602903244 
-67.03475145810671 -13.333223772894124 
81.23868510885465 -45.75359242415864 
-12.762117189438488 41.33118332170307 
36.10146498286865 -11.342211152246758 
-22.98265542492489 -28.671871444310344 
-40.78360462883811 -11.469045712946091 
-60.00126866868984 -62.06006330283471 
-66.08668438563622 -60.15407600148982 
-38.01568613984261 -10.9721376567122 
7.455782678948478 -74.3221546281207 
-24.536210240039697 40.95458027788708 
20.37073105549674 7.633436475404557 
52.38936711433491 10.58515984903256 
-1.3795597232052192 12.755442957370636 
-26.93112112309088 -2.217905337554213 
3.6964334008752644 -1.1385828041158015 
49.649798368007396 -19.19142705708682 
-6.059604918968022 -23.737390066688167 
39.79291739264764 -28.517154318836862 
35.10472461071908 -27.696633003695446 
0.03519499537425861 -12.024562244463363 
-9.009554811896153 30.119647247715662 
-13.533758367400994 6.61853649220746 
-12.558342463534386 -7.632526378668531 
42.870197062842344 -31.450085416600896 
18.108343642461065 -26.25618440857341 
49.12694231863301 -64.75130167144259 
-5.614576918977486 2.3356191906256876 
44.29492164877771 -15.962372777131694 
14.337828950165555 1.2955421540581442 
-13.594334618661202 -1.5473331938123918 
-30.761107029681035 9.587072897957272 
-26.62596411042524 20.60947263374083 
-22.60922102157282 -10.701591555300354 
-10.170741137456075 -12.656312067131342 
53.021312629904656 5.269617308011911 
-53.26883613993512 -6.313089741057213 
-18.406596200151657 -1.3168572762119457 
-5.729179875721686 -17.23437288062586 
-3.605059001711445 13.074859172331324 
1.757283984422236 5.287283705115013 
-72.17183988147634 -52.769246278522 
54.51724934033634 15.703229617131052 
-84.67771174618086 -15.750682077126386 
11.599515331206925 27.808668232341933 
-15.083528754572859 -5.367721826143006 
-23.8601322154387 -12.332937813310282 
12.558349669358712 10.149116282884947 
6.11925318527853 -108.16440794738942 
47.58804566391633 62.31450247794143 
33.12288900994072 23.426289876561945 
-20.032157448878937 -31.00789821126204 
7.117626152405214 0.7852413500579111 
-23.311755201968634 -20.380147517666913 
-3.7151083592335534 -13.19019890747502 
-29.05695608177269 23.220251543455333 
-61.563647889897396 -36.59415074432981 
14.262277776742751 -12.566264779545266 
-4.896268186352777 -37.57029126046483 
10.143848228432338 25.64077416523489 
9.974532151806551 -80.71227061129984 
61.76162431611608 -26.086064331496814 
7.608830348904624 60.9857902032893 
79.86794618886091 -2.398311291216636 
2.76872697581761 1.8640271042813106 
27.344022636199036 -7.834215258298155 
-5.965096080289376 -66.52529432049366 
-3.0014198797259986 -0.7868035200754954 
2.81386971165867 45.370959709613615 
17.73735428118957 39.61718669865379 
-1.9059389204505937 -30.778059290584256 
10.803808177731817 -37.48915102503706 
3.1859974197377965 -3.6364733559730804 
17.618024034868473 -58.767421457576816 
-2.9786045117503366 -16.244388840768416 
-7.671477189350501 -13.959826050487976 
-4.948034697930449 -4.8027879362728845 
-3.9011861683032625 -30.91441471465359 
54.78232062855371 54.13993736436231 
-8.512037475975802 -23.500924057769588 
-24.409346973353916 8.143821519026666 
-33.51559442559532 51.36486634978752 
-51.48108352278065 -1.2021148991172594 
50.637065960773604 51.805145120214014 
21.091434483533806 -38.7716481441074 
59.130885360318956 56.762048192065734 
-22.58581086787777 -20.407079714258593 
-9.69329388086097 -8.843724278702133 
-41.622017959861495 -87.34908362594555 
21.332862942673003 -4.51114969966858 
-17.396914482896037 21.186864912357937 
7.175229670531715 1.8527991676810602 
-18.31720767922536 -10.419710034107457 
26.082491356776682 -6.378980904504792 
8.156755323733293 9.870849462693167 
23.933151235991225 5.2679984709944065 
13.82621398069926 -2.64452597048125 
-8.1249649022755 44.53764340732826 
34.50778050295193 56.906260148432075 
30.655197069776 27.162859193045882 
5.386562745477905 8.192225380410463 
8.590576896257298 0.9191789946397227 
-4.11018993909139 -15.963736443570353 
-28.229226339266294 23.187067108579086 
-48.86149366847987 -34.86064600359448 
-9.013364567587029 -64.77321546491685 
31.222615585153907 74.44806734512335 
-27.40260938219376 46.38587054235623 
-0.947444209730713 -0.32976603359727197 
68.4008544799866 -14.68798469727578 
-45.573524527600085 68.5157643688364 
-44.63139888261042 29.259746708489494 
20.007319633451075 8.42076755747258 
7.5828311136514985 12.97233389567398 
-35.391541379520746 18.47245659113543 
27.201416572814544 0.630419402242151 
17.006542833741527 -2.0546843155468375 
-6.2998592222526275 -112.12600703404568 
103.47733150566906 -66.4932250191158 
-4.689065112122943 3.88339720006186 
109.34253494317782 -11.93743960285504 
50.773840995297725 -58.01483599341356 
-12.867530517771016 -32.29972552730991 
-28.017897219992374 18.953467248122344 
-7.236171067302851 -0.9341000237799492 
-31.559139000777066 32.04808769714552 
-12.976591764966019 -11.002416514634973 
3.4744878693831964 -65.80251160513878 
-0.48664740819352964 31.509947855028777 
-9.470729490378211 47.72904903677505 
-46.45373609134421 32.46165165080151 
21.56408147109812 34.14073462185655 
-67.02867180046984 -32.44375533239927 
-11.430063858997707 39.16243478389004 
18.60181714567607 -32.29814053638899 
31.29848499899399 52.805533788558364 
0.36352378599613117 -1.9553239356818537 
