1.0
0.3333333333333333
250
-1.0398192670368818 -12.840141671712074 
-54.447048910152176 -47.842184009831136 
-11.891838482137517 48.33252381922773 
2.5553878313025593 44.44856395641704 
37.59345727647153 54.62002222804074 
2.495895048126128 4.426391264501048 
-33.64545352986534 -2.663061305495496 
-10.166883984700009 -1.3121165117475864 
2.3746607994877715 3.8258253305137226 
53.483132803404914 51.97411797411314 
35.921070502103035 -17.615939375810413 
-42.3525598974541 3.7187803510250865 
9.293343027059464 -6.797674436851225 
-22.796320158312714 0.3051479704178424 
6.789626808176948 10.992205120558086 
-0.444418939728078 0.061674296295359275 
4.766831073684006 -4.261758520074026 
-26.329204702493392 50.08372026375729 
-0.9888253531007349 -0.8666059967375896 
-37.21809650029647 -38.586045451618794 
-39.68316634535537 -0.8890919650792202 
4.2925320355454595 -4.607134808264605 
21.76777017164737 -32.43369702203676 
-17.639486444969926 41.9438802145877 
4.20432703827121 -21.579878033304556 
75.49934755770073 46.77426103955797 
-14.231037323783438 -16.09487923117174 
20.082669029646045 12.459278486304173 
-18.370928949611972 17.472082649522985 
31.020440215682108 -37.51183220445124 
23.632369345628806 6.662700814754224 
-7.555035647100243 -13.800923679725136 
62.15875143623898 -32.99417664472611 
0.28073624980840217 -88.66867297531148 
-18.40421705037099 -31.809211353011165 
2.002280056834734 -6.833378022580295 
1.6131783862613973 -0.5523295674557053 
-14.023764085266341 16.08796597018216 
22.2237154440914 0.6319586139950335 
83.16380118408948 -10.50714781197939 
51.96937989949499 -2.476443781944157 
-83.95655152869574 9.058282403846167 
-11.752069917175284 -26.875410511123995 
0.9066233093337642 65.65958661841033 
52.211536443387786 -17.423151892151214 
-18.08003177428012 43.899606157090766 
61.0047640012796 11.254803697665041 
8.116449556675068 15.004626203093627 
5.541254412574427 -9.547656677803603 
14.741639221358973 -76.9677875656144 
-33.90861358905969 -31.42785368596477 
5.458679882362044 -4.727237887950881 
-18.591182546141063 13.922267240526104 
-1.344303542534763 43.52854333239509 
32.04954671620878 -12.311643514697131 
-2.578374373001852 18.16903209958865 
-16.9035863399018 -33.18662056535484 
9.456343251776273 9.63871342255616 
8.579210484124541 2.605516501356714 
5.193761972575368 -51.445998767940324 
20.85912804347043 -61.891765197663766 
39.98711289833173 63.42958880435141 
-21.18933103391757 -5.071499439937989 
42.16997962552615 38.62787521100871 
-11.546099990066415 -1.8107453172545414 
0.6969579879369753 -11.984787782951832 
-47.543015809266635 13.61750452321855 
15.755506689470833 -56.11363458920433 
22.56359148263613 14.818674677064617 
22.447512048794547 37.78128681619752 
-36.73595878300969 -50.81743248308744 
13.373939070354663 15.278765081328983 
-13.391711012471163 -8.397620897538339 
9.78629493375944 1.7408160806351067 
-10.168081512002848 -6.17760846044379 
41.43554580527393 1.0235969353658594 
26.69673080101647 -70.97633391766256 
-64.89547229735332 17.047588374393342 
-22.821442196773408 103.37838121976333 
-74.31705199199439 5.199478712477096 
-1.3756174273485167 -17.077730907278138 
-4.004193944720538 -14.744757508482179 
8.234103929506409 -0.4806847390498366 
-9.981423244873431 18.05957892654765 
45.16000102535452 8.079012393640383 
52.9356559976418 -3.3926458791223504 
31.07314495042764 22.885048784237497 
7.877052289864011 -2.9919817190896816 
-5.5000318236961565 -87.60428003604949 
-10.336854976544826 64.68214767757527 
0.04000908479271604 -0.017681900681040127 
38.29986772265705 -12.52819083670681 
-20.370458487041564 -14.521373931372338 
41.84104113409451 18.41085496559443 
52.56027449581382 31.241452926373682 
62.84400602140856 -10.350357764344368 
87.20645744050833 -23.274066300244044 
31.25846659040133 7.555324534442668 
-7.634933533234336 -8.678616382762401 
-24.091950613692422 -72.005426250027 
-35.27729186461182 9.845225451200196 
29.807574385075416 21.577941913527674 
1.0165779099998797 -22.306913626209912 
-2.727222908387096 0.755932185977557 
13.953072112873361 -43.621756842913236 
6.0734922528981885 6.248548215181768 
-17.156698572743128 -8.383547838192642 
19.811703862496273 24.681627124945322 
53.21425545450066 19.507016780874633 
-14.891989477026344 -22.119689028441414 
-6.580521348913714 10.165536315146205 
-9.594535538207152 -22.31844964069717 
35.14008512349102 -13.3366424979647 
33.18040071052272 -8.727612901793021 
-9.358524412733384 4.5971135351292105 
22.569111296775375 -14.884094014699686 
3.9881183281971917 21.758037422126694 
-78.51032650289828 -13.260326458349779 
12.28704840477548 -32.03703460271251 
28.167545017966315 38.694773157317144 
-38.882047737237215 -2.846718356897067 
-69.30505545770728 163.38432214643782 
-10.72508596211954 12.01552957810165 
-55.81759803141738 10.362007553390042 
33.05587684674066 -2.2751057825235073 
-38.32560535184463 74.40464860309844 
-35.04712362113411 -0.8227057498664596 
-66.31345253038104 -22.372967911237055 
-10.949959324517202 21.598514810275503 
1.274088420619236 -7.963506798498704 
14.532398450141889 19.24858435724296 
7.008469241272941 0.8483362400164277 
12.994966465382563 48.297699110766274 
-3.01613189091954 19.36834124234254 
6.2152047840924105 9.012905214812475 
-6.112049695586023 -2.0128780612573283 
22.51198221735882 -0.8794506549803631 
6.409760288958248 -62.002161856785776 
34.87534753973431 -51.08671876924241 
4.358756193444412 -28.562386279124382 
-26.182099210154085 6.905915560661812 
23.593790213494607 44.44973334493698 
-9.444911732897923 -11.982404689303118 
34.53139351825248 -31.443675163757515 
60.32852467163462 52.14844017557858 
-36.54613979342618 -19.048339596478087 
-73.39654574807896 -26.200574778596486 
-11.608858157962501 -27.89376813514529 
-4.163454473769046 -15.007575398818448 
6.7174987054221855 5.944698069085959 
-56.4517346569737 -24.919999929416566 
31.976212870441653 -75.69451876914538 
33.06940778809197 -44.63403619265766 
-43.61102222027348 -8.759115563955708 
-28.454315344050627 -22.116876526000908 
8.133941736349945 27.578718266820484 
-12.96833327570514 -24.85663581864403 
0.41145011615475957 0.4121813107791828 
0.38769562067571633 -16.208573992470452 
34.966528475115716 -27.153446469117267 
68.1385336014795 -31.165098192728717 
-80.4400942658561 -0.026521863179315257 
-86.81062673362291 29.30178215381446 
-1.7351656459597133 -8.329140795435855 
0.8407713139563459 3.054604984801329 
83.75642242995725 -101.61648831209301 
4.035679603736669 -37.51669941794419 
9.273512335912182 1.1597994311984443 
64.44058003511059 19.61377109214286 
-34.48438165675181 -32.70965070061635 
6.536888270063213 -31.587909099689256 
-7.8775601421659545 47.40784193314571 
11.53153826422628 4.2173472747460625 
51.60095595965877 7.790349972477998 
-18.52042812445334 -34.075174654587066 
-8.771644785159467 1.6430407545725334 
19.74044563243968 26.1124980416396 
-93.93248545673893 -27.262958779647104 
-40.55325320080689 -55.5188316806604 
3.34791162863436 3.162953397878845 
49.29030046916335 27.69369503913437 
-13.766443224778225 -2.5222855967250517 
17.948369216577955 17.303605739140316 
20.55733318380453 -38.38588643023116 
-5.2090929926002705 -1.9808359709173458 
5.1808981388619815 -22.465787110644026 
5.553712867449098 9.91644300364418 
-2.919261698195896 -1.8171853717314181 
37.2574742677426 37.58518512758089 
-3.5946132734540246 1.6580345413355726 
23.47556118592358 10.925315314553236 
-14.850284517419258 -68.6623782579326 
-35.39406714362753 26.84506372426636 
-8.848951384689324 4.352175544331818 
31.185986488708398 8.240536857361194 
-14.181102752983348 52.84204866486737 
62.353513270321564 -5.208949181186772 
30.747335098401418 -42.79112397352047 
-11.187805532355199 22.05965658768121 
24.381416434015925 -25.078079568936946 
19.76103480963575 -15.10595131812771 
54.93301395496241 36.89190455841409 
-3.7191582310737856 -42.70274282359448 
51.58268544053385 -4.088849147478643 
8.174857993194308 -68.52138248580704 
-1.8174395913857162 -16.986343760808147 
-9.037005012137826 0.3900855338318198 
-5.011823473950283 -0.7347287273929377 
-1.9855375794492105 -31.88179098449504 
-5.355274957028766 -4.522838069780775 
13.787756708470997 27.8881509217177 
-6.711438602051726 19.853553199197496 
-33.618313642785346 13.429885968452979 
50.308143680166744 -2.691027727447821 
-2.642259197685228 -29.047717685765207 
-78.8292435330092 -49.35517526664987 
18.8483384629129 -6.852646660756002 
21.24007373478585 -6.564458727674567 
-5.632202240582392 -25.870881987121333 
-119.91287840881522 -20.58287689102107 
44.77431427698485 22.927267365130007 
-8.676605262101894 -12.581370149055386 
-58.39295030261321 -27.086570446980097 
-5.476155015273414 -25.740678906756898 
10.569482305771114 -25.1177972471395 
16.221889757275193 4.320129747658883 
-10.516477759983406 24.6548191806439 
7.5516609809495066 39.35219969278196 
3.2356779203216015 16.049113625901548 
-14.334088299176944 23.489645073484095 
14.314421267343707 42.40680150654454 
85.13649747738249 25.978742933998756 
45.56139099797502 47.11557194782344 
-43.132652791574955 -29.163842358611582 
61.14815202284032 -26.20992315574289 
14.270550365230156 18.86181152758613 
27.48845161910714 32.898626363666565 
82.60369714681195 8.49205232738913 
-9.920840263557517 21.04175235409071 
-6.779973579556226 -6.449973260033473 
44.04959831329588 15.797660701228647 
-23.254500081375355 -62.4666099818733 
-27.60492612163813 -22.90563655005013 
3.7616344713229806 7.867334372194296 
19.342762918837252 26.67313944790055 
9.978412417538639 23.53798912460038 
51.21459220586501 -32.40605088760477 
39.12585568917299 59.41653120085094 
3.0942699284941133 18.074474008498996 
17.193123141639045 -10.833572074214775 
