1.0
1.0
375
5.123259709379237 13.58949298124162 
0.013312151635001676 0.022849049993581845 
-12.409681908101852 25.257080513114797 
-8.928376749093747 3.710739817650786 
90.67034093766156 -20.775508557529747 
38.41118524773274 -45.230533870124994 
-55.57549451046551 -36.46882531386436 
37.85330061652221 20.804630691622265 
-53.44317561668424 -9.120988816447833 
27.2339340017473 46.90619731584785 
45.679987675120906 39.47238071766238 
33.10237197341695 -1.6116901622587712 
16.585038093041593 -13.86168114302923 
37.10783625103577 38.75495992187527 
-37.67001971821905 -22.062861285677933 
48.23168832800046 55.225868705539206 
-7.310395194569375 -2.4123692918931825 
44.637878619971445 -8.987512014506665 
-5.663752063852832 -2.2209044276717016 
9.680733082418126 -12.950955841069378 
2.8378905064177142 13.865132030061318 
1.8482726105321023 0.8489459231285064 
6.08921822849053 9.507268870866824 
-6.11582522243437 -12.732472438497023 
101.1604031743078 0.2791261542114265 
-15.610272453531433 -56.023677618635304 
21.804075742821098 70.14165059095131 
-16.758719625386878 9.498421495139445 
87.02581645295237 23.174832621066322 
-42.90604122440401 -7.930660555692204 
34.43314775243073 34.19624228933957 
6.754680265165067 -17.8019062634826 
-2.5063380037328367 43.174693942132215 
22.227133681841508 50.56491128591269 
1.9436502103196578 -1.5084337002823762 
-18.2493348451864 8.005542321957043 
-9.210211349290203 -4.566089290816528 
11.164693432456577 60.82258316596008 
-25.051055069865235 -6.98535973966201 
39.268073083375704 -43.89605612445672 
-12.817667122092598 -16.598684152698336 
78.49921820973482 -7.35533915722512 
15.746504755276906 76.4672212755897 
-28.972687051013892 -0.907810134762261 
68.02300924939051 -13.991051296970106 
-19.218836580703265 80.40809154713105 
-8.497352584837731 -2.488275123812376 
-3.7993896873140485 -17.386503214011192 
-1.9556930458054953 -6.530000431103605 
-13.752191109489575 -58.986720818693534 
-67.47158792089274 -32.76074405694009 
1.151437213400574 1.1893049383754983 
4.006520542892508 -9.63616804958585 
-40.82905082775115 43.31795117845225 
-29.311313461099015 15.105946542487944 
5.916908055637525 -4.508218756398852 
-81.060080781317 56.35916218793695 
-47.919156550194955 20.113259493715933 
0.27590594696124293 -0.2956750544472616 
9.876171453400428 -45.14478880615274 
-42.29340550867755 -37.158216049726335 
-90.168287164602 36.58610388453486 
-44.415764492999074 43.31502175511983 
-0.5643707240750961 -0.10996593966017514 
20.55392026374445 -4.540135899695439 
14.09498422147669 -2.6972841272678902 
-2.142858339743219 43.46743083843343 
-12.618501231510638 -6.5628981454336595 
-27.245294376620002 -5.753160758788234 
-15.969460301558257 -7.4753687023836495 
0.7929990806388103 -0.005096523969152449 
-17.853547455368687 4.051756392424162 
92.26218441928148 49.8596985713788 
-17.858673800311134 32.03872452986475 
-13.286568729254878 -5.258478032988544 
-9.301725379210424 -18.998531444229105 
26.55556223282383 43.46429662087767 
5.897740913158572 1.4553321328732072 
27.48889596871695 -20.96944684226791 
-14.221571893623612 -21.05661328259235 
14.662964388834936 13.61874488193945 
-0.9668287671525981 -20.48408638092069 
11.978752216775602 -15.864723381787002 
1.51972347653677 0.5847847340400346 
-1.6341124982541306 14.705227595435696 
43.0138535939358 6.089932122800942 
-8.310995145350978 1.6593910168924806 
-124.61656615698541 -5.72465979252522 
-17.763835407081235 19.64287581544683 
-5.718856505741931 -2.878422997481437 
-51.35887518657526 -17.8401161452541 
0.9474056985241649 -10.896339111502815 
-1.9212107472897957 -57.38377652763551 
2.8247241688587894 41.33380472115238 
27.623833387517493 20.609229194426522 
-19.08520846514548 -49.62669495730393 
62.52586996768885 35.2623429725645 
51.238352207435426 15.956002718784777 
29.406563635058443 -21.441659105661916 
-0.5126632137199467 -20.76489409229482 
28.501749595418595 -16.11078095313907 
21.824222858208223 -12.690824340393252 
-37.779030889404446 20.788673831311737 
0.4368352555232932 21.98789469143225 
6.941830041288156 -1.9107460631606197 
7.257570089582153 14.058056637886011 
79.99041398104006 -70.29539785993737 
-62.64238592697927 -81.39202421209141 
33.35113586370366 -75.84361769950632 
32.678542246810345 -13.219695746203454 
-36.93183645398747 -27.523956999624108 
23.170411509256294 21.09612125797835 
31.103533848270303 -16.831321621232103 
-21.755595503043878 -41.187777108316574 
-12.179390412369171 40.21069900229681 
32.36921670724641 -45.58999030655247 
-8.001191076770244 16.58909430976892 
-67.81008836480488 41.315135010067216 
16.583712830510542 32.219544250818416 
-7.431755910136046 -44.58246698713002 
-5.937762616124733 15.355093283909577 
46.16234718726757 -3.1936950841566825 
1.39718898328966 -12.072741169158554 
-13.225739040136862 2.848015274064958 
-5.115707491320125 48.2821043425192 
32.48804748611002 -75.40507572635885 
-18.074206134699118 24.356488410944866 
42.16488214751434 -47.07172342939994 
-51.67328471677881 25.250241978488145 
-41.679937594038044 74.10622113780964 
62.410352125835686 -40.3998555356082 
10.927087036231319 -8.335475884629664 
-13.457275839996894 -25.16548571915629 
-7.4918335226189186 -10.97769912986502 
3.7072432028483635 16.57015998211656 
11.11948999711497 -6.592513752381015 
0.27495351603326773 17.79314425313182 
-12.459665550257004 -16.258559748181906 
12.452077298492302 -4.329000773302005 
40.79357512450085 17.519897166051873 
11.30879125732963 -27.23897296967722 
16.436993173967586 15.488027566651112 
-5.629146536861794 -40.461811324145316 
78.82604557081184 -64.60528883736443 
10.97897632405818 0.7610062923101206 
-28.87494593958956 -20.747364990117156 
-19.49027041980385 -13.97907875971532 
18.89087138665609 -1.318097522276201 
32.24546254727298 13.360706091480848 
-1.7042808765107944 3.2633519314802286 
43.72921753348752 35.23382668581709 
-3.2780423137048134 -8.011218187021429 
3.005567802680522 -1.5935256550921981 
29.94544647651639 -25.8045618953184 
8.422925950231829 27.780261603844703 
9.81384124933662 -66.32211865508869 
-2.389845973961368 1.094355866622765 
16.922224736437098 9.096772125564417 
63.66753933656892 11.808358613750459 
11.867279357586296 22.231494135326272 
-25.73685314142011 -1.557095429883604 
-1.0292796516086093 -13.939284162613712 
12.152839060911946 -33.321341992385584 
15.120715556675203 19.863139861864475 
-48.56892716076353 22.1001820265258 
-15.222198015272337 -5.347398190965356 
28.909090334203004 -32.870771288163226 
4.453834542017398 -6.845973892637463 
1.408693783746548 44.241298569451544 
62.41806193907283 -35.791712852868606 
33.23960217795688 -51.79181831880995 
-1.4804601567209128 11.911260280409774 
-18.792153624416375 3.621746268728777 
-70.09326943716812 83.24000840443392 
19.637395069675325 41.951925314718245 
-6.512214166387065 -14.728728674184314 
-68.35701667375866 -58.16240497403864 
25.39288439489838 -26.692259373895084 
-43.04982831374278 -18.790484161698377 
-6.066208298804364 -6.838093348757826 
-36.66611920058674 -2.7506025342508598 
-7.087905082638456 26.345573241604008 
4.2380890882134175 5.528650599209212 
12.849724675293842 13.169634312362401 
0.21245798960913206 6.240098186087727 
-16.899433121623293 -28.582087475671024 
-18.880139545870698 9.797570255975224 
29.469177690034257 125.18860802939018 
66.78491854839466 -47.6003963040756 
1.9628317962472492 0.32927778706988037 
8.117279461874064 0.2585429435164056 
37.827712641278175 -31.773874479608555 
23.73568418149725 -1.0696436219953818 
21.143603351788556 9.49919175573998 
35.82909403841356 -18.434994021157515 
29.52299957531261 -48.67521381518696 
-71.82384589724528 97.45631323215754 
13.12439844534155 11.322907712169929 
-7.0441662288391855 5.2206549986255 
25.583246812768834 1.633152005946102 
10.376052183485873 0.8497013157730546 
-5.153161497956841 24.336978676268405 
42.611757157922185 37.739109145499484 
2.343453470413156 6.210200441533592 
51.78413944729268 15.82814166116993 
-1.9869979399197757 16.306951028116085 
8.048904882259908 0.5459795167892588 
9.034112052660058 -29.586980799258207 
6.334351959694852 3.355054472239183 
-11.163334747097682 19.388018430636325 
7.030167255707118 2.8891929640823957 
38.97491039652538 3.8239239122987936 
24.392915028339118 18.541808521993254 
28.940348477341455 -47.528086943855506 
-88.36758203998954 -7.391705387663484 
21.098394448913297 6.26041064759591 
-6.55994695661642 -6.932982711292537 
9.484948409120966 13.76651110178818 
75.44776375546657 20.76428218374897 
-15.34074265333308 -4.062412846136211 
13.030278064690487 -12.64287919911926 
-39.10218404005824 -25.209894063361677 
-3.4421447596059993 -28.52554980307068 
-9.76120351402108 37.92321670762938 
30.5620862778266 0.3226796590188962 
-11.888108548791072 7.698883657513004 
-21.869920669932856 -44.957012941347266 
-33.325660033910886 -39.67511250402815 
-29.936071886531977 22.823178991773027 
-10.554049234351575 49.73051327275833 
69.48924391541472 -29.540447617953333 
-10.07355767323034 32.19089135690483 
-69.92355165555531 -20.324426784538158 
69.13466883160804 -31.760171486958935 
-15.474079384338644 48.00699250122293 
-9.37535944363096 19.099013858647947 
16.87792771563597 -5.59609532210476 
-5.0287516633725104 -29.768224741211778 
-55.70667382662157 -65.42099982596109 
66.88898032723971 4.36665171698191 
13.010174321384497 41.40523096970047 
-36.78825459600966 40.16530725161283 
-21.598108090065192 -10.491197662533578 
-5.20490143611369 13.30924934936731 
-34.220744172470546 29.42685752891021 
-1.8250820305522342 2.4697855090307828 
-39.34274630206713 -31.526511625085433 
39.528858933266314 30.044203569806836 
-36.56630213409016 24.589689744287043 
-17.223605025802325 -9.465230219896261 
54.96845215637484 -25.93672135433992 
2.6292600647588444 -2.936082948873564 
79.99304445122503 -30.297201588006793 
4.6596140495736105 -16.086066287460348 
43.56051597651071 -57.116685035624414 
-19.924738480681377 -5.965980695442673 
-12.94468286507916 4.673383972899822 
0.006333542514164169 30.16212804495183 
-23.683463823596824 -14.453367185979005 
-32.45980225183138 48.598604597649654 
-20.103281288185496 5.908034049111868 
-1.3462765365659712 1.1394959499024564 
28.0192649345596 -63.41789521702219 
3.6289319329583702 -2.2843046238896045 
37.44476684461956 9.348142764105178 
128.38729541364788 -29.405756677707974 
-20.119744735967636 15.673083304574197 
92.73571156488063 10.762834449559323 
-18.179409030643427 -66.99382883153926 
-39.06750237298273 -9.7464335429835 
26.15949059419618 9.25322393967234 
-56.99097619393334 -18.49817375484974 
-76.11408524336748 -9.533595388043674 
73.76617985946262 27.71411569365555 
3.5361086983168177 1.6417957485956594 
-19.579885546745825 -24.531624768385 
-46.88222975841316 -17.715734184181063 
0.13621275044143105 44.985952433319255 
-3.018013396887904 17.70440269925542 
9.111100855670005 -0.8798794899220845 
5.20800085433302 -60.10076116431352 
-89.34346771162097 54.32993221707634 
3.0628280132172403 -33.20169994277243 
-1.1924101739236457 -1.3475942463428179 
114.68731749113819 119.33263354315045 
8.56516654027388 3.0921116264976383 
-6.379655052057523 46.23226337024739 
-7.702399781151416 -0.7584109695402813 
4.522611616388952 9.67942390697352 
-2.3110566120694664 -52.86230061203194 
-11.617724379544883 5.5456602578277865 
-21.77895024162969 13.293762780069223 
34.7161205964253 17.281958978801214 
-6.496022884673294 -7.965302400514072 
-22.120834532581767 -12.986994576053318 
27.682174730413415 -7.711060422734409 
30.394413175368875 30.592434493193128 
-13.69425986608592 -6.238668870064894 
7.94433351714369 -18.442221265966925 
65.6201239948673 14.23833766878436 
38.93791598707959 22.872283886969758 
-17.00342226730258 37.881307794072875 
23.585620239008207 -11.907113292686667 
-7.0654914875965025 0.13624446411471866 
18.05977639781827 -108.02777600772812 
35.59405454751532 -68.7815484080411 
0.8715717837858563 -42.52033931033174 
-25.404896678809536 88.93766297742194 
-44.07668978988233 -6.436369566715344 
12.50801751371575 11.338433075120014 
-13.449140271446636 12.958963108433966 
84.68617430446825 74.34169066907174 
16.964706370655364 29.792873997593187 
-4.806331549246223 -3.681706662543885 
3.8291974845485175 -2.784951674575541 
-25.869717866661286 -105.16238995991571 
38.29072666635438 0.9709354597040958 
-9.504663529878854 -37.205069861834275 
31.0224103695486 -6.384438100455313 
-64.7635241442545 -43.510377902425134 
-47.65541689993193 49.19793533023713 
11.084083276306124 -23.084479177363836 
-16.90202470178831 1.5240573849023575 
-20.936402880549423 8.6401170025456 
-17.84937720050326 -12.974433998548331 
15.362281180629967 0.6298168298691392 
29.89496541606827 15.179055775076357 
-30.645132303506127 32.02996260391486 
-15.880131008304325 -9.943391564096391 
-27.50328282815003 -40.675438714577325 
-3.465845850297402 -86.03508540355226 
-28.47821777127736 67.83135651120722 
24.05089187763769 -27.70767002851131 
-36.87279935493003 -66.97211757102812 
-7.671719498526205 -19.208679705517923 
-3.2753554638491167 6.953127222836807 
4.46915208357079 12.125210537977921 
-5.407441837649901 4.974604376724774 
-0.35433560841595474 -5.252473291340068 
52.978052323941675 -53.57075678228157 
5.533504419863328 -7.953403105188345 
8.189118683416426 11.985567926832486 
6.326023034285795 1.2487663856118614 
-10.695201002834093 8.332890288989553 
10.291776910030919 -5.526857792553107 
-26.33935577535225 4.658468254582506 
-11.310440811154464 59.3899691799003 
78.84815611363113 -3.3889731847969786 
-0.3438761333358639 57.39457223203758 
23.25511232358014 -11.153071657225112 
-69.16616258566182 21.168673057300225 
6.773039906917607 -9.550922098623781 
-9.057772497288532 -44.76878381645414 
-6.979973776447792 -0.2374965807181667 
13.064134879682342 -23.44359400290303 
5.216353197139106 -2.726295997071758 
-11.427916338530233 80.60082027720536 
10.973263345905409 -3.8251651686366728 
-92.67556408129055 -78.09530136413113 
-58.95750633922404 103.02093092569669 
92.63186003805767 -34.370900339507806 
1.6854752326727804 -2.3991573039417644 
22.897646624871903 -31.78359082519204 
-2.1741248760623777 -11.76574157035084 
-34.08871946744911 21.579495846113954 
-16.105662980012568 -36.87786407493581 
-7.0946892465173885 -4.104506770855036 
61.32431786010345 36.87342347129258 
-5.9088580680918925 -1.0988563956402755 
76.11449586930641 15.32034763313315 
-2.0102410532596355 -15.96816069481971 
-41.59552924998427 54.93491595413965 
45.63068060450945 8.473361305702515 
-21.079150661389573 -60.30207148410458 
-35.13146718486992 -2.396386957186569 
