1.0
0.5
250
82.93410395593426 37.33811509917273 
-29.872201998362748 -37.82880637130737 
46.14410814709834 10.90600854045391 
-1.3610750481065983 1.8142265994257607 
5.049098425979342 11.599746950005503 
7.482896020178487 19.689816591363073 
34.507956998397894 21.006560969469163 
-14.917235109895747 -55.14883721397903 
-6.829200297426428 -7.576077285518818 
-19.17745365853627 1.2206763900393856 
112.98145748544776 12.002002183781384 
-0.26548393786718266 6.358783207983677 
40.179288728898925 -5.6215941621517524 
15.619601103881323 -7.225860211873838 
14.403829918606014 68.761432060392 
-9.004126860283971 -11.026688328062676 
-0.2096448564317876 4.018294211015916 
-14.83206476461236 25.55938899351752 
22.86781737125949 3.375106619405291 
44.634125591615124 30.766942754456455 
-42.99474094945723 -34.524449580746456 
-65.72554696246952 -2.8181967584524106 
-11.289410262706674 9.989799400719267 
39.399406509208625 21.678417493483288 
-75.11653370973247 -13.910647864205343 
-19.556260890292986 -6.541568537591402 
19.946675513189412 -26.935153810308258 
53.16779345528539 -86.9626472554278 
7.653821723535038 4.213814696407433 
9.853235057668453 -13.312471237052355 
-17.075878035719242 34.15693183802124 
0.2478869381495288 -8.355657652098047 
15.376490975508059 -3.2122212861536803 
50.25684458667168 -46.999156788519336 
-1.8237986312118213 -14.145077757849004 
-16.22961370843588 19.817352176714348 
61.191335593874406 -25.299729426910854 
-31.94807097570473 -20.27638283384005 
1.801136276248665 -26.65719966843002 
7.9166846269577 -6.234415242000667 
113.75561030511872 4.949854496334106 
-59.38051841333675 87.13589268128857 
6.051422443061864 -25.136462758804846 
-23.418900985763063 7.300561952195927 
4.068201623684519E-4 -0.01766761070238666 
-3.045123713196478 -2.6558974856868507 
-10.073202777355595 -13.32273688702877 
-46.42427311981812 48.67104474285012 
3.794106929556273 -15.13255174133321 
6.630468172388482 1.8228145901594746 
3.7488837440101483 42.25545452064531 
-28.86741881748124 -34.828528256999505 
2.8153477175147117 -5.190943746645753 
-9.424083040806673 8.110630251499956 
11.814316189389881 36.57887428465455 
1.267029677072473 0.27340433975622164 
-10.66126947033263 5.515641780555543 
40.98625752070154 36.000694992038014 
30.99147976684334 31.396740892228998 
27.740242475492334 -21.208672358125263 
18.249064579821088 12.728638204719864 
44.477134907482345 14.474095940974822 
-32.25175365260818 28.2556636601121 
11.300242326519488 3.7754895777867743 
-14.656724215609403 -22.82218978626944 
-24.810469280052814 2.4990424609996196 
-23.19774453504981 11.443646069353782 
2.052369690491462 13.7668214426667 
6.916959203464925 -20.83757743086907 
-49.94709210629857 58.22676927581274 
31.160524380663563 -22.9419060633212 
-50.69129898557973 -6.98332607693266 
12.23225125297823 28.47728177545905 
3.9976235809959837 3.699709218331472 
21.747151341605246 47.6501820185877 
-95.16047392991307 -35.041336802723904 
-15.556981684656824 17.753840031993597 
-30.184596649101916 20.573119688503155 
-53.28817878752234 87.39156603946866 
3.703856253048643 7.2884877466993 
52.40964400596088 25.418474569689746 
-66.22617126419468 26.957030601881282 
20.451394126004878 18.12359405909733 
-0.23734491190356694 31.071740874555395 
3.2401580750643504 9.305365910593741 
-9.094922009057035 -41.91699028541106 
30.18513705869148 -6.026888103088802 
1.4383507054343416 33.37515118145789 
19.314200461913 -110.91074350809491 
-20.3165722486097 38.05289731802546 
21.27037753678385 11.481809697800161 
-60.90777123941937 51.60226646447807 
8.559808534961359 66.30288598970641 
-67.03814289239033 -13.977405844403169 
4.520465714437658 -10.106631657619214 
-68.21760719948446 -38.14372968505687 
4.115921478038411 -46.5702994152131 
-1.1813970638253721 -2.2564752476674967 
34.730647852122516 44.4611301472559 
66.23811234263901 -57.01545207501105 
-59.93644330338483 -0.18589693989751851 
8.581613825834838 13.649158099937097 
-3.6256020800901063 -21.926379337529962 
1.983237060644392 23.032247419655086 
-22.859310686372073 -30.12853709383662 
-32.61866577486385 -20.937510246111312 
17.88670282479679 -27.53440168638466 
2.3096251507384946 13.114361218825517 
2.4144717226599965 3.3421551606019775 
-40.435880133236864 -36.75633366384748 
15.992549546964874 -8.304077321558132 
0.13020338577795565 -1.9715109209317292 
-94.70839619911119 -25.68742779630496 
77.79755095759481 7.933590442134885 
-41.29900446739717 -79.67008401379177 
-20.449486969573673 -5.886561044348114 
16.518821680713128 -56.84765619407365 
-3.2370800817214795 18.873481676818955 
-11.461411443700971 -7.938288026775701 
0.8243139661372905 6.638401238461335 
-24.618649788629035 7.9867070723101845 
4.968584896102334 -79.15362538335631 
-0.6992613318377701 -13.867523771927253 
-16.737123777302354 -11.23577840684929 
-3.595487710019208 9.157852324418528 
-17.74056452553987 21.754982791298854 
27.751155373428396 -157.57839222691368 
2.90679035419169 41.83479014064283 
-4.744536351347808 8.170803403347259 
-41.971102319503 14.341437974007013 
56.408486056660536 -21.889693743952563 
5.021774845432388 -3.980908472840869 
-1.7476531771795503 -21.391671086227515 
132.36852531261934 -3.6784865803038054 
-39.412383395131364 13.617210984805467 
-52.367601957251765 -58.01773274149816 
17.720030493297735 -10.686429744591848 
3.7797095677858965 34.69689738037272 
36.92183848525465 -39.32885804325386 
-0.4297171909455758 10.138266150575829 
-4.092910161983356 -0.1079188361487143 
-2.11972006184524 5.7695093045938926 
36.77783372561893 82.95200528162232 
-0.7701711797562808 -4.577970334437915 
-4.232785245585606 -33.13798228312676 
-14.872883277868281 -51.3638700894733 
-10.30476534139206 -33.22868106602755 
-28.013106199878305 85.92515267184962 
27.640143998057425 -46.66199865946288 
-30.746379237908343 3.4119982603764796 
3.2817719383392503 40.452000465620664 
7.340437567470591 20.877374984450444 
-3.42877923085987 -5.793287763392838 
-48.44515874221929 -7.040121728225163 
-24.95792532128427 0.7313144779368688 
2.4791232951232245 -0.3318616265021558 
24.04779657432676 48.701995674015336 
-42.68590932543815 -18.615355742623223 
11.670702706395165 6.3583735878132295 
-47.60531899153646 3.528638270462641 
55.8441860939247 -52.816349379854785 
48.76887627278375 40.31931045509995 
-27.25057141239564 6.767830543709307 
-26.505152986596826 -29.764330309772244 
-23.493196113558266 -10.289136825975852 
-10.142083771910862 11.645474318002341 
-23.594196573391976 11.087491912580141 
-22.620254276730304 34.05829275109898 
69.92991961284197 20.40559969778525 
45.324814586083555 2.262692069948294 
-14.69804451053669 -19.4420944947159 
-41.220358091146686 -15.927222456189599 
40.22116134345261 -34.79598118974611 
2.938112935152263 23.61137705061934 
-0.6000932984604574 0.2464787914733595 
-7.900884777187444 -98.96319325746283 
21.17319832937685 -10.048291840961369 
-35.52255821215695 -40.714428130504864 
-18.32305065072733 56.75669303251692 
1.1661929186856943 0.1386424481416237 
27.69216987654914 -15.055046170333412 
-23.310593585761662 -12.198502769335885 
-5.898236172868556 8.112654891541807 
11.593982321754604 3.5838350444945366 
5.901769423469028 -1.6958622385644984 
4.384583222768324 3.065381166440363 
89.70746956053573 -28.1426976497358 
-54.40093300813463 -40.5675105487403 
-79.10216920193234 41.123441380282735 
-20.93867811489421 -26.60827678732416 
-81.83437479583769 -38.12134902419123 
53.57545720343114 41.64802511526325 
-7.770092010818985 17.95517870438994 
4.442069140622987 -27.59544024127165 
21.772904080703416 12.74026342072322 
-0.6110997366637447 56.30288282560047 
-65.43203707406019 -77.97704367542906 
-0.1281126888937025 39.07019411917967 
5.1058677012141445 -6.490810290771666 
12.917474734762889 -46.38254791705487 
-7.336214114707164 51.67983709759003 
12.572192739733637 9.017884953441381 
-38.47291430605072 -21.6367619760718 
3.306688961350875 -2.758030118938244 
-7.006363912436525 -53.13030737841791 
-14.551250218343771 -42.659717465297085 
33.816251529764685 62.741075217676936 
-1.6655911665451302 -68.57118597585892 
-5.0613265665192415 -2.963841990808319 
29.485679040762946 -11.218444400160433 
3.0298761629440087 -21.90412232189226 
-2.2319363180036578 1.9597383310084824 
-2.306055410983509 -1.235366966403813 
4.868604596968081 10.942138652481614 
-8.370670923044607 -49.44202653717062 
0.18289319961877235 1.123701830853067 
-13.802819575840216 -63.326646420293315 
-0.9449460828042476 -12.380447292813372 
75.28088137638244 -54.25519173339314 
20.943629598630306 9.323594263182972 
5.30005446249509 -4.795418678239621 
-0.05893563117531866 -2.0928436454990647 
-27.832963560076056 26.217024541232004 
-6.815696196052562 -7.816858849552472 
17.810361251428947 -8.676717894947597 
-39.48041817667512 52.280736933475005 
81.504333746554 22.979248620766594 
-88.75689379524049 -8.741115172496658 
-0.2608012036005533 -2.2077635095022727 
2.65258672684097 8.593576846949135 
34.89212883628578 -41.68248594777354 
-81.421903069549 88.9791803418354 
18.91745880584385 -23.515375121264054 
50.294219146253226 1.1864873796526176 
60.8442373596723 103.90868841077861 
36.43305870371281 5.377302429814773 
2.7587920659228438 -2.8681152081393146 
0.7390747537331396 -0.8795656882842144 
28.227994684646177 -94.64432205625934 
-9.372280739936508 1.0522836296794753 
57.093136796598905 -15.772281711724382 
36.99733011406803 2.0517614723686113 
1.582980101688832 3.1779779479691004 
-86.03229389999494 -25.516210729699377 
-40.91754206448354 -18.745266986202008 
-6.654559069022928 47.880569466391464 
11.775344974982938 -34.949958848069116 
22.04639831232398 -1.0381724438600322 
23.925790357951453 9.20189622528067 
42.77256605706694 60.160634837800636 
