1.0
1.0
100
-41.93157260016188 -14.588627887754345 
48.09617995948585 -33.911360711326054 
37.36081504108315 -69.31290070132752 
-72.03577562597918 41.40064671070606 
-58.86163924760076 13.978065024875024 
-87.08876376966373 -21.055439522168488 
11.449139154301069 95.9409207952487 
-4.391997872726255 -73.425646357222 
-26.02212526497319 -3.1121690858929463 
72.53694379724317 2.418954494102532 
-2.594690579373381 -47.47647410303641 
16.963087822518304 -6.197242092547882 
5.636818425848164 30.821169299344785 
24.00191625079677 -69.98493957574038 
22.406062957368977 -29.433441870143657 
14.895094298754454 41.32499370613505 
-62.582550965932015 87.02779986125702 
58.98824029385704 20.88128225229337 
-3.784386276765549 67.03182897737878 
-30.668093362322647 -9.939302730339191 
-62.83691074108972 132.24902705543732 
30.937083799477207 -54.721676579976716 
25.827491479982083 -58.41970089300891 
5.374050342973732 -63.62143348287158 
23.282252519388948 68.21453599188769 
18.53067326291729 -9.295168982585366 
21.410599708021966 14.13007953018634 
13.689504906110614 12.550332088993406 
-44.05153047185355 -22.66798300665348 
-0.711076718904535 -1.5056462475796928 
-28.138569996831187 14.710373909129473 
13.240151944955636 -59.396666306512266 
42.275803335442106 -24.81650466017739 
-21.184513549254202 -39.09002784989182 
-56.438527659197014 45.6230368141286 
-58.38746417293065 13.964425915107823 
5.070397854742768 -7.535213574184416 
17.668517088213992 2.19207670294276 
2.1919789966087606 3.038210707175744 
9.571613607402298 -7.147378660125499 
17.036220430955876 -16.60548388300072 
6.297012930466562 -3.213199760318258 
-19.69107632274842 -21.70950490110115 
33.45014000667554 24.793653431637033 
-15.15349189181647 15.759973837552703 
78.40857263085131 -19.48680152143621 
15.920584515898906 15.547043496062827 
14.669804384177016 -8.411781082139088 
-3.5840907821492114 -27.46371462305421 
5.9125741443846955 -4.164463822111323 
35.550686245354434 -46.04995809278237 
68.54446686923166 32.56203584551706 
-53.70948772529219 -1.1524676000871084 
40.975467618931894 -15.096713669385652 
-3.8712515459089096 1.0372545580168964 
21.651035695979182 -11.362008381493942 
-23.16505385080478 61.424480156639675 
27.755323544466165 3.130354208230653 
-18.059887212644536 38.070812871112906 
-14.719809467911821 -0.8682108079167888 
9.838138183210619 15.890720925342752 
-46.0701516982933 -13.647450976864487 
-64.2280840145934 8.76909622554128 
-65.35692469464861 28.1122874403074 
1.470459778029535 -16.31558760210792 
23.795463051729026 -21.351734227975104 
25.309877548388027 44.04478936772027 
26.247177965462964 -33.020606899364715 
-16.664261646767223 6.901046261423614 
-5.448702571508581 -29.123479404467226 
8.569025543855552 -6.595184302612154 
-20.420798344990008 38.5246724271509 
-16.764699262586287 5.8515387933908665 
9.771758831118923 2.4636584297337523 
-24.63526910179738 -14.955580258699923 
-79.45791745560871 43.64246812735314 
-11.32154143008361 40.702078850352294 
28.628311334698367 -50.67544280435364 
16.742444343505262 30.00589587014262 
-10.650959389064232 39.29159846569086 
-41.27347176414984 -31.152020897338936 
-37.2461036879322 28.82048823863699 
29.452137072596226 -24.6138963004715 
-11.792971759693364 29.2616212049263 
14.99077958762233 22.675456579170923 
-10.743251976482345 -15.16406157283881 
15.273585926346191 -20.4243422791695 
5.843009815427081 -1.9872597202301518 
-0.2722619481986076 0.47747578708273386 
-6.305868052753161 -9.474277171510176 
3.508304170868822 1.3820511018446626 
-9.445588354099781 0.985294209187161 
-77.54892505572325 -4.450665050954368 
-23.942316118439287 -64.38349627221781 
-53.99421237357919 27.700755910722613 
-29.168733097698823 -26.994373824054748 
36.60112610515705 -25.197537509743665 
33.81980518715506 8.268384083644612 
-23.388250047565453 -9.204457286146145 
-16.537387789654485 -7.402108129881194 
