1.0
0.5
375
54.892407063865065 41.8378122950297 
-7.004201055447917 -0.9399718328525323 
42.41867597404526 14.688239422970055 
13.41941965088099 33.71613221806709 
36.55780671198912 62.294939463161995 
-11.346645177481124 -14.712907602983067 
-0.2816594799054037 3.6493722464765748 
0.9377904087972425 -17.779086745628263 
-53.022958434929244 22.53743748535906 
48.03564643276999 -3.911630549001541 
-21.675077994401047 -73.7135890088134 
0.8663553420611946 -2.8394505668770664 
-12.489650443616975 33.495824278357254 
47.280736995244624 -10.179148864791731 
3.4346542971666802 -7.3119974112799175 
-6.1604854705023175 -24.888838001832003 
20.427796090756424 42.3931382983969 
-50.740193918809005 58.56184629259526 
-6.085573534430696 -13.641549157832303 
-25.506189091351953 4.058941278417179 
-10.244198388057518 -33.75962972090404 
-20.25797615962357 -151.93805957206166 
-2.790196159009635 -6.519107745025725 
-35.895026828950414 -18.861957165446647 
-11.475670781668406 20.901112682963003 
9.585580390567634 -21.30484580799503 
17.183694787123258 2.657291547220715 
3.3073621184040602 8.96048701152355 
-1.1095726428383497 5.4889110678181385 
-7.919734860629318 31.25578216244842 
4.359232968505192 -24.18820666397409 
-52.3232308558191 33.77483437183589 
21.60209928046592 -30.062450916719822 
11.950066242834437 -8.680900069215982 
40.916548978884904 -53.394621723719006 
-42.075294873960885 -57.941211368657314 
1.0629206122353787 -1.2231677572108834 
9.788506106579733 -8.065938996348699 
-35.99558640976914 -54.31645320806786 
21.458549139835867 5.363276776885333 
-25.983886822875302 -65.54342775046148 
5.8541904079096065 -22.145650979170405 
-61.79888741396147 -21.85693899919864 
22.92861526965534 7.90054563569547 
12.174255580553629 8.731033042733284 
7.53612021613758 89.88613455319877 
39.40552692207293 -63.442793573058495 
57.956976148368696 92.79220085827586 
-32.89771858269088 -11.34924863159561 
8.605127897457539 11.957794311072345 
5.6863752564761345 -13.755049469063614 
92.7737703808597 51.40342232576064 
-2.7239770831221763 -35.25547082320045 
32.279228591056366 -23.418998869416946 
11.246605991154244 35.01170224469327 
1.9836579127876308 -9.199527723491643 
-13.291502521264496 -43.56212046607481 
17.03195743503271 10.055033469984245 
10.974188669110756 -78.12494411219214 
-2.5102725276650166 -0.8145802025883302 
1.9163940138136197 -7.99342735518298 
-33.1641462856961 11.723394742188443 
9.251407927888465 13.973646099609526 
0.7551975321435938 0.5789734732943645 
-3.5267634039316347 -0.3675363429655751 
-4.307745015609051 -15.272291191906465 
-31.216220413481068 7.98007512555608 
-49.296302119179984 9.250101108498896 
49.125432908026 -57.9274498350313 
-2.9592428920607197 -8.476924615085126 
-51.16507853330783 18.55931321188843 
13.497889043136482 2.008286047888586 
-15.8627357529769 -6.125985496669868 
-12.715378684649396 -28.533744077369143 
15.316906533738463 -28.646321157262697 
29.3452004406135 30.33095176049871 
12.939599725728824 0.6192461142363624 
-32.93972435938797 -10.84281256691342 
-12.008798092965359 12.441461565246547 
11.438916317165114 -45.755716666223684 
-5.2424280817715525 -14.61057402176273 
26.00415992133867 -49.21786321792084 
-80.5801735587084 16.271794575143073 
5.7560985362117405 82.24254268855985 
-39.08476560673175 80.89646487205307 
3.213151985299698 -9.348519601698325 
2.0855308054189488 -37.76205714657518 
-7.698373250401649 45.721422979528874 
31.302932361054623 3.2441174793945167 
3.472079815131087 -1.329173273774307 
30.126585186098705 9.495157000718734 
-4.516556448486278 -22.872134727108698 
32.23168200665897 -9.699878299533662 
21.972866716275636 -51.99306826670029 
-16.032666938068218 0.9866043573343916 
-3.116736287986959 0.16725918594110445 
-71.40590264782864 -16.573201939822603 
-31.14265482205524 -10.71534640705728 
30.527771895976468 10.897356421796134 
0.3867158545692823 -65.2966699919248 
8.930586196032468 14.095793508089152 
0.980602289807885 2.194004883979217 
31.515267367231722 -5.8838316719405634 
-56.50467031635885 -14.705057569864076 
6.070542138429998 28.91570336290958 
14.874298241303425 38.02625381240882 
10.735922356540444 9.508912692917525 
3.239982129916284 2.569028871165371 
-0.14755334839339698 0.34945473410942324 
0.09481328957254018 -0.016153568937611357 
-37.0955562549591 -69.35023755594085 
11.154267001374588 -28.54029578417356 
-23.721951537222363 -73.74636976264173 
-45.169999472714295 -95.61395088810083 
-14.394694081139141 8.359235860456504 
19.630979972594307 -41.391613246258245 
71.59943831696505 16.710421485569984 
-29.239049996011293 -4.549898576770193 
26.896343456282096 23.458232057272582 
-63.742352717823444 22.50784221227342 
-1.7071998455679485 -0.6735640157302454 
-24.09752204589845 8.0950970304715 
-20.472586772080575 -12.068430822437234 
9.362712516717174 6.037572116961183 
4.540854392178313 -2.6553568992187326 
-11.546720432860125 22.427124409220237 
-106.93249152238889 4.479435163220272 
-0.23017750383466187 -0.16586090194012187 
-7.607354366728757 7.714158618904545 
37.07398560054595 41.22192819654595 
24.911172455666684 14.165279538811538 
22.120368942449982 -1.2087824936175167 
-20.687027278525914 -2.7734668125177513 
-44.84779152481571 41.1334181816327 
-36.946067070818486 -1.462224993801281 
-11.675698757480323 7.17568980993322 
-1.8811798471118086 2.437023767629364 
-35.52094485098308 -66.09758163868837 
23.486702351189457 5.157527359925337 
12.000063566925457 -0.307156531304105 
-17.41516856897658 -26.55504730722084 
-38.75055130963737 -15.439939038834803 
-78.90265014594753 -65.71556213174101 
64.41344146803993 -16.480636585323676 
20.723652761714376 20.44894035150515 
-22.10715637414111 77.30731682550659 
9.420242403555465 -14.522603861547898 
-31.32601562287619 25.44333510340106 
79.83703770023581 49.17194094040763 
-8.309231308152027 30.60463784917597 
44.599235852486494 -24.49310827437879 
3.6096033898363427 0.8991819607431766 
6.358348942949819 0.5779836860366719 
-33.44353104396649 -18.768768054300853 
-21.779150388932575 -18.574378429088217 
42.88930501688365 39.72688742192751 
17.27268809682839 37.110983880342474 
45.07482729805756 -5.237074087083295 
-10.806791809659595 -0.6256156705458286 
11.639645554432924 -32.15768500632823 
-1.4285800209476784 7.146615191094461 
-30.94902835115986 -81.12137338195237 
7.091535238881663 10.228341920071214 
9.411218378359711 4.569411352063741 
-1.2155946308500314 -5.387240143873971 
-42.58050706056374 16.46517138698822 
-83.62694316145038 -70.04234172195528 
-25.45619582547213 58.05766225119298 
2.827570476624473 34.93578010997026 
15.915330921714297 -1.5250526707505623 
-29.74795214878423 5.791900567015843 
35.06526651534287 8.897063125955645 
-16.53734807223332 -9.270479524177375 
37.70437779207156 -8.291306271831628 
7.29559772177147 -57.84998165326504 
-77.05265846365239 37.7857870929669 
-7.141085191710706 -30.231254901225988 
-3.946951538243294 22.241412465894232 
13.53308675704719 24.140154214454295 
28.938660359929596 3.723422526069452 
2.6222185521365704 15.820416661405467 
-7.160957921576462 -25.91493470017959 
15.886806716607389 -11.430623225372951 
-13.043454245057134 62.12259994808377 
-6.119033682410951 10.905942642240868 
-13.989466994059397 -17.95424023888977 
-40.17886648037905 -31.48202154974603 
31.886509118436972 59.186882719040625 
-4.4272724996765005 -1.6411225132915361 
-51.27843318533131 -14.087357172700438 
14.55088284934824 15.302860369922549 
15.761481424053404 59.5505494526533 
-4.471202526231694 -21.124294705171536 
38.636070749521615 -21.292738617933825 
-3.0486339863930585 52.63739589088837 
-14.437441262391742 22.442914054413063 
-2.2849010776983527 -16.961582538038062 
31.137911927720562 21.366363432309015 
-47.14746468725508 -8.391323038340623 
4.673095326752828 4.917998356308343 
28.461249096531414 -29.04015646463327 
14.212777051726697 3.634353950679292 
-1.830436649193627 -5.99751946615094 
33.81358695585116 -16.855214893023515 
55.70901977914013 -18.12999996143592 
89.53587892333042 22.57182805682946 
42.69492600982331 61.03909008567068 
-72.08889401539965 12.047555836365568 
23.264203192373323 67.4595831280365 
17.468023260625213 -8.101966146212574 
7.115912769509948 53.08418294567639 
-33.67466716569726 38.39390399232706 
0.3702881046932494 0.26976475554600676 
0.702188097028121 2.3944825269092136 
-11.219959810461868 78.96888045490488 
15.373345492768006 13.219894454311035 
24.847934385619645 28.722917233883454 
-63.53045068982302 -12.307875029328702 
-19.00110083300018 57.49044008330786 
-48.88692066262026 30.659616806984108 
-19.575529690946393 -52.6905262701757 
-7.357468358118066 9.210396813688918 
-21.040417245330676 31.215753960862965 
-4.947217484141043 4.362680361596457 
6.235594971628003 17.659861605575106 
10.550643119461181 1.7558278148663085 
-1.9130077998798154 -2.355287929465535 
-40.854943067188614 -32.327924683441836 
23.390128431571004 3.0055930904519066 
-13.670484182650867 14.346642545022869 
-7.612536513255669 -0.29473545715094507 
-1.171423655865563 -23.5922001143574 
-63.14170478494465 -15.257562351026625 
10.479279496434842 -1.485743724031312 
26.424693865940817 69.39677602779271 
30.03567032486688 36.80810215596121 
66.19127526572113 -43.395933685994926 
69.7737049093502 -8.026339847833356 
-55.34276787337503 142.72684091664084 
-57.79362366115632 -15.115795098784176 
5.789841127063483 -22.81220589817531 
-17.62976091369209 54.59907727965098 
-1.4471569954613592 0.760352530507115 
-64.24838072161836 68.92224085790656 
-2.973089780571359 -10.16260719593433 
-8.762198558417506 55.31761706136767 
36.88528556498657 22.812319117668146 
84.55499064515386 -56.504236312574385 
18.080785942288333 67.20749535482521 
-13.58448113051564 49.714563184995804 
21.314737421996792 1.1461361186490209 
-4.530873839981581 0.39128247449595027 
38.75140760142703 16.804181142107346 
5.227849430260067 -5.248045624615691 
-82.50970402082272 -40.56049378736438 
39.05892503681952 5.217326197375905 
8.64698671518724 -15.146804163141026 
49.44946585581721 45.62683369009562 
15.81590444838981 -27.163293768066374 
-31.014237614787405 38.89042762494823 
-13.066368539757443 69.17863594283348 
-42.553659050705484 -27.106978193462155 
42.148992610874494 -96.22623079725683 
-6.830684776043473 -9.899793874666916 
-57.5556410639165 -30.531246826018997 
23.263156609823515 -3.8889258641282907 
0.22998827922089937 -0.4418311925309676 
-1.9294362245085652 0.9271323697317044 
43.659143014033994 -30.904993258393862 
7.621027302253296 -4.313498172323816 
-9.065039438218793 7.554822046204577 
-29.101305214261515 -27.559616405966437 
10.940099841737714 0.4608691256202178 
-83.39540821730301 45.07533349160104 
-18.17387717245808 -15.937071539707771 
29.240452429227933 31.4056464481727 
-2.1610719661544846 -6.198840140763948 
57.9895884152118 7.4858617188015755 
-10.977061013672424 -6.658186098555005 
54.170695833412836 35.47997598640882 
1.1977211186838626 -7.378618403917279 
-13.809906829722275 -54.945548058922874 
-8.735646806155044 -16.56951083670634 
64.9396758155727 -16.008041856833476 
32.42541844183133 -15.102441520834232 
-65.5237994609598 31.023024528137856 
-9.548710123070524 15.394746851571828 
10.468346664899753 -18.646476099114313 
-95.68641629079264 -52.95023296039425 
15.802899080515537 -49.097913818621116 
-49.65834156810191 0.46724539802782306 
4.811161162338192 7.928393735857481 
-30.306804481442004 -30.71184421841142 
14.540946467390608 49.69078570494837 
32.94292633215979 -5.780265938112809 
8.436423078038317 -22.024873415822483 
-7.959299311804361 -10.917802355508758 
2.254327365434003 -3.6117366378659472 
-14.668290033823203 2.9529284898947936 
27.209328026905442 -26.53466655685829 
-4.127048160480329 1.1202538706507437 
-5.793002194117698 27.86473723710677 
-22.26180251821265 -16.89519782466019 
-25.27322732142246 11.36380871781067 
-9.95750307455209 -0.9739954399801951 
18.07792549409262 -24.9310304765648 
-14.835206743771762 24.230325673988972 
-6.480948508636866 -7.382479944416298 
-7.7216583117356015 -16.956320705539444 
0.6926390941277478 -0.34964791004180984 
3.3553572695346796 4.365387100552417 
1.1063729730563812 -6.425068960746632 
-9.444334725009941 -40.23125392673532 
3.5130757347945725 -5.42777681764229 
84.71801887334283 31.95345444516178 
4.644613189683658 10.853376040386992 
-41.47549524709941 -4.566477100375668 
-12.08453486241504 1.6955523621625364 
-28.969796506127334 30.06538328718702 
77.86045245739501 85.79772892576959 
18.49930882496979 18.010515926718522 
0.2681980508197 -5.06814329264836 
2.7614283306899545 -1.1208352586988852 
-20.18803070626586 4.114249202559283 
63.16683353327063 60.237906720757984 
12.455511098629872 3.004629922797034 
54.956511037076936 -106.24563819312769 
-27.715492798863295 -29.229934601327244 
-23.205594178981606 50.02221137870278 
-10.460401881901724 -70.30900998904227 
-112.7607120087847 -55.302553185234466 
-24.560333375020285 -29.249798167931434 
-34.964391531504305 1.1565483700659345 
-31.68738127934453 -44.851846763547535 
8.644601800794016 1.9515412888244432 
21.928541949281534 -78.20891091858937 
20.912639231355985 -2.4922513507895014 
-0.6602045873311713 40.69596923854789 
-118.00399773477972 47.99336323266045 
-25.997040915355292 -15.222888563386485 
61.9558362252176 5.7220535269610435 
5.605390644267163 -12.655402327925536 
17.882351717459706 -16.891145029107108 
4.619021078438109 3.9646308002676944 
-16.34621816365087 25.953045650154795 
-0.038131360911871616 -0.07103520541495742 
-6.132126132292317 -8.94763574994497 
33.85490438734633 -2.3959086050892355 
-13.057807273099018 23.291883590762097 
61.97047092907483 -61.778981929710945 
61.034550521274056 11.387677052990469 
-35.70229537851592 -40.77549256223666 
46.88696505208921 48.32470952976601 
45.428560335166175 118.70992296704708 
-32.43406668591372 11.983235928714272 
1.2993154714796111 7.489493568910044 
29.42230095699575 9.941909832983734 
24.662818517903737 47.16269880774844 
-10.623628173587642 -53.14802988497222 
39.739818284440005 -84.73110456252553 
-47.30591247641341 24.99966227079983 
6.020843136923718 -2.988805633212719 
-8.743990266379157 -76.88905073910473 
-44.385432423447966 44.98239676260178 
44.47590143178021 -33.486165717098885 
24.894121826748247 1.1210665555324295 
-40.90222873935431 17.533664728818813 
-5.90069107204252 11.269527516077712 
-53.460870367871166 -29.137744749020065 
-43.520066020557664 8.572134875515722 
74.0583985019631 -22.360784039071074 
-19.939464563942785 -30.293072614240316 
3.9871524731271406 6.676941853634738 
31.33675645208629 25.33251412728863 
93.62611995568595 58.99778698185209 
