1.0
0.3333333333333333
50
-14.620729715854022 -0.9912794321082737 
22.35456311056692 3.4945012947962417 
-43.032896576368145 -12.16194276830631 
36.38552034969714 22.92534897651308 
-18.276204094896094 1.2892055686020643 
-59.28031210020488 -51.07583290636665 
-7.733946170559176 -4.230968816230956 
-71.041068134013 -38.75517279831193 
6.327453492638422 0.12712902513891935 
20.37691219235078 39.06383416451814 
-25.51067640920086 1.3113839538525651 
-2.5954746299967613 4.05228521208969 
8.059195275492334 -13.53186868277896 
52.1096433554414 -34.084726777956966 
-32.4466442483504 6.82668301598851 
-8.891545998834532 12.129698763909856 
-44.887782169668824 9.876073197892515 
-54.8667659480732 26.569375348629528 
-2.175152529286102 3.6113308512316284 
49.87838701445792 8.742970505543044 
-27.5336962310244 -21.22423640138936 
-0.2840787535160738 -4.430382791476258 
5.376759966542244 2.9242960798451687 
-4.23313863645786 6.185619196059627 
-48.16742386205911 16.68173656881304 
-14.349857341899758 6.137236997260197 
41.63988144785745 -12.951243547073606 
-1.8884450644038027 -14.239739500868188 
-57.10831188580067 14.41671704224816 
69.46962722287557 -11.0190853793411 
9.958855191658154 -23.335199773327172 
4.459908859701525 -9.35974343034572 
14.992577707706628 4.955679574977186 
54.04930525283969 -21.186663521029036 
-2.3124492860774755 -48.508814723207436 
0.6077472673848032 6.476131688581119 
28.3824642235451 -12.557809321651272 
19.687138898514107 -27.97280191624517 
-20.989488007284173 -29.179387419997116 
-19.2791021081747 0.7265088152008993 
-54.289597802952244 39.408265298097035 
-2.0487718770861285 -4.231382526377581 
-26.152050214593025 -18.946128863464846 
-14.936311151602936 7.436055975586834 
7.188560039201894 -1.2994465450238006 
-0.4808705582440325 -2.7668280577014905 
-7.76642477148881 16.454741340107216 
1.7232219854614637 6.355259901376593 
14.518549399054898 -10.81703303342445 
17.785499426578536 9.652938391360342 
