1.0
0.3333333333333333
375
4.576984636740992 -0.266055753325583 
-53.269159268443815 74.29682822130047 
-4.358613722988979 1.4467152579748175 
-75.95369506926902 -4.23231029779557 
63.04888576873437 -53.50407772606629 
-3.387355532385218 -6.97596337977238 
-15.043806280530676 -31.978195254730533 
-6.623069378574298 18.883045625836843 
15.149083862774344 -11.393755059247773 
-69.84259036670574 57.21394594267397 
-12.807698862117885 16.11096213514731 
-60.89701655000429 -61.02936518795894 
-34.57085634480206 94.98607491777081 
0.41217648638836485 -0.6632611930354566 
22.027993811349383 -42.20263106614793 
39.71587525687545 -62.89079227605712 
-0.27268611274385934 -127.84410292640749 
20.860214980960734 48.782130358163876 
-4.106726623170449 7.150833521099424 
-0.22873984201265676 0.33731929405159033 
41.59534584052502 13.829946732617564 
11.744200366913335 -35.07053802665166 
-107.56068383524614 19.033894260143718 
14.13675213960509 2.1662480319875415 
55.27884452892043 13.23245568443878 
0.6060951705121472 -0.17480269778225782 
-20.601614384901456 46.4910845598349 
15.630703921307095 -5.615528073575013 
-2.756640868908251 -1.273585562780132 
24.007744041629195 24.65489562710837 
-7.173959265971376 -6.065947465559233 
-22.374011069312186 -14.466971274449053 
-12.98873390329433 -43.61299829726624 
-15.985279009097466 3.6959474333948608 
6.261464460291914 23.468863855908417 
-99.98013799342506 2.1460713615564826 
-48.66657443818007 -17.37421345796426 
0.7611043039859757 0.025226444573492705 
-3.8477881974491397 6.842505605647476 
-1.8063646847530592 7.266217056319082 
-17.898446179946117 -8.510451558729477 
15.947711324876611 18.566652252347797 
0.31544586643377204 21.435857479710023 
37.56072905694144 19.149381004639512 
20.087758565993962 9.964284849307283 
5.794605958783409 0.3243544974888369 
60.028148796356724 -77.07727330075538 
-63.06152591539553 20.85458042455396 
-47.958934582935036 36.644852297721215 
-30.603951184260456 -23.60190298352359 
9.432353519289524 5.786152612095721 
53.97078336204998 35.8439292886796 
45.080542118355524 15.91810231410592 
6.861110767347869 -21.13214490677241 
42.47923872909267 18.26300896720882 
34.54449138603166 63.48960515028483 
-34.781354690077656 17.42553852065636 
1.3530533688493354 19.020076179517307 
-20.905675465457563 -12.609841868953822 
-3.7438792719733276 -3.6886237729988682 
40.9639204168774 18.124716417982217 
-4.496124076764575 22.313946595431936 
33.954899392741396 14.665097114681135 
10.727400984754183 7.03255624680067 
-78.25548158189154 -1.2677238528518595 
-32.54827794437886 24.974118047070526 
4.057527817243752 -40.46461822840061 
-24.058612417445396 30.105599843838913 
40.89480314547338 17.539506898232567 
-21.30377890734742 -22.07674501647297 
-37.02607361056614 66.68797759431193 
-33.67604574285391 -42.08495286207918 
29.004165266776774 -38.84972649832473 
-31.98519532542602 -56.47447239276427 
-23.036452336143107 22.759539527252137 
12.917932734996963 16.632497394390292 
19.697010864966817 30.439764245989213 
-19.634808001216445 -28.555204688306137 
-1.5101815737030546 4.221294596323894 
-41.771688806810296 -115.72666199479664 
-3.198172619146258 -3.0717188640059176 
4.568565265291805 56.56744911141833 
2.655994629839129 -10.942511752489573 
-46.45133170586874 48.0325813806474 
-5.536365708310612 9.800337447947246 
-27.378185383527196 16.055826895098896 
6.65184720212818 -2.4621745713432768 
-37.43095198776494 4.814298203676747 
-23.272811680045077 -0.6501090608797675 
-5.803803923510678 20.693034564872587 
-45.60435991513502 82.57731986296567 
-86.13103938076074 -113.67833612347111 
29.496490452131614 111.83221818681987 
-25.809138010249452 -33.941833130867394 
12.589368940751804 37.85471467518529 
3.802557504999745 15.659871841521156 
-61.03550683399291 -25.770016279015262 
-17.417525117541327 29.027585664430244 
-68.5963255257022 -22.424204896431867 
-31.006573803376867 21.87172663065577 
-16.42916806855521 18.630800958726056 
-14.789770314441647 -44.50833436821898 
-11.009679690742972 79.32655189834308 
38.04404034042197 -9.235956240023722 
114.83845913164149 -22.623419159543207 
12.304234962707756 -5.194465474608986 
-51.575798681033575 5.807904431191944 
5.916441356943575 13.947207445618659 
-8.151018503275392 -6.770637748402295 
60.745813386129186 1.5430940209147368 
-23.835655169722582 -22.56188631131236 
-0.4237120874135898 -4.163034578360218 
-11.808586890721351 -19.30607828688514 
-64.15996982674935 -32.333708042192214 
-67.12516207347291 -59.20996838021591 
-3.2966090788498934 41.017818012207606 
-18.942692495951253 -24.280428604201962 
-13.832313383678198 1.6872961617346112 
4.754643141676519 -18.903710611128222 
26.413261874468162 -12.770865219883914 
-5.6402628348562365 -50.42201437355465 
-34.10743244054845 23.03365464618877 
11.878789150832816 -4.417222128762397 
2.1275662805736544 -1.0040447085703599 
-53.39397007481333 -0.335720186290726 
2.825120458140356 -21.71205828173041 
13.010033387845834 8.335201619443666 
-30.71509795163874 -14.065726088306524 
74.18454400209998 54.02388512575109 
6.275295100787237 -10.785874602801098 
18.305384035140705 62.289049674822714 
26.8176089326773 23.191098473081713 
-5.547151760314398 5.455896735336985 
18.450552896837042 62.02741494550388 
-9.396771149568243 -8.079219458777619 
0.07225274104554566 11.7622279919083 
104.9858419449224 -34.45273332274173 
-4.53516480646001 1.2485412654061503 
4.151968686345912 -11.94263565027574 
-44.1230261382671 -8.426291095904626 
56.818351458646056 -34.80320366056566 
-32.943049358400145 7.3293818059379525 
32.365594328681254 15.43305463950469 
-0.08380023939995572 -10.943859493079401 
25.018032212316196 -23.197717835693147 
0.35354663083427895 0.012697099669504473 
-3.8772961344479233 -3.264724759172157 
20.024582603709053 0.893782665070034 
5.209274809963463 -16.729287135110297 
7.219567903597386 1.4535025329772335 
66.27186633932557 -35.02525146011172 
-14.933782808466026 2.803586207119969 
-8.672671032504212 20.1212110105664 
1.3552179867079954 -19.469887054951805 
56.58539300484613 1.1289631472312451 
1.859341444225182 18.47392426875803 
49.06104981336304 31.89575685854075 
48.70393544325755 41.12285484059696 
-30.588824398121577 -17.233998913546667 
2.1873448401660505 38.885367015077954 
9.830119554266405 -10.790553207371609 
-3.687037195258676 -21.044435456049182 
-33.00704534078103 -5.057252200411179 
38.58066434174229 14.839701442514098 
9.2437616692927 12.621878536438308 
36.77112956298392 69.36561820502875 
-26.43285571446394 -27.9694985189435 
4.059360263094316 2.4207274622646344 
33.20194648864845 40.20268311565221 
-42.0127664277823 8.71020870183586 
-23.886423445958982 -31.49778625035175 
-11.243053396826603 12.068447462761657 
30.61760413954759 -21.61184344362799 
-1.4993691685042805 -0.003862285371188975 
-3.4030712512654397 18.592826865154585 
1.0974741765068703 -32.22820423208547 
-21.693434316066607 3.277241408982044 
-4.371084922220665 51.769876365768994 
-57.76021973275554 25.081235644574075 
4.049877414366918 1.1017365921314273 
6.380494743951997 20.7541969687993 
-11.05524458107323 -4.617434834408681 
16.17631425327938 -4.824592965577262 
-35.87547040181803 -17.33153500405755 
-14.806185086010409 9.04651907474765 
14.957973812411373 -44.12634410469853 
46.914699454031854 -66.8093932295836 
-56.119081417939455 34.56990148961289 
44.51046763456832 25.706811775856774 
-22.565428718007794 1.206559591072397 
-27.047080260273265 17.17704562351997 
30.87739752417308 -53.850845214364796 
2.5046515164512573 -10.138308148965955 
5.239698659587073 21.02370869388284 
-9.703880165001376 -18.123781836600863 
-11.880860438170327 9.19308170909424 
-38.89111992482902 65.87150879415348 
-7.661927811315865 13.250437273603618 
-13.336535684546817 13.21026762213855 
-10.631087489717189 -30.18851885682682 
17.338737072038548 2.5576911173499397 
4.361108807767274 -6.011771546438245 
38.56270782271604 9.195557735858287 
-59.15186822201026 -53.527922873837674 
-34.61719758377905 -18.85001549541599 
-4.826905774730621 25.116929100429825 
-41.47250137884182 48.31894607162373 
-60.5359053031103 30.901922559274603 
10.963834269078657 -9.169657458530983 
-23.80776319064366 -5.636129488709586 
2.558246618217801 0.7202028664040988 
-84.78350112552799 16.124785492406602 
22.02274298958769 -47.674537425082775 
17.91199170465144 5.332131302027581 
25.270165865694313 -43.24968889972591 
17.180909586993224 32.07491242580542 
44.57331823970156 -12.639041414863264 
102.23300901589522 44.01573527966329 
-65.8075937546306 -86.23546366120014 
-8.34765267283113 -8.498815618743672 
29.935086734608312 -24.315454976943837 
28.10440526881649 -41.6222007585349 
10.696645841398684 -6.683524612008636 
-49.72513508416433 14.243145275549335 
24.22426509482247 -53.01256636729846 
4.425010053648542 25.95701407871632 
-3.936452151806346 -12.902911570760239 
-7.117308517918392 -45.960675460427396 
-38.53839662354372 -1.9853798095648032 
-37.046824803432266 -12.551359346012605 
5.400605844917127 -45.15802909323796 
-40.24066777177583 -5.203313728299828 
-16.29559021038605 -3.9277368180853047 
3.0885101236716617 1.5148705837479024 
10.163087549670243 -9.055501897186968 
1.1792562567655975 2.2374122057524897 
-32.69736462042029 -37.188499034690594 
40.101731593748966 41.50146378283906 
-20.896273293638263 -39.78542639414389 
13.768826855987983 49.674194463054356 
-34.55196220031807 37.08066458080843 
-21.69094854280041 -5.9427772589278 
29.823116504637564 -17.795656556120843 
-5.377057707211378 -0.6058381054519298 
-1.8420378622581006 12.233519088213331 
57.13514460909267 55.07976163930414 
0.7924146383569727 -1.3569401841255155 
26.635997411593987 51.436889159667324 
-30.053318225071795 -5.328396787642348 
-35.14853210280168 -55.76909969876599 
-47.45816557206632 0.37550096853031906 
-22.021663141327952 9.755068613495615 
32.718687708513976 76.32661822289504 
18.533456281715594 13.06406547598864 
7.295186834036565 -2.316617057316851 
-4.653816945122517 1.201650124835971 
48.697294316720445 54.14346900260473 
-0.23882781933409603 -29.690239427808642 
-0.43168701830913997 -2.31472644550475 
82.78366452980627 9.29901201969476 
9.490202228404197 -12.58522352702921 
-11.20663536350983 5.5725676294919575 
-14.502569329746823 57.81298200709533 
-1.819804413596948 -0.1337015866319834 
1.01220277218857 33.51938574099074 
24.82680384007915 -24.47724075504088 
70.55089593815858 -80.23064295635677 
32.39154456673632 23.723830871389954 
-10.188029167539778 8.415741047918479 
-59.42911835326419 51.3277282632268 
36.315855351430976 -32.10712899223527 
73.58978734351287 4.1093316512391524 
-14.696627652708946 7.997442125155996 
44.51447227994197 -53.874777638948245 
0.06122770664465047 0.6853828030070683 
39.40887204462799 -90.8713186095456 
-53.626173409150795 -26.231271193065922 
-1.6593522385544146 0.09486549759677344 
-0.29793280497551045 42.960303850894064 
-50.618493409677924 8.355947560155887 
-24.067506301753966 -15.460584470803775 
31.223481600088856 -5.697278476024501 
-55.61905424729835 -13.824174354591873 
78.83424354191696 24.463807128734803 
9.421189738630932 15.97461219756206 
-4.569634244156099 -6.1484230194302425 
12.735692412021171 -0.012971457432174151 
-43.12103575056565 -3.058817097636688 
18.126411867651555 7.767916896298943 
10.1421848269983 -18.962108447452614 
-0.3872899014554498 0.9567486667906544 
11.257891109323864 -9.651375075766369 
19.25649689057747 -17.608045747275998 
-3.520798211845026 -10.995521385635897 
3.2720017809243678 9.917397704722504 
65.0093418108892 -64.87528032679218 
-1.1799527594100025 -100.32259551832027 
-2.1893227342785253 9.421723800028282 
58.90155620030856 -20.050185040660843 
-36.78919665259595 -49.67897279856075 
58.70852731362463 -27.151496835086864 
-14.30260208041739 7.136746584156708 
-36.87047290856271 90.6106394725427 
52.88889432135889 -21.798636467818753 
-75.68400118131697 59.340940075421685 
-28.149980352057128 -21.79362218436024 
-0.5321436696636048 0.3836965698355743 
-77.11895472219528 1.6935774797836014 
-3.8696017524083097 7.497194488038912 
3.2461529737912076 -14.7317445202574 
0.6487170591092272 10.397709572415849 
-11.706516290598522 -39.51218372796696 
-13.76802660459794 21.385662186583176 
-0.5807838960604921 -0.09968053465218205 
-66.00907687002936 -23.608572090402493 
63.9031940120999 -33.97176026387154 
-36.611450345256486 -19.671108953662674 
13.841008850808743 -8.589487578881187 
-9.692847504724918 -24.713413476273715 
26.14265508004378 21.014764907972246 
28.440744631697086 -60.27391027783123 
-26.82179518869429 48.09443656609047 
3.0407702234068674 15.503320049476109 
-30.8246172376354 -24.43769326194544 
-43.52990484370181 6.530334314394822 
7.874920630948469 -7.522862497625497 
-47.39100888783851 -14.324015532733627 
-35.516425461674174 -40.55336955172147 
146.6460983585359 22.906998071437982 
-32.10634233135971 110.17110132307116 
0.8177430873590273 4.124187402115533 
12.874418768776074 9.515338321597508 
4.5213686545414 -15.516627787645685 
0.04243682590557654 1.318831593564046 
-41.144790901990234 -13.733770551831597 
-3.04447839662567 6.09130378227371 
-114.43646919557398 -79.23541676032268 
27.867715691586188 -6.206341414093698 
71.0917957064201 -6.952376955965509 
5.618846151368543 -3.214721890600684 
-33.76331676591225 -35.7490286419608 
-19.553291232250857 -20.898080989469577 
73.89689421035253 -100.2371620270793 
20.962139594667526 -21.754961330519684 
0.9607828982721646 -59.65461999084739 
4.626485483707369 -7.449567489564954 
-114.77061985229925 -91.31312840772173 
-35.463218221687775 5.242880850685204 
-62.338684389430945 54.02754145492869 
17.716131016166237 -12.409662031244142 
-1.7457639669009741 5.8920436477881175 
61.09197411727059 33.51332340074951 
-18.70252156144196 -2.6146601115590626 
3.7953024414996905 111.4174936288315 
2.6136745882605403 -0.027739193222891673 
-26.710160033368428 12.674242367277468 
-79.4486751971753 -15.324283419519489 
0.9299905428118637 3.441580859542067 
-2.5992291664447276 11.13012578949934 
19.356051116561765 8.503844578856075 
22.19794256339595 -30.127439047950645 
25.25251633536938 -32.02526755320063 
2.4212727339682427 -13.405284533562256 
90.67925990550445 -2.2108828119341366 
23.394672607345484 9.69321336376798 
-16.010455974736587 42.728203403018924 
-20.659883931169794 -18.143543426479877 
-24.896418304686797 4.818335960729139 
5.817752095875783 0.5892852001739103 
-16.24559085420571 -14.614948925074174 
-29.97433584165312 -18.808501283442105 
-30.586197611109544 -25.37119633287556 
1.2566639431556839 -5.066778583078682 
47.2350356668533 -49.61507386421332 
0.11821567112005031 19.804239373238183 
