1.0
0.5
250
-0.14388895773071653 -1.6446641255357757 
16.067813921001697 4.2396651134325065 
-81.15230465630593 -44.47345480312572 
-38.68588650353576 -13.377804892348184 
15.599066077408414 -83.34108283518448 
-4.3897188269024 11.814203583055374 
-7.389899806323872 6.239986694923045 
-48.226745461370825 5.024797875979537 
7.766822921265533 -24.313439795700514 
-58.92758046232091 -30.276970565721 
51.81137632070276 -27.763416676241246 
138.94221577856075 -2.894634075765033 
38.665376796875464 25.71345948382064 
-55.746629452464596 -26.328359039758197 
-45.37854577908467 21.305051914593303 
20.133993457315405 17.233251389779273 
-10.587857899989887 8.838712012646914 
-47.421409246861195 34.75830399673543 
-37.4767216396913 37.01155769362218 
18.562827448011475 93.93748757261928 
-10.944966883748734 -5.1585282145054245 
0.1597981163359035 4.593210448195496 
5.4367741755121735 0.5224696722306426 
-6.021415759239959 -13.642293843355372 
-13.157253389339477 7.9111085162686114 
20.44641221909754 -54.78918158778947 
0.22573850707303603 -16.13269023465117 
45.121808888896894 -15.545297140942596 
-34.77193971680194 21.328006799801866 
41.91139132007135 37.52965738238982 
47.0016263822181 29.028476909281753 
32.463333734558766 6.570531297744729 
-38.81910690562276 32.39669440956434 
-0.5493915968394524 -3.0533528582345624 
16.56060729120142 -40.25552710418192 
33.14347022542351 44.37603062493056 
-14.20443840959675 10.419125502317547 
-5.261611476020779 13.691886637384773 
-0.11338962875705151 -3.777527139875814 
-4.940367192098368 -2.682042297133942 
23.73235926719234 11.378417602883983 
-99.80412012230494 15.604944265880322 
31.4385009894171 6.34423948382834 
141.12838104804712 26.325189885718018 
30.725501516873067 -28.982915899175744 
-11.279137150564992 21.51427303992583 
-54.004014978057654 24.35384770627523 
82.1097291513957 22.747863462905173 
8.993634877694232 -26.879826367326558 
-1.0421257631165302 16.954166896852684 
-33.596130293677845 76.06136815313333 
-28.948394476608772 15.554615088503784 
20.04278050209563 -18.989377732465275 
19.169782816819254 -17.99002609388958 
-3.157830352672995 3.5149743275430305 
20.72876096219369 5.15490644882416 
0.07836494146891483 12.59436901978458 
0.7108605237037369 0.5508405205757491 
-107.97768114622477 -18.612890006733874 
23.85192619464296 -4.004947675729594 
-3.2787947740008665 -23.723219018317785 
-45.27492951125041 12.538540141242636 
9.94847815892169 1.1831892393011694 
20.149759890931428 28.188117551617715 
28.960018742143145 -36.47667232538899 
2.633997048808561 19.72502597550011 
-41.497189257850714 -10.0208871355723 
2.62683295157347 -0.5354706890909136 
69.00529428805874 28.214295925318158 
2.30694131599911 -3.786364523775699 
-5.277497544855021 -14.703656605975826 
25.73873800929582 92.83956087156456 
28.046234877688082 -4.698096991604189 
-49.78479162970556 -15.550625196347207 
2.183153059746684 -9.641063545259748 
136.20377783695466 120.9272957644152 
-95.21340799849412 44.594273617903276 
16.79998945682374 18.37107340964817 
5.609771117994201 -30.233999236659397 
-0.23391608312396522 20.67890733924757 
37.32037559627475 52.56269604299383 
10.596442053776912 74.71718665044432 
8.52393953001576 -15.179193991181075 
-1.6320533267444994 -6.801196243644021 
2.478017985640856 22.63215187190859 
-15.064438071686475 23.424688124910194 
-1.6285490259452422 18.15750476236465 
-22.422714805362894 10.608884110406763 
-27.725167895446873 11.531347959206645 
3.8903627875017626 -21.648196648175805 
1.0908758215082972 -17.87531690463519 
-0.6798673103193986 -10.713437422587141 
31.44593403062817 -28.333698741712183 
-32.50210889209727 64.53808859023158 
-23.079159908344955 -9.647345198447649 
11.8152491232518 -25.71300498719787 
-135.9232766749998 -35.42369181860711 
14.012063919181003 -32.85566067994475 
-4.415328807721225 -13.701039899259174 
-5.652622111939081 35.33215225661776 
4.3806162085875044 -1.140137350952029 
1.7358722191139548 -54.10202151095523 
10.164595011600776 51.27480031001737 
2.5264195652247534 -23.366110048181802 
-27.460511015481078 -12.722222200938074 
102.71655250911539 23.212872668498445 
-26.287462755884626 41.02069002068095 
-5.006019001625941 -7.847463190455371 
-0.4107724044897198 -12.869902603508189 
-52.292929359561974 51.82127011760777 
57.87035727706519 -12.57987326832199 
-8.322663211179027 66.14655605394655 
8.698710540608262 87.98635839371583 
-1.7600273376027566 -53.26463099799861 
-11.61967776518703 -17.21138404452237 
3.094752605061354 31.132683683806974 
2.5346495151148587 -3.4510314682334586 
42.409014228232294 2.8933168240952054 
-91.52337558696699 -58.32831928498068 
-4.7032915092945515 6.264192235746358 
12.389783757278163 59.20476972349272 
-0.23244631477164027 0.03713505970481506 
18.615417756819046 -20.59895539809124 
-12.4292320783908 -5.204083785346508 
19.890885739551056 -33.92563207983223 
22.565317072133123 27.875248589054365 
29.14729700090431 -64.89101194894539 
-2.5387783604615546 2.306841094402344 
-41.75951012215885 -39.14205459582269 
8.824455694647595 47.87759985483769 
8.778975721265118 20.944640342498424 
21.43031934532171 -89.65065139316023 
-8.32518734335812 -15.782504722419583 
-18.5332375805294 -8.984739708644826 
-31.632798526385596 -19.980417289430115 
-59.64479103484838 -11.319838603622527 
-12.073137399306594 36.1504515651688 
-77.831434814698 -3.8191920514756723 
-10.750160928053932 3.0165921229918813 
3.7068104114297915 -15.421161139017274 
3.043724803546816 -2.085516508384347 
-1.6341353228502808 -52.859915290066404 
12.424070238568602 22.532128454323665 
-16.509378096225237 -12.342971701323917 
24.588777811533642 81.5368799794559 
16.978914120661187 6.6184735210574015 
-5.028900619796735 13.298369664192162 
8.816990821107812 11.281855103413013 
-26.788608311907605 -62.67698938848551 
-2.9078811702973053 -30.05380876082702 
9.701377080717396 -22.315624721811783 
-47.16910541655512 -45.00186056477977 
-35.349601334245875 29.136131871757378 
7.646690983157926 -80.71556280237553 
73.6161086613197 -15.300012920672275 
17.10406291008051 -14.561466213832958 
29.468365809195685 6.343589924906932 
2.03515125856928 -0.9129090259427538 
-12.293239521266825 9.038159991379215 
-37.05172832765261 -10.896728665418856 
-38.11664533883875 23.325556252335375 
-62.072354468994575 29.439482831479165 
-6.934561216566381 2.0840785021677526 
18.159392337580947 -3.5428230406395453 
1.415155970358346 5.721459938603744 
54.541043773950804 -53.91504413754553 
7.210715554199338 14.873416477098377 
8.080106783183854 21.098092099635885 
9.567610756297313 14.557585676234613 
5.63387729781345 -8.625548523545097 
-5.510800040666791 14.959184489867692 
3.4691390564856706 -20.56452139310986 
-2.879604474734775 46.42941915563978 
0.15215071435675387 -55.256797112202484 
30.244666145161705 -89.51547830597416 
40.50532294006078 -2.015082775633109 
-98.22475537902214 61.92832966122072 
69.13195780759065 59.64404904890472 
1.5008358664409656 12.3282658976476 
-44.14624031591722 11.605697971980021 
10.381224237158314 32.53463571060187 
18.928209938809786 32.090990041694454 
-23.093523717223547 -82.67899750569148 
-39.21512938019525 -22.242488518979957 
-36.748439052641224 -16.878794970468384 
26.07248346377875 -5.692348986605839 
49.90607942953791 9.843436047401976 
12.757033465282253 13.79558189761097 
-5.304106519678156 1.032855884578547 
5.371637942370393 -5.284330300355254 
2.277493334366807 -30.358259740083756 
21.608577845480614 -4.834284135362543 
3.1244531938216213 66.36262624083182 
45.716811758856984 9.052683792110951 
-5.944577852318805 -1.3116767297481768 
20.213355881124908 -55.610950831910266 
-24.150539616548667 -20.152650405968007 
-21.344106771833776 0.7562162386803656 
23.6719453415786 -26.85280399096966 
-10.266169707217063 -3.6550756358849177 
-3.1690676368486255 1.083059516443466 
25.470259003488124 76.92510480718889 
-8.520200643286499 -7.376831866146689 
-0.38621713262517543 -6.363319847508887 
19.26607047237824 -27.09516545560733 
-11.621608480177514 -4.747437773351365 
-3.4519477867833737 -3.401800488020836 
-2.93966312653844 0.08672451966853988 
-15.655650633264225 12.343940441061228 
-30.60200835710168 6.941711915418444 
-2.3009385018192723 -4.405159216454845 
-15.079886358505123 -27.135103099624043 
30.491136814542383 -37.52128292577907 
3.167545814841484 8.437230158478698 
25.38146459730063 -16.66226109911868 
-72.50665941829176 2.872926330350588 
12.377930223218035 33.9476933259768 
5.908075342962341 30.408898008050855 
-18.53251451876459 18.059667254573675 
-16.16573610290018 -31.125250563715092 
17.764660620889398 -48.1779778300777 
-37.77518976431296 17.305361400957437 
-33.10320753762172 33.092894917747344 
-27.4543993509769 -23.531685777392838 
8.613019203603107 3.194113002062134 
22.300600112312065 -11.941492652406286 
54.34457931792985 -67.9463688056082 
-20.084533117268638 7.976214006512234 
-13.705193778889589 -17.448574736586636 
-65.86091161127122 12.145452900267987 
55.897010109234124 8.753072041332972 
9.972789809599256 -40.98579320501308 
-22.904426557757827 -7.409086609428606 
0.2028688998011463 -0.3693890674072494 
2.8760846283724084 28.94851915572126 
-1.3052227748700818 1.273617993291693 
-22.984225533491408 20.191455993948335 
2.6578784012385976 19.58479212843885 
120.43876937258872 -42.057301603432805 
-34.875599123455736 44.36246328104806 
3.156059517045699 -2.207125893662482 
-2.179975672212703 1.2689739443669923 
-33.84903951853132 -38.313118615951836 
23.116376207582793 5.670321621320988 
4.959098678901105 -25.257400270290482 
-25.246600519266895 -23.216609650916762 
18.4579453928412 29.836397628224145 
-14.880504120308068 14.358300445808114 
-66.51024465366415 42.853285152490564 
-9.859518668739243 -13.575716988208923 
