1.0
0.3333333333333333
250
-45.93816304125991 23.2090816960401 
-50.949572528602275 -28.816948105091768 
58.505177264268916 -2.092176172035112 
-36.28261169061096 -44.79039548660618 
-21.43886047250419 47.0362369982665 
24.35868312134101 -4.400692172066188 
20.36419142584322 30.17019528314381 
1.7259317664682987 -16.890392402068624 
-33.62889138766814 -9.873974757257143 
13.82900075457405 -49.80976707453802 
-79.40958090939125 20.987634481899704 
38.769547715737524 -8.914456961927703 
5.28306241917288 11.136395382579126 
-20.121015420161243 -72.59168794255795 
-1.4721194144496816 2.8317386629767323 
-21.54329058150046 6.006810663416262 
1.3679108940228233 12.197053351200461 
4.964744156721685 3.697633601042774 
20.97427478476372 15.825831272166267 
19.21239555624887 -4.24414039827193 
34.59028430718365 55.642922118264146 
7.63691599009037 -16.80393899985629 
23.083969008566026 47.049837484048055 
-20.59301833457554 7.050152907907523 
-1.7380225350578145 -4.113169426967289 
12.526703573122807 -4.272118141838274 
-13.834387205346637 11.688900797128035 
-2.539047323176965 -4.329320885254403 
-28.117044954268838 20.998501905725938 
8.809390564724412 21.449769299505714 
12.293482704215828 -96.1942378383181 
-0.7082266220662699 -1.1721149583134058 
-32.80470045903744 32.82228244308905 
-9.535435548129053 7.69641760497529 
38.65074380113152 -27.039588936773836 
-10.334673992847431 19.479014332759007 
7.45726690715129 98.67033315846939 
-5.574859748228043 -6.199240830038447 
5.473171523693521 -8.026785301705084 
-37.045527398411586 -67.05343558566136 
43.12596385047012 78.46291750086606 
2.5872367523387543 -15.736439168081553 
82.2875817312808 -35.275014929613626 
12.886940849223441 18.11012540253518 
-1.9622670786653524 -7.3112737630372395 
5.8770502527889965 -20.231244174697654 
19.78821271925106 -32.80221115166503 
6.182018742974257 -10.057842895468884 
50.36335608326906 -14.881026245930864 
33.75664065067207 -23.095393709878124 
24.622900440595718 -6.146037566689996 
-63.4153663514213 -17.170480023501433 
46.5873680494469 -28.749048603227987 
14.349585243527153 13.593671895140256 
-13.52980886183952 -16.56827956197556 
0.03315559725238247 -0.03163186739635623 
63.355073046865336 17.627578920627553 
13.775238466003573 -3.1740330848007274 
-58.38592849013039 -8.005307218140537 
-12.358275342439397 10.29033440747123 
-33.16985035814138 -3.4717840567302285 
-7.73489753470737 -9.602710285411954 
-28.74770709757713 -0.09764449278963828 
56.59783439164119 26.8349065219145 
5.803590745814897 3.981207808880353 
-51.413894124924326 -1.800842866384263 
17.25845577189547 15.011786237403017 
4.929066071000171 9.128127073423473 
8.611515163233124 -1.7719151809466456 
-3.2936002352624176 89.28473404723148 
0.6202920129220109 1.4383567680085605 
-1.9640598193059857 -0.11529440919336266 
-3.0617148590371945 -47.80193564670433 
-0.8836954073576416 -0.06085100415053949 
32.25902639263371 68.37183409550146 
-24.760241247910038 2.3247663752835077 
58.4028784563888 27.123179876278062 
-2.4953904107332656 3.4380397993283673 
-7.850826295607648 -5.836198642398622 
-5.079524936158128 10.583134297712697 
-1.6599369952766492 2.464020205894887 
50.5785613673488 -36.68898371568578 
-28.377376533304826 8.931119375318245 
-2.1109535551430416 -52.37926438812973 
-23.226441526060555 18.826328944102396 
2.9423068803607815 -17.250474315483437 
4.816526194048224 9.69666826667555 
70.03561390649728 -27.11097739964138 
-77.58794117752873 11.916802451655728 
13.377357663697259 -4.3215298062012835 
-4.311634877344304 -11.619439874523865 
29.213801789766173 -5.055106561409973 
75.78994578325195 16.626873859576193 
9.030547215735005 13.902410238491749 
22.188321961641574 45.104935975062965 
70.35478976106144 -17.706166282524197 
2.8660067721578413 -4.4966410910184695 
-19.851906659706398 -14.533972806626897 
50.67371299364095 29.309079677410594 
0.17433357310495345 0.150862272477025 
29.31862943808691 40.98106750949504 
-1.0606800576118403 1.7062028120740262 
-6.469195602743212 -0.723074088075667 
-16.967616458067365 21.91487326961132 
-40.081165605785124 -72.69847335519363 
-18.79969616079588 -32.80461801026911 
-48.001147936900125 -9.60033822103798 
-10.91196649732572 -11.985610386786233 
26.795815389432942 5.2027889463909345 
-29.76186273368158 -3.522361945768103 
25.58022276002197 9.533622967075948 
-7.0406467801968615 -0.09933040102604354 
2.274689980279765 0.10823930169876517 
-8.273882120955864 22.939479929034007 
-1.8279808994191238 -3.4000728886023555 
6.709569202520861 -14.113363932026306 
-2.407715194454401 48.78234149887249 
-8.423833080762876 -24.9113228367455 
-9.2414730172568 30.950552003121025 
0.9160441061029877 -0.09719309073942568 
-16.73545229968695 -25.41667626841294 
-124.16277495232002 3.3615961522237 
-57.98627184763679 -6.746179450738616 
-10.815349175798744 16.007435976191264 
-19.67311798751477 -24.003308472056062 
-84.98388191706941 -72.99119616431705 
-63.8692784845666 43.46600913112435 
4.3359188753178115 -0.6959951915424486 
-12.617356654941435 -5.477693677894349 
0.43722203337997545 18.220770095707145 
-27.395111448617914 -20.69139862850002 
4.886441459733891 -2.8988407011332926 
-5.884499520955463 -2.836477792829305 
-44.173453581445564 40.66386226568799 
-56.13246343608355 -75.23942174787855 
-10.737579792600554 -14.906762659169287 
10.480052105955508 -28.69213265493795 
-4.1497608599634 147.11213292925294 
-1.8117823180035988 9.145852026926502 
5.312073194491339 53.150702683426076 
-92.0213752285759 1.4344817120154174 
-17.402800100012335 14.657041476928587 
20.80869979371411 3.9881440635404015 
-16.266319062708206 15.807031022514183 
79.01236355222156 -32.79816659477911 
58.431215865976334 -23.06464723600838 
24.955776077264446 22.62502767898853 
37.65760763924584 -39.66173944294755 
-3.925633511743082 -0.4481677577690797 
21.902286906630852 4.241783503910065 
54.47905703472034 -66.16688054462978 
-40.21822204081563 -15.515686184066972 
-30.423404775691758 17.890199524078767 
-17.53322591779376 -14.000980526225588 
56.75241491609958 35.778023282801776 
-54.00609531860102 91.79452663464538 
20.826244171155473 18.249067235755035 
-62.59094688480049 -46.01672271484444 
-11.906807796069513 47.80702398301914 
-12.094900014477785 15.986824843520553 
11.58270066341415 27.39474797650993 
-88.80372131927504 65.49018567681496 
37.90203476800088 -8.663155205454569 
-21.84216422106847 70.88530352929997 
4.3711364134688075 -44.45690691081294 
-25.4785615613705 -21.920565235877515 
-7.365021914427446 84.60320757597873 
-39.94915068601806 17.957221434141477 
48.95814672118868 -47.15859228098409 
-15.115105262847768 -14.916034809030592 
66.49157429188423 -43.615409801006514 
-25.77521361756753 -6.934113940052636 
22.52424707896326 68.32144908784687 
-21.721475202086264 -2.4571825800561453 
0.8181134070729511 -1.2115870341143473 
-0.2914623476211765 5.537585320356334 
-1.0676924806480572 -41.50227840317743 
8.21323123391157 75.56509932660107 
48.48757787482775 -29.395885301019376 
-41.09631607219746 26.35289465937212 
-0.25435650393307785 0.16854010148705792 
-11.927657720159086 29.80801879697923 
25.235285255598434 -10.621082229263404 
20.391189068138004 85.7341109656884 
-12.336200644385361 -77.16649833488181 
13.47902555116705 3.301015546092723 
22.412217665997446 43.649655499573996 
5.4385419641784 -29.078981424661787 
-25.568132403754948 61.87515460005206 
91.02538789661142 -42.9224068555389 
7.3084071908111135 24.82536388575123 
9.198854486912252 3.8583382695299564 
13.830594677652686 27.006758836494523 
9.42973275032684 -12.696493571707517 
-38.1520753291506 7.200228045800631 
-2.7531504419243307 -11.449018617975723 
-10.680628935394164 74.13515112397421 
-30.79421769512559 -53.421137602287985 
33.47072881712476 92.30000939418862 
-21.451525638472138 14.662331382570873 
21.74182286759296 -70.58252938558704 
-2.66514505873458 -8.674041245129734 
-18.884851076827427 65.91613431871487 
-11.256385697950515 18.388018010110944 
6.69537084438081 21.95591244115214 
1.1901535512768142 4.644235133419662 
-3.7991771755903696 72.92088493237226 
-6.160104769714366 56.8770020817425 
17.710603521941145 -34.82692531950645 
1.9654323688634734 0.42458743342483474 
-15.431058714631517 64.86932071310069 
-8.33049393636157 -43.779200812810856 
57.741821917863426 -65.79553660125765 
3.0570533146862817 -19.96501533516658 
28.88308619947104 -6.808432594957214 
8.148175030414045 27.240347869431638 
-84.39936683771326 -24.511511647453336 
-7.974171640804076 1.2956690458736897 
8.548902588295514 56.87437367342851 
-32.281884717174606 -16.565428603090822 
1.0939974078651296 12.177843124426953 
8.873928905134653 21.574378178357033 
62.42045115926322 49.96715683993029 
-8.285452411635985 15.63272220534547 
-33.17778650252479 83.46623967611391 
-39.491665696485796 -1.7257917947815973 
-13.244040910239852 -30.814128831828164 
-8.009421663200547 53.95942129007234 
-18.54434999776712 -18.848101913634373 
-43.06760427173436 -5.529840653896895 
-8.54601389539786 6.999985590316264 
15.658055452188837 75.39260206528876 
27.12904290244935 -48.556059291750145 
-16.10494377452556 8.14155578915884 
-55.53305755968418 -17.847246272766387 
24.254812382875624 -1.1872183146506619 
-17.330950214998477 -52.588059312263844 
1.3933149095907396 1.906972550135671 
7.0750965089074755 -38.45741924643629 
-9.326494264852117 -33.04714806833054 
50.556226310638586 -44.254461917164704 
5.561118480324793 -22.732386119212222 
-28.74688671445212 -77.53923364368248 
-41.343210983683406 6.446443370670966 
-17.2819748691679 -33.46944932059473 
43.72856437237667 28.867051377151054 
6.876849021019678 -14.651396493067969 
-13.42069084273248 -15.35450314891667 
22.49439993952197 -12.85371225638696 
-3.216723109168018 24.78808562326416 
