1.0
1.0
100
20.960526496342617 -11.838737654991492 
9.163477240720118 52.09095675742076 
17.501119456857044 1.04519814656339 
-14.56178579819542 9.803148075848462 
75.43734103533275 -22.49198475064881 
-31.362761726710954 16.652693186712497 
-78.74955330889874 -38.91823070864964 
-11.966789055885314 22.908402077066288 
-25.95804304093586 5.410515506958977 
7.34131786873606 10.735347051516149 
-53.032229685312274 26.84985881577337 
-1.154129857070505 -0.37802821796960634 
59.49244177659613 -14.941863201138379 
-25.633858478841884 10.48798854239624 
-38.09332258714911 -60.66093938732946 
-12.151887834402933 4.3243762430670225 
8.356236342674327 0.7326544938219588 
-65.89222250602475 29.14903495262919 
-2.9179416064252925 8.308273237192902 
-3.459028023626804 -43.16233801532223 
123.52905712689213 2.995350174524903 
25.88989573300842 32.41152958146132 
-4.6920545359105414 -2.2842633536188037 
-70.24605504851242 -1.8108067432073907 
12.5467352954809 -27.859960260216166 
109.4307256079884 89.29390573339042 
3.4123299004528294 -4.1293946480159205 
3.9177317509305403 -59.81550394333279 
9.562556825002007 15.580569288058816 
-0.5886592305610897 2.4914126320282333 
-6.286418049355772 -53.1974693505904 
-17.337108919354694 33.06916887903623 
37.80926529453166 -27.715016310514105 
-63.23994921209543 6.834445105422713 
-14.855128006667739 2.8743603208206077 
19.89510581129265 11.332247261634409 
10.311228580586747 5.186584762878432 
-10.52811406249974 -18.36674233009419 
-91.65637386517766 21.89000514306785 
-72.42578684267356 -2.6434401572463484 
38.50530743528307 27.244368013421795 
18.92195687344064 -27.896665179552954 
4.063323722539819 108.40195169449441 
11.708407169956736 -23.204612084606676 
-18.600601034643013 20.475079136176255 
-32.64862346612876 22.047218350081796 
101.64719383132037 -6.4292618545281375 
33.35583878768662 -8.05147570117604 
-0.726998961494175 -2.55991793875725 
14.845045654035173 -17.16733402794546 
-37.566774375588835 -25.688784722761266 
-1.8189867131236954 -5.181663883717504 
28.067706042830576 17.407349837257378 
-9.96551611906214 -20.575058341079874 
46.909634671734274 98.65609976804181 
-13.039467541863065 11.992659219270626 
11.839408222509997 12.602972438965631 
-16.68158383818181 -15.724270122129079 
-5.062087684885603 14.343763385036516 
-14.05057754762597 -61.134769705926665 
-39.81700934646717 -38.93195602809948 
-2.2555789375294504 -8.05479699247341 
-1.98064306810491 -7.885669081394559 
-15.510117690858678 -22.03675185338528 
-3.918578727290536 1.1694451625776525 
-15.07032904712302 26.933799286698484 
18.904038765536292 12.53150114711924 
-5.829890890037611 -32.04178438100124 
64.72182208246382 39.50273409223539 
37.603459964896494 -113.29072814325671 
4.40778391083142 27.879252128023154 
-2.234913905294466 5.8219112301326 
23.65270455612732 32.96053327038656 
-17.731783451115227 -8.509927919342475 
12.369633298301645 -0.7404186562533812 
-9.193400216577794 12.422421565778444 
41.53553730576081 -15.30621135304051 
3.0214100710967444 2.616767872359725 
-18.00829271960287 -45.09097005929495 
-27.791250337033908 -39.55256371712891 
-25.03317038397326 -19.437330552148413 
20.962117880443152 -2.1469685521199775 
15.716186962789338 -27.47959698099177 
0.2708223747569771 -0.020302618935744487 
-80.42041371058023 -29.277166021334864 
3.0880066829294113 0.2756431892611806 
13.933359977165393 -13.290421850322337 
93.226103888768 -21.392357376365776 
94.4460467322108 68.49836806666605 
50.59998109587307 -45.200092438133886 
-20.98430843748698 16.650562651469368 
45.72005765693049 -16.89563526911538 
-35.53333243479094 34.928230619588184 
-38.216350046258846 3.553445730388661 
-18.450430551388205 -55.95492364371804 
-59.685013559072395 -50.381570399750295 
-6.8036055390116115 -7.725015583746751 
7.989569417437769 5.83511545310782 
42.69201341914881 -18.370395652506666 
7.815012002099967 3.470700422076794 
