1.0
1.0
250
-5.4612127869456675 19.68201199856601 
-6.9815670026408245 -19.848299263699623 
59.7942695340363 -63.70606686705417 
-57.91933603451837 -5.0557167755813515 
30.31254397123899 9.944278524599476 
-78.93589092044058 62.89399200461631 
-11.904816897531976 0.3137109506560922 
54.97284528881976 16.52730339413334 
4.2773068142478445 5.3137690557290025 
43.682893866830895 16.204085779441616 
-50.52740435419828 76.68491087783173 
5.267248792296481 -104.62882258419118 
-32.277037391280714 15.12841444605457 
-0.7957951574697684 -32.4847997718879 
3.084940713924997 -69.10637666373474 
19.204810324378414 -40.416629344557634 
-23.37869858643777 -9.6593459911809 
34.44513444125217 26.933201902028394 
-15.79273510689378 3.687752833760139 
2.428091812976163 -81.37283364391854 
33.82753594092405 5.417532921432226 
-26.918613060406212 -62.25357442127986 
-34.910150423962946 10.274693870228774 
-36.78150559054891 10.487441188214257 
78.96659364576432 -0.6835101477285602 
54.10991923646941 43.361024484560744 
49.65073495079114 -3.901372932004323 
-11.998958435549918 11.247320247164676 
20.763327020537517 -3.4698389119358692 
4.0896433317497305 -2.4897660254349763 
70.24252400284696 33.37016791247566 
10.931931017207877 32.88939587031627 
-15.489914344310963 25.217730795894976 
-25.197587954483314 31.27180192464013 
9.590530410116845 6.856252277288412 
-23.80324031327669 32.15421870565926 
-23.5872392881132 -30.457747148238163 
-100.53958248195802 -65.23638525556166 
33.50533839711486 34.295234345390575 
15.225745220648138 34.96939467573762 
15.345542952795952 4.4881074876016065 
-18.283690252703362 -30.944660968737484 
-33.77940685707888 -28.987567950259166 
46.235836592211065 16.924011900151104 
1.394919489595044 -0.5779966017622322 
-7.531937263767989 16.91456067552733 
-37.56956381620773 0.4338867768206324 
40.43074308419652 31.238820303956622 
-1.7368800286542985 1.8172683609125408 
42.44604547957757 -39.70907246693013 
45.074951227626414 53.814694578058806 
-0.45641967639067005 -28.85160942590821 
-11.855280575988987 21.35140875350195 
-13.22171677454619 15.657139635363713 
128.3334094879559 -18.30355975640542 
-70.9418598089174 -92.23590231722243 
-4.3587786238864625 0.08479913237455125 
12.625444728718083 6.252543247779314 
-4.469689205535712 19.527948576006587 
82.69501544699155 -42.8919586271715 
-1.8898812126515638 -15.93893317018053 
-54.05194454321205 79.54945925691607 
-9.387641116810052 -0.051458771727899755 
-13.053376647512723 53.32932009949725 
30.189977951246494 -29.464390062473342 
-23.95168423463053 -6.483686412809141 
-12.433432039346608 -30.124977208526328 
-61.42780188185018 35.87582008036226 
82.2984486561278 -73.76562775879746 
-2.137826036876777 13.768856173335163 
-26.61990735260731 -4.507739915899132 
-10.058664833986393 -4.527711866577882 
-10.997466975681224 9.215161675694452 
1.2970844954059322 34.711622669381235 
-18.832197345900614 -11.268855474561665 
-34.129474820962535 95.80216312848414 
-7.649577745670684 88.31124588595873 
-61.61012257683798 20.092303933384862 
22.70280818047347 -1.6545923821665833 
-12.143366751288408 0.26104439173354627 
-23.23054565772389 10.09424340261943 
-68.86646833287782 -12.770503779688475 
-10.315978684903532 -0.3748406265473913 
-21.65905441335586 -26.0713095504171 
-37.725653879966245 -45.7896035542934 
2.95598147315805 8.900278282352348 
-14.592775157945546 -4.371054784733948 
-19.501998775603848 -43.418972531626835 
-35.8815748056754 -21.973096832491034 
7.501717129908377 48.14437630622368 
-59.0892883817616 65.62173327635247 
45.23527737598319 53.57455844238093 
-17.190797039175116 -11.130510576276373 
-64.72700818175205 -66.41333914331648 
-43.61069920620662 37.7828901204833 
3.465227847772947 -23.33942597565754 
6.8574605785312395 -38.712117176690484 
59.05042880818704 12.151210071780236 
27.205407453502104 17.467452590089778 
-49.74215468699668 -30.126611756918372 
0.8704131963626419 -2.8620099043115808 
20.400012557677105 4.641041154231098 
-62.34186645250404 -9.415886706466653 
10.657847449639165 8.151245632905958 
-68.3748361614525 -5.530768564240066 
-57.887852442139035 52.15021795942446 
-14.938800025465726 -12.699897503975423 
1.1703581833409937 -1.2148666015677243 
-8.19615963627891 3.8914579200798856 
-38.67292515423981 -17.903852706895936 
61.68571919306016 -1.280816451554961 
22.00290453897358 11.73113428466206 
-15.198528434546603 2.3223145058903922 
-26.216576305927603 37.72957878003196 
-22.511297717015204 -13.34257212691383 
-12.11095464367661 -17.46453701994813 
5.184302383176449 -8.7329248633789 
1.3501705514549205 96.04188507176995 
-0.028601714123579883 19.840437538804714 
48.53777639396549 -3.8624704100615546 
-10.135453480207572 -39.62704023481499 
2.28890577941979 25.03173442043214 
10.867344505145386 1.5083831669083587 
47.880724949262785 -38.55488485290895 
-48.75569822559244 -15.07528099028596 
8.538427397530587 -42.85407131537616 
17.84852800717533 -38.87168246492511 
-32.773425419832876 -16.587301180058326 
-2.074020422657977 1.4548360791270079 
-12.961852206437204 10.242976719267714 
-76.2286742226826 -39.114013792598364 
7.1032906265146165 -35.12225668254738 
-43.835770839797796 4.61582207892163 
-69.70857696990026 3.843602996245292 
-39.084435340440464 -23.157949866418278 
97.58369076439622 -14.59510132187642 
-20.652606585989787 -61.13858688750312 
38.50654792365618 53.6011173910711 
2.8081165324205943 1.7888120027379144 
1.1930755360534688 10.747421434154349 
-61.10967746966158 19.59458695158621 
-3.183044754067252 46.300974416154524 
81.79665771184268 -11.976300587814183 
-5.006302116359355 -0.7346584730461417 
-9.753510713315022 -3.8576822648388496 
-4.528117134465706 -1.1706705478799861 
-25.910600149905477 -48.002434576249804 
-4.931417324654045 10.764631210949265 
-43.799461958467425 38.55644985029528 
-45.5509345996441 42.1882107243134 
44.987207686645654 -26.778245969772435 
26.035166217390188 37.97924305712131 
2.3995413422965988 136.4520007083807 
8.898486624941105 -21.788282115061282 
9.70430340790946 -3.2458200254451883 
-23.85828910220041 12.893438892604072 
57.05049915544625 -2.2532390278232883 
-0.840506781024386 -0.8765956141751613 
14.685506209153367 1.5497572512248259 
-5.359567993558407 12.838749588631675 
-10.973731022003472 24.29214612871517 
-4.8463236484779255 1.4332126557614824 
48.713022910383245 0.6009842327413295 
44.01733049028359 -33.70653057623531 
6.168163702507019 13.828429058552903 
2.1433085329937356 13.997698339025659 
36.9227222546549 -45.35420434362999 
-26.466070885456176 -21.22156092411792 
-8.60484615260058 48.92075975875552 
-2.893151867101084 4.787883337002341 
10.392654584443603 27.01468833798335 
-6.149048634857654 5.760036735360157 
-7.503558884996799 0.4946316092692132 
-27.945095187237904 -0.12998148954610278 
36.945118489929214 28.56152104740689 
-27.044863767989316 -38.95034554443863 
21.011791828136186 -28.057831678391604 
3.9169887256529083 3.9364461074301773 
-1.3321205229006554 22.65184340905742 
-5.141209589376524 -15.266529873074443 
-34.075083724323186 60.18046198139799 
18.36269774608512 -48.57157956777903 
-68.00887938921475 -89.09594021750178 
-2.8147992756402718 3.4577583900753073 
-10.105275864300213 -11.807146979938066 
5.247862820104801 26.27914710715958 
22.1335273772442 -61.03170529003767 
3.208567105137154 -26.8282827773505 
-0.6450606453407004 -3.435695813614832 
5.202347202778672 -42.84765648438248 
17.016107414345516 -52.68753028115816 
18.14025615573723 -49.374571210083936 
3.919956264493666 13.706131748519597 
12.215593447434266 23.390785309533253 
-56.73266207235208 -50.476195877999885 
4.256609606291379 16.687257244296845 
34.29391604984724 54.67413179768279 
-24.507263095573265 69.79985294836273 
-2.9164160543116893 10.763645712336563 
-41.36889698540648 -57.23936331979981 
11.094491823153497 6.280171477393382 
0.019265083676725133 -31.945116567260058 
15.23306452046499 -5.753815941574299 
15.289345186358743 -21.870865821188364 
-50.1485089874392 58.836596198325836 
11.060901921707096 -5.386853621447601 
94.93994707843035 -0.9960204819766025 
-10.146805160248924 0.15845995590008582 
-0.1501684380618003 -2.278425606225309 
45.56129583912937 1.2126377758267284 
-2.7466482564357295 -24.925122174923768 
-25.789940592927387 14.028831265922753 
76.51572698181843 4.290171837893552 
-17.23249493909342 3.6888449147173477 
-32.65201706059621 37.931962310145664 
4.5221761658762745 -12.502327093808315 
-64.65207666084243 -23.5319825453567 
7.698272943313483 -21.32477650096969 
-44.780188203728365 10.48175617663355 
95.83888329188602 7.7770747827475715 
30.763693998405007 28.783485774443285 
38.801086243109474 -15.302184296231552 
-8.279147404251558 -8.840427688310536 
-61.00211205103614 -17.882255842170373 
-48.213687031174636 -24.529401248645136 
-3.960690156198421 -21.814857555035964 
25.87607472398505 -14.967730820014989 
55.685266513299865 -30.364568012072866 
4.207673822048097 5.400478706751545 
13.374271242547444 3.623601240783826 
54.63586220736421 -60.74656135689003 
-21.109970221677408 -6.36830430118567 
-126.2735686392659 -81.4705343361806 
47.451187143074854 50.603106941271726 
2.6402854297147758 -2.629579517559162 
43.03752601876476 3.899162924447415 
-58.43670027686399 -42.277172318781524 
9.88688110389236 4.485661607705478 
-72.2309542261326 -21.9412724922453 
38.5618187819279 -27.32129840396023 
4.0372354050281585 -1.8227036625126782 
-0.9281973941756955 1.2858468621503043 
-7.909249205208345 2.287043433794923 
-35.85858076464898 24.445284339751648 
0.04023501212656129 -0.22665497180207667 
0.4386212008727388 -0.3587052737641043 
-25.744675810281827 -83.96469261010535 
24.88420237230285 -21.30075058328019 
0.08778586233111518 10.49810137522281 
44.64172879493369 45.16300083129559 
