1.0
0.3333333333333333
175
57.00810393285121 59.229626742567056 
-13.609743103360493 -16.07816899472141 
15.116442937364575 43.11614805511873 
10.323342433391867 -21.086501552437706 
-44.71339707810851 -56.687249759517755 
0.9108839312104181 0.6514084830445098 
-20.747471408689915 51.41675479216124 
48.84606434403899 54.388705736626015 
-13.506375974401465 -13.562271621732437 
30.927106461086318 50.16081397361106 
-19.228746401320596 45.57321690061141 
4.388403516520853 -3.4313104040640536 
-32.76182018614341 -12.173667144411093 
2.835008382286817 1.3161933343476035 
15.884510102514719 -27.5964873295223 
-0.02669716646915198 -1.0051629085882359 
-13.635642814381082 -14.555357327796543 
51.0271298151357 14.8309188433379 
11.310281409861924 -15.336582654513256 
-12.303691300446266 -16.598441899070522 
2.279825434439199 12.96304372471502 
-4.1186897012130945 -11.58540644545947 
-41.118343499181734 -18.036030269019644 
-36.991857262999076 -7.696453505114978 
16.99298002484145 -34.40445582413915 
-37.23758453861395 25.807929613895574 
43.756073901321265 13.477328827894594 
9.71876253386014 2.587053736337655 
3.2902853951685462 3.6027242351570714 
-0.03866321319407081 0.1045354417172144 
0.0960845920760776 -0.02763232617277992 
111.72788281551101 82.84828355439682 
-72.13064436694002 61.45787943272087 
5.912581574736627 -8.60409961548626 
28.03530247827272 4.117688187887104 
20.059782540397578 68.73805383952953 
1.753835677163532 5.628371603825141 
-56.544100447218476 -11.639757672065372 
-46.84688037748479 68.029295602704 
3.9764904837827024 51.114174348134576 
-58.33447819153913 -16.46290768200232 
40.166322471649224 -12.22281381736678 
9.85617490939712 -1.007501903421384 
6.788867178098383 -3.356812196009453 
-9.643267597875145 -33.391285358149815 
21.448726916299652 20.60656328667666 
0.6650248384763271 0.3498702375800783 
1.4535539807525797 47.560689956749016 
41.17131388569604 40.66007000012287 
-34.697820138465076 25.745724400241738 
40.79409130483278 24.767524057304612 
-44.280625199970224 -55.7487022714612 
6.194002563508285 29.95188346616176 
-46.76002230012462 -16.99331395550477 
-13.16499468980019 -82.56047029699145 
48.84615727315665 -42.31775000982989 
-74.28630174598509 -13.553910562227722 
12.826479438150812 -0.373228281635068 
1.4846189750789107 14.284977160948417 
-41.31512971475023 61.66924097630368 
-4.196108888651406 7.312385617307452 
5.75008960587975 3.894011284999048 
-24.62624649979093 16.2668496728408 
34.65800232230806 27.055158017915392 
0.272294134597269 -3.5233194936326595 
0.8451727363252681 -1.6729281816077972 
8.347694518165278 -29.87153112905321 
13.23381012384383 -2.6010062590137277 
25.157864133588575 0.9259130145907899 
-49.98682845171324 29.846816063926006 
-133.21939195449127 -10.070712680582186 
24.881373565026262 -3.1529954106888844 
12.813070661952862 10.913703424343984 
81.83411751980961 44.840445204442474 
-27.9032860282138 12.898755162430927 
-52.42646599766328 32.62082285142801 
-90.93384005800053 38.00330010537892 
55.43619623770543 8.498841087687545 
-22.656360215164952 12.619462309484756 
-55.49857726477502 -5.492173716917369 
10.487284951960275 18.262168711359838 
-31.026337332690826 -57.15589643118117 
17.991611449161518 6.983977359182869 
-2.877141363413876 -60.61688351332505 
9.705563689785427 -60.99297571749878 
-28.846459970745542 -13.637500231988717 
32.55351263453755 14.878453380913191 
11.709425540749306 18.34208850585147 
-45.87718042142965 30.297936952833513 
24.08649528024726 -75.40427803299838 
-0.1878869727086044 -0.4140182181979116 
82.1326076938769 11.481706591851607 
-0.8370032142423826 -4.29870410724519 
104.18994772591827 -57.70025770733814 
31.840798436349807 22.910328861669775 
-45.97410919593612 68.74631787610177 
64.5202531578361 42.8905781377248 
-23.268997737491624 -16.81185926382256 
14.747708193631276 -28.361235934913374 
4.59644185565213 2.3942797425814297 
-8.316041894000183 -7.980656629237576 
-1.4018421411504374 5.195593228592948 
-20.94782152558512 -21.38726361637205 
59.857862592712074 119.1156113291824 
-91.33655431719463 -25.592013299565796 
-49.47424309100036 41.39390566002935 
101.8856772731328 -28.994437424302838 
4.653779927204684 6.456855389812608 
48.60441923828184 9.578538953142013 
1.5648336051556835 -17.182566491493567 
-52.165814951881636 -78.73169717083756 
-3.1535902676628615 -13.384278463633553 
-9.961805838214847 -52.04426228692486 
-25.07846537314484 29.553532782716335 
32.644418120440456 15.609142374075374 
-12.30418331809142 -27.919123298826424 
-61.4169133300513 36.341589152503154 
-1.650471885372583 -41.399354144958394 
7.438835708624855 47.94181771473169 
-84.37435798103685 -9.773759621776877 
-11.321893820662202 7.024980892969302 
51.59488930081849 -0.9548852950612079 
-11.437573435631485 -25.868525893071904 
107.54551341633395 -91.09838124653027 
-10.525699511101092 13.823879404641158 
-50.189405350563426 -51.37581457281562 
-62.27505642298164 3.395935602723989 
47.01894082593876 -44.257549122263015 
-2.59647015222161 -15.00706083186079 
12.524169102277574 15.557659250016435 
68.7241697468352 2.1147205059166074 
-7.635824229598899 47.15648351159 
-29.102885498960948 -47.50243576826492 
15.807200116142825 -17.061498151426665 
33.45315794637978 11.448050924090326 
-7.858540194793275 2.7877397181727863 
7.047394428779538 -19.51288158011041 
43.273568071043954 3.727947293258658 
-60.59132116428111 -32.185126614717596 
1.6909188441798577 -0.15613592349020128 
-3.9829921376508026 56.03568857715033 
41.27595239034029 3.7993603178546396 
-52.140385692693656 54.191150984376556 
15.798734619654528 -20.625695451433938 
1.5987145765153334 21.339224406658396 
78.75413384946452 47.41361986060005 
7.832159281014893 41.569976652360616 
-4.624385001567603 -7.293734956757618 
-12.64215812683675 -6.258360441342378 
7.20828313205811 -1.9488172652808904 
-83.54965678642589 11.522798937972196 
47.75267262333459 -9.730067328808289 
-2.3067631462473983 -1.1977617182228177 
1.823824349523472 1.0937861683913594 
-8.757557067049884 36.782853511391195 
1.9497512712147544 0.39483751254310157 
39.54402100254104 -72.7128245318459 
0.6917834266093119 -11.697405661687323 
12.183773293642288 6.72130155254567 
-84.58734740868455 -8.474394259537585 
43.6866080651793 -10.624974811736575 
0.6443303924836183 -13.072566888091925 
-4.301613702724965 30.482453719132504 
-18.689370311815665 7.300438732027226 
73.8483582202354 -50.99581092841455 
0.40957364605218044 1.8356024056273175 
33.34586694600237 -8.257781879946434 
-7.8536751963870906 -13.329892648188032 
1.2145885999541943 2.981294451218094 
5.20982301937528 -37.14229315217607 
-7.401604117396304 -12.255709011664084 
-15.838847498726231 -23.53947195808978 
-11.659279409027206 -40.8241578325473 
-28.95908105312726 -48.21356269221327 
14.765499553349736 28.26969653802542 
