1.0
1.0
375
32.83111711830105 -11.960446235323339 
35.48493897324584 -23.260869077128906 
-57.30783416766359 32.480193966473145 
-14.128350778503405 -26.301509472162003 
-25.580416588781933 -2.857116900938582 
-53.76030067229648 -60.54688144284345 
-9.372365315186435 -22.85809908288961 
-3.593737975289586 0.182276086951388 
-9.987714321063697 94.22849200962004 
-8.556437656625427 -13.435882984933206 
44.82880586330633 -19.12038104201097 
-13.423366924608327 16.53030431508849 
-56.87674975162695 -37.388608391491395 
48.9494863942423 0.4860199228828462 
44.49536296556702 -9.832825496765151 
27.435266030493594 15.951712688943958 
42.86417913006803 70.3419974603774 
1.823548238200026 0.5824291424009252 
-14.908566526976065 -5.475641284901421 
-5.315360554089518 2.0446757722489646 
-37.714713328386914 40.301304725924744 
77.67714524245721 -57.543014829139416 
7.514610153922399 -11.308431908291071 
-14.395659237262072 13.668285170183626 
52.40588893545888 -20.695432181408204 
33.6975324638662 10.680834762819696 
33.984206621447306 -42.368476753430436 
2.063256891865303 -41.74450735842173 
-1.2240068950944705 -0.2103895102851784 
43.538500362028294 -16.09643730751121 
37.84502756408046 9.995729119032816 
9.114683595787904 -10.696945179372445 
14.264184114249728 -12.334494518239028 
0.6671329702640589 -19.526889066649773 
-1.1647038857124992 -2.590855280791907 
26.35420541625233 -22.74584482123785 
1.7244321067849422 -16.389677579291067 
3.249186030155758 -6.410772511000513 
-5.867908751932349 -21.323596131961967 
1.88968612639139 28.0335970731664 
16.427139475569327 98.94436632830617 
-10.500651510427327 33.45095820832802 
-17.94094761458473 31.90467968558508 
-25.13788885855506 -49.07664397996696 
13.458628412283876 27.01326401343999 
55.464817071465525 110.26470808778704 
3.656314357415304 26.662946162526886 
-21.895622588559835 14.162029595728825 
16.160499178942434 64.47431898747752 
34.04041523707835 38.04853742351861 
-6.312776001009621 -36.41763099289512 
10.565683483798084 20.18742938390679 
48.060202321648845 56.53261891754774 
1.9743399177030925 -0.49555208690839475 
13.110752217629898 -35.33966645382384 
18.24613971580274 -6.557406987355193 
-23.78062339797912 43.52657824095267 
40.06761363830292 -60.96770375706304 
0.5661581784842203 -0.7600806019650534 
-5.244658790701024 -44.94043622415729 
-41.08458783443648 -25.538113719807644 
12.638724296270363 -5.006046818612266 
1.300789707611683 4.42186082045262 
-40.64469623076664 17.66731506984532 
63.87962728945035 -10.20080012101667 
-16.0653705357473 -8.18251292172839 
-44.09244811176645 93.10141762980425 
-12.566504600545233 -10.81390413558044 
-2.0335891198779223 8.182312677631428 
46.68437162697423 -46.962185719682566 
-32.00448689413993 -26.159787734316694 
2.271647191704091 -7.94266554008062 
25.774843633601165 -22.71594783815643 
-36.649447396973216 -9.565925656986575 
0.003262007752054392 0.006931817232739017 
-37.923119145286684 -142.38845813870998 
-58.24017042815681 5.0492197623904636 
74.42383240644784 19.753470019049658 
21.1846568323074 -39.70787722360072 
-10.723511285166563 -17.46770284364534 
-16.19704089702618 -2.344834494366518 
-11.976363626602017 25.446800808278603 
8.079571452687615 -16.469572482402544 
16.21183287891424 10.478413777893234 
-57.756360321554794 -67.83720629719478 
29.269465168209457 78.6878504024004 
11.812930687327817 45.88791738979274 
-50.574030571771466 -11.335204339181542 
-21.54856223431297 -47.230221339812466 
-61.728783571270455 68.83300180537731 
-19.639565229219574 52.92285930179204 
27.549031390608533 -107.55076661960811 
-11.780421016357108 21.791840569203803 
-10.680889441466265 53.59298608771346 
11.931931397272997 -14.736695005272761 
27.581638569787927 21.763468402843426 
0.25549268504425177 4.149404209107898 
30.486475761945638 44.29094483456905 
7.623750963844709 1.7879541804073211 
-53.836949090816844 58.01786757322552 
32.02072946980427 37.893137930717124 
30.17341409339041 19.76386744376866 
-33.6962233132575 58.27742383516582 
-1.6937264145528599 4.388558654529265 
0.484053838135584 -11.875839426795444 
-3.452861054814827 15.77364178773957 
-0.10131157676190614 -1.360589550808177 
-3.4106793633310337 -8.906837389168656 
40.724485668010686 11.650094130363055 
24.254140140625186 48.83602847075475 
-34.93878895630485 23.67689827711123 
-1.6375166692033256 -34.76202305170442 
7.109781809180407 3.16323379891773 
27.287982348763617 -12.658464614000208 
15.17426045981022 -31.515968437904775 
10.731531496748003 -41.83860385059199 
-0.01693882262333885 -0.0030437479545955912 
-2.7983704768949624 31.482402924837483 
-10.623322286805061 -45.180376468597885 
-7.28759671086434 12.805477707167826 
-20.46788680753257 -13.372124437166587 
1.1044938369243815 53.940564232617845 
-14.998278955296284 -10.656543004957467 
20.235779021404902 8.347692612402787 
49.393814701090335 -42.797613503908686 
-28.64187616719587 8.729934109693842 
-1.8641876207079522 32.09002188223133 
54.41152873004928 15.911938666025073 
14.336431517982394 -32.10121988882969 
-4.497003778466294 -30.312538266577096 
35.67212573406735 -13.901088691830044 
23.124748324587305 -24.274764998476005 
-65.09220783858798 -36.65525862601018 
23.788363443995042 -70.08981603477228 
-39.71246694199368 37.95493542355763 
-14.33775659330682 54.48313730704778 
-6.988346687068556 12.842447783995585 
53.025151133379964 -27.172548709880015 
10.569872348020667 -26.51412192460739 
15.91961453774556 30.052915865757374 
-14.12663195963595 -123.96571344027915 
-4.836023816960231 -14.325066843734591 
9.476308246103201 3.2836498997133736 
4.398052599722105 6.1544239158780485 
-3.6523914321759086 8.581602884271177 
9.499565439914322 8.843750997984865 
13.648919492598903 15.015178654526022 
58.204583127265316 -26.44016762957964 
-11.302269842111498 -2.1453768362385497 
-41.36378965774952 66.26640994707475 
78.06608353183233 -71.39092945805642 
-30.20774451767058 22.77519695075091 
15.939074641887506 15.59879631151362 
7.961785074384606 1.9433832705718304 
12.304936835968999 63.16359322055253 
-124.81937303188465 -20.063088583655865 
-11.03840658842082 15.006367137547414 
-6.2445223695100935 -2.7561006063990297 
11.880154483966635 -5.604104876700853 
51.492023430876216 -1.5683223097268533 
29.010071223797286 55.14065623272909 
-19.343165166559903 25.35941489693549 
-25.005601794570463 29.654756475781625 
-4.396239380242602 1.7704680542914122 
11.967776444297732 -4.9435268089986355 
-27.811994694982182 -45.46431747064606 
16.593776284427058 5.94195779833319 
16.425164800493096 58.50440541589038 
96.81103032647124 80.12810340166114 
-38.00836933435203 -7.2478295152361545 
9.91783968304654 21.21151234816536 
-0.06508431182721534 -0.043316650451212614 
-29.157880992051773 15.211536258632004 
7.6930053187343 -14.789095810511153 
-60.554428805381434 72.6797760957149 
-22.754800315537558 19.597178836823506 
38.35750428742026 29.107399480189546 
-53.9133592171255 72.3945566141361 
-4.353206938604522 -9.483376769247386 
-10.233609087652482 3.5427158427571737 
-55.41354907819404 -38.250699758431445 
-29.330816236654872 32.94424529918323 
-49.85419435006311 -44.33027878693141 
-122.85669470922495 83.92342722219215 
13.885593424542094 15.794891479080457 
9.249726972340827 11.93067348533906 
118.80856205860219 23.392101046909772 
-16.16455135741445 -0.7409580193454629 
-6.005841200231851 0.8513283939036139 
88.33925597091445 19.21024047434356 
-1.962790696615194 -4.478246523692349 
-44.42763125214601 15.155115064246427 
-3.7827066004584484 -30.96644168137662 
-13.96191293429583 -1.4283387337786626 
54.39227557832376 -51.02458110709917 
2.2359008974525083 -19.559595850819647 
-9.22742147055881 -15.943374876704846 
23.354021669538092 -44.24730510386123 
-53.08543233912432 -14.120015714598685 
6.9159593839109945 -21.249311566526014 
27.436903877396055 -25.180823046454115 
-6.164902421900672 17.35507165693555 
28.688858311675872 62.720555161410466 
44.5207002845038 -15.272838326463523 
-38.96475465999064 52.74555656209174 
-9.708139187906351 -17.852495758128153 
27.671237270159715 -3.1395906112250533 
2.4563299474506004 35.85197274092032 
-28.39888121494743 24.73306782404531 
-0.23682260429550536 -0.9273817245305415 
-31.374738000615952 4.22083522229785 
2.7424188403107417 -5.340711085158344 
52.46222637978075 -56.491948694658696 
-4.083787905342264 8.697100199316981 
27.566138853441217 -36.7393341550315 
18.00333830160008 14.25405597185223 
11.181675712634542 74.58809414261685 
-1.765691941014371 2.669643892658303 
9.387421912876409 58.75856505879862 
-4.4588505805731975 1.2937504678668763 
34.49652480020636 -15.257260007137088 
-10.164655239247844 -28.56136701534306 
-3.173690737343981 24.406252932521888 
6.4952075396471916 -53.04360742827811 
7.694863975795908 144.99966918325214 
-13.585654194426176 -3.0173968158011686 
-4.221027157032457 -77.80818481185149 
21.62590531461517 10.4163994855796 
3.7995936983057 -2.1903328887373505 
2.5711271799568745 11.004567980808654 
0.7664413798135177 -1.8218463109543803 
-66.56218400907159 28.725761843046534 
-17.903664093288153 -49.74881586473045 
16.558755893144173 -14.026561304593681 
53.52581851160659 18.937425961984655 
22.364830657803502 60.57212458145799 
-1.9838030660030808 11.618972322415779 
-9.128996798890675 -5.323311535308866 
38.16996879125463 -21.338697206891332 
-13.456806684345128 60.51330755296331 
7.187619712934349 51.00533317419525 
16.188926769113536 56.16791576162441 
32.28290184738843 10.647711773954045 
-56.35094092488068 -15.674464905218024 
29.952755554953274 -22.126690575479063 
-32.15569476360128 12.378424321701482 
5.302132540475031 -14.110250933859373 
-48.07693997611788 -11.842243664973148 
-26.077720044762916 82.60696223762096 
19.393196286662324 -13.914018906155432 
-6.1499903736682695 -17.75278971460916 
1.4954450283463414 -15.25103977204083 
-0.893922231996077 3.634013430335752 
-56.49109393154546 -41.2210007773997 
14.931096721395035 4.92682646277997 
-71.2521585210105 -44.309200486250525 
-1.0815188960025068 -1.3761384923174604 
-2.643102463693667 18.209881255982268 
-9.75116544089633 -46.31046491743438 
15.973890295989511 -39.06486468235594 
-50.245325691010166 -36.011162386320436 
-2.547868128551011 -2.133830856243867 
6.076564174090552 3.319645840515681 
25.567350392110534 -3.960369764353706 
-59.33475052287481 2.4829508878286686 
-39.14822632119307 -37.45669890526162 
-15.878901234215629 -46.292438940076586 
28.637544693569826 31.503758432194893 
15.929850712380663 -0.7663480193473803 
-39.70089955763139 -8.50164904374788 
-76.86318867909837 16.712995869055447 
11.023152666480902 -50.37185653532957 
4.510566987222093 -8.491427254348768 
15.656084558118026 12.417875945768976 
-54.281586623827934 -61.86181922840167 
-28.895836952240558 4.5641725228772625 
4.7063749237420796 -59.42697535380369 
7.842036611414406 -1.929057402605365 
111.86583172865836 17.296216322053084 
45.11952549462491 21.694576080716825 
-26.090389515298984 2.918427752026531 
-73.94541965691258 -31.140854720878394 
-2.862370167151479 0.9368977515074902 
-77.25534589486396 -58.20834467250679 
-10.176146759889757 -1.0078154311272625 
7.871375030969449 5.194643329706122 
60.29492715775137 -5.511181305126571 
23.487894746380665 10.926372774012657 
-16.09566354751075 7.8745110144300865 
3.1286906682827738 -1.5627875083891756 
-69.36264995513336 -52.85654086604109 
-6.812001151913959 -20.795952015891 
-55.40640650523124 12.43201143678604 
0.004170622122476486 0.0036392217381717926 
0.020486610118880956 24.800367634929266 
16.27254597165579 -67.20977952047598 
-115.49234909302734 -31.92786934429534 
-11.028264349030843 -32.54838425800535 
-45.72476846493729 -26.28115968894385 
-42.07221437483528 72.89585125851913 
43.14494477877073 -32.7695599797616 
-11.025663970520961 5.3469109475776 
-45.18122993396675 -12.656179879833095 
95.68218867882318 40.25419431779595 
0.3390557866703056 -28.169913880154027 
37.74523677266368 63.561918233458385 
13.997783616622215 -38.832390409256654 
-9.988574987959549 26.927101288340403 
4.041733787145446 13.797690669407485 
15.516988416077806 19.84806954169121 
46.8099139140919 -21.626612462874853 
12.322730291216477 -22.744417113460127 
29.686398022932696 47.076569089996525 
6.468971833598009 -73.86529288001772 
-47.8446637805988 -37.17065595704972 
21.093386989535347 16.902658600640862 
21.182383450871626 -12.217557955879938 
2.712359665992029 -71.77528062596528 
27.765651826958052 47.58707768491215 
-32.344266830540384 13.22002567421182 
-14.000485586600824 -19.68579921393235 
-45.08494796514621 18.983382988730977 
-13.265032861068695 6.564163149648945 
0.8797979907093579 6.998823595759136 
9.748314801650649 5.90082987924927 
60.318600493257975 -15.732026945442215 
-5.249735563648231 -27.189299661136573 
46.85355872176321 -70.11859464588747 
12.704212894699301 15.518349705902466 
-117.09138650853133 -14.36182538192464 
33.38565510805585 1.9622865120033166 
0.4102112993209066 35.24215594879406 
-11.106133901355648 20.101286432554275 
-6.761984009477245 61.077816014150386 
4.177967546769127 4.448238960315981 
-10.825258576924206 19.454015163008467 
6.844503518680486 -11.945303510436785 
48.97686361833305 61.375676962289624 
-9.008638544384747 2.627505316924689 
34.76110232579112 24.35958213783703 
-0.882564312068025 -4.6948344875064905 
53.672041597153395 20.07491826915586 
-0.6338336799962022 -3.9512516570734935 
109.75749739698571 -12.940169643987874 
-9.953622143912899 -27.880359304953053 
9.409562054577519 13.405179665609163 
100.8975391326863 27.27225726083061 
-1.330560457665281 8.560695270050587 
-19.20072693526926 -8.336314957592291 
1.7564497399903545 -57.69617917886449 
46.4868562194896 -30.92469681211546 
20.158676260867892 0.04830521178096897 
70.4993587969736 -45.08169901244043 
-21.66195072832719 7.322563568148332 
-8.246700489892344 0.7346101387180805 
-49.938922501994924 -52.35224128195379 
20.13896227809191 -27.74147510112055 
-28.703051260801697 -1.5168092408669287 
35.34587171134103 13.732247932123457 
69.06911608880907 -39.9945179554174 
-10.310913031089727 -30.379693403369497 
19.664765017642942 104.34754121171176 
-7.608837319327883 4.456475020207165 
15.050515663046406 -32.98468168491245 
1.0557524810042018 -1.073272889355073 
-3.040962594086001 15.494508777846766 
4.911668747428624 4.2494720706530975 
-38.27595029243735 -62.466500107711816 
4.945056336460862 -13.290512465048971 
0.7178693709542772 7.078892183816803 
-0.12388900468651916 8.86098174947338 
-63.798610233870676 -47.834710119398565 
-62.33643317130793 20.448971553210747 
-60.251347437604345 -27.34301493137003 
-32.44224225343961 -34.12738019444438 
