1.0
0.3333333333333333
500
-65.35909315682562 20.11327115040591 
-9.735337861955383 -25.094011398984332 
40.311617059199044 -6.441534596348253 
-3.2183236806595334 -35.49717204643385 
2.4291054177234135 -2.2740330275817766 
-23.643741130027163 74.26178640663714 
-23.98013243834204 4.052256911257077 
-3.4984960606731517 -6.844049152519786 
4.957649288564975 -51.32980367453602 
-60.07705003327823 -66.59876877524212 
8.618656934895933 -10.269265204828251 
-17.317167439608617 5.35923429692177 
-12.853154835573784 54.999757224884995 
15.168055812015657 -81.50211376142829 
-12.82424128323543 -23.962485521910995 
13.788349928037976 -69.46055698650342 
-11.600540923260644 -41.12773107338263 
19.050969226087187 -17.10250151062947 
6.121364817415205 -25.83208759628284 
-12.415824078249125 -40.947109413807304 
29.75923670718843 -26.64325040087539 
-25.621302087506525 -55.57943195985756 
-19.08879041390796 -1.9887470815616806 
-5.142067356641534 -41.28393332613185 
36.33519276826582 -63.2310851593466 
-0.01290334281667264 46.70054664646761 
0.5003485013513682 0.9566145525338611 
3.007555828887189 8.164372089650522 
-22.591985646133313 -6.909508649610624 
21.704296969984625 -10.146988961573529 
20.538185696844106 12.68868439434998 
88.52425706386653 -22.30578345476498 
39.05549947678737 56.0989648236416 
3.410920119138253 -63.18038326998695 
-30.796247438531797 116.74083697706996 
35.47841823784455 -66.14087516638563 
-3.4182271194538183 -2.127861798525633 
106.34327834593958 70.27136610787585 
-63.03668290463454 -39.4866835227991 
4.318943145863807 -25.611849495674434 
-30.12969227965179 32.84379636369635 
-17.513427970644106 49.96118561384261 
-8.14512427847663 43.26802926831602 
-0.16724832955969277 1.5071023209623322 
9.365530141854004 9.339544227163353 
-95.40207978103689 114.45047281682095 
-38.99696597532405 -11.846907950169397 
-9.002725112969676 3.0020358260010234 
-17.116040850976347 0.4906462232048285 
6.996717345679316 14.952188648041087 
0.23970807134604297 -3.57842671752297 
16.109169921344023 -11.125437775876035 
-3.918034838083123 -0.813729549201974 
-1.6626882832952907 -0.8853910071706939 
-27.560398159025766 30.046426860153655 
9.421101316519772 3.0196295370455717 
-64.02026399921706 15.127347047782084 
-23.432741843195856 -10.648219846556248 
15.551127229773602 -5.002159040117967 
2.6244278472613387 9.440156525898393 
40.28929057222595 64.17630516313424 
-7.665878277827253 26.622822807962496 
-5.72291390526014 -5.770499631651474 
18.241258315661295 -40.18885550427245 
77.06643777858952 3.7922699874664616 
-29.170297397571176 59.96414423339297 
4.671607045948678 5.558220461972905 
-10.068572954445061 3.471592450765233 
42.54965072729054 29.585995371322763 
2.072750272707692 -11.223605019200095 
22.99716535942799 16.18975606622066 
-20.390960147777264 -26.57553656912849 
-24.983977520712678 0.8561713013724632 
19.31763321213032 27.817792640361276 
0.14870515091473965 1.8474152230223322 
-8.606354529334816 4.886105784979156 
1.6903365208079015 -57.18295952264372 
-17.332933996053782 -19.87236401617652 
-40.99647549573687 -89.04708402180157 
2.180513293421407 3.770062988690053 
36.79272881045129 76.4439867744548 
-37.295720887854245 54.056565788637556 
17.90422935097325 24.68321627043375 
31.103428698837735 -33.32586479746826 
-3.124313911071645 -2.5549548330330545 
-70.00282486758553 -58.92153668020361 
-40.12690288587487 -17.22976701582481 
21.804528329121926 26.44911758286984 
-23.719756566732823 64.16970498552483 
-7.728581093556274 5.644573015588192 
-26.913395332141704 -53.83770278448203 
10.52874888345412 -13.295646063580172 
21.242398533348645 17.190957508230014 
-18.577226355904216 62.93008065364593 
-52.4757792864012 25.751368537641124 
65.11605286859049 -2.0042011572170515 
1.624085782995082 8.743380461491762 
7.642666184527665 12.441835772393093 
9.066635281247235 13.533793145363472 
-19.705635799421078 4.076880968543755 
17.474655804436285 -3.9396613018042093 
23.156295378519204 28.224685679229133 
-5.716841603853337 10.42432106845476 
-35.67063830030728 3.3442344433941957 
2.003917508837049 -13.087410514684112 
11.797065305067383 18.86370182468193 
4.735050054790427 -31.73697091283552 
19.369324786304155 13.73843114565747 
25.48100857155385 18.985206411086217 
21.464933714949918 -82.20848305181863 
-14.544343928210255 -21.04039115674217 
-8.467489093863238 0.604224034515403 
-60.393090067190094 -25.50062032358566 
-36.927217308049855 54.60632606590098 
-10.432552336692979 38.11514191426626 
50.381944910839074 -19.211142815523445 
42.15486543209415 -27.043819924804783 
25.0738280698128 -24.511736676264498 
25.984125822080593 -34.25599981936497 
44.13153596457263 59.45071997275681 
-7.840475445828574 87.72415031134192 
0.41697847644719765 12.672408302266149 
-9.997498290797896 -10.0481559610782 
21.659924334262925 -50.073108024136005 
41.574767966501724 46.52204913933183 
-18.849419827764294 24.594123192730045 
17.14190762355254 31.935546884434284 
-48.96174344949015 -9.76221184850015 
46.014812867827025 -25.708120202688963 
3.012693355114024 9.533162073837012 
-13.065909191988558 -15.028343937238903 
1.1129978372189926 2.009303074224626 
14.591909809036702 5.857664368131567 
7.174316320525152 4.816427583432488 
-5.282075421418832 9.024339549688051 
70.74573634803141 25.24940095457922 
52.084970205818905 -59.934672666132656 
-9.852824375194391 -36.49174227817226 
62.885864242219576 4.7634568217031745 
-14.058220452015545 -73.98303014822156 
33.95326402332437 18.117809734480392 
-1.70647575130599 5.139323492147978 
-5.21231616213571 -19.80677634553401 
60.305622458858046 42.63753255247457 
37.32575481072834 4.154429940918894 
-36.576147770835 21.5564043795128 
-41.974314031013336 -34.56060922215049 
-3.197729150988567 0.056133646048149716 
15.91364834123853 -11.95955186642917 
65.92931338896368 39.59331580447779 
27.858838153650176 -63.63650175876658 
67.01383387420871 51.54289928922302 
-31.489865662255607 21.28966562152294 
8.174866491587037 -43.68892959676457 
-20.404198091183932 15.240118236765788 
13.893747671365501 29.5703400379902 
-0.48984985545483384 0.702364905677372 
-6.0601980633353225 11.266366237689056 
30.58470457106144 -0.5550263865008866 
13.604781161036557 58.87516947325001 
-11.782720057294444 -52.17019682930995 
-20.336178568740284 -45.626238049557344 
3.0694040203316253 13.281143267089943 
9.820129954987976 4.515880609110574 
-0.021721227575077186 19.47197503340602 
9.658074168011483 33.208146852668 
5.7204360270049115 -44.94704567888978 
29.53445471271422 54.00612264476132 
-73.27519519193545 -15.714096782361313 
20.359509376011903 13.633290705352586 
-14.890857263936011 42.580828501589835 
1.6827771348467724 1.358150191303779 
42.6790398417159 2.164748292010255 
-49.56614262772498 3.91569435686462 
0.48323173579994544 -6.940823010561573 
75.83569363745833 -21.327265095315198 
36.67319654804292 -13.087229350714948 
-10.657341334471518 0.3848021246148531 
-10.993792911677618 -2.700846820291118 
-2.151108782302876 18.285982986109605 
10.338234216041606 -14.494433474436693 
113.47924230347063 44.34936981356459 
63.97727671373588 9.497379727829838 
-49.34783156366786 68.00726528872433 
-125.90402332606679 39.830975161693615 
78.15150402999672 -63.556036106678214 
-71.45092516084397 -32.48550296114937 
14.258341846332401 -44.9057547746235 
56.9030108564526 87.99003446389452 
-37.29939933198848 39.478072459141856 
-26.49341125343504 -67.70468667228577 
5.908303256273021 -4.596800884435757 
-1.6918796054544183 1.1761092374139117 
-18.257465821922064 24.13906452638989 
0.7426477650034353 7.657063846699092 
14.92021818660075 18.939902288258025 
-42.08447075739587 -0.22036861349926076 
-35.82007983284448 -83.14172057469787 
7.533416529827212 3.662287710014939 
-68.13216245993836 -18.586437467897504 
70.38695152433453 6.872029282069509 
-26.026272311141632 27.79295803723191 
-3.234975367561621 2.0729482714191376 
0.781024202138396 1.1845839612730027 
32.78080643516882 -5.921534093196952 
-6.4524322908074545 0.9567276347058629 
6.616254913598361 -6.962520773302831 
-6.4642174178521135 12.577688848227517 
-29.546653783906372 4.0466606469335415 
-8.715293102889516 7.0738109948154 
20.718394522339903 -18.143900022709097 
-5.85494839294634 62.27634962472505 
4.478337279300347 6.212089906409072 
-23.267420360398766 -0.3185349769794782 
21.816017755331092 -16.92720145262933 
5.377541434070001 -22.369367190144562 
-5.319914394115908 2.6101889942773897 
-35.62579171276801 -1.5087054505887925 
3.2154005835827757 3.723849946270845 
-64.97943583903769 -13.922064832417266 
-25.73503019525296 -44.46436962080447 
4.17482299286664 -19.09831071611742 
27.98536610044099 -17.51686786179585 
3.662249856884004 7.125841083248226 
-16.636682307156754 -1.8158892887005753 
31.148557311907947 -32.4515568087483 
20.585015084084166 95.79080026520404 
40.11990283764732 -20.948915739596725 
-3.363808311216465 73.53821373562546 
-36.054403936788006 -26.152720865357644 
-23.33591844265129 -13.071346557089297 
-19.007332141748552 31.38505414748818 
1.889926819244466 2.8201674802561754 
21.978525951524574 -31.909826424380043 
20.805203837065108 -4.218849001256402 
-37.78401110316692 -40.168648202571326 
28.725546324626972 71.43377017419002 
-67.53665565447386 -13.995506416634742 
26.186763703815224 83.77241166993184 
2.9632894423718454 59.865530312115524 
30.95286037013368 19.468260780375594 
34.562258664380984 14.377687662621721 
27.26718647223549 39.3938014675045 
7.599977161458826 -95.58889863376784 
8.59216822606434 40.296693096986154 
15.336236977668138 7.656231863349246 
4.295380004797616 -39.64774381147796 
-38.94526836773356 -11.405496211336455 
32.38275983115291 -12.424190963535668 
7.225566050998336 38.62557628068138 
0.8961458910665784 67.20907113499044 
24.837960871250864 88.86820502053686 
7.995528956963998 -2.5744739059516317 
12.852290883979947 0.2438138141345668 
-7.961114244861534 55.44662960633613 
-5.916910508898396 -7.677753950169143 
28.960607840188707 -37.053185528805145 
100.3478690234801 -27.374814778748206 
15.383284585379968 22.414553027675247 
40.6393459102264 105.74272649200103 
-24.332766740048438 -6.978657240365176 
-39.82123144161875 -107.85489610560589 
5.581222124094065 13.706281540594723 
-2.0571415127790345 36.39187904911347 
10.852561171157745 12.133933434662929 
-0.7003153761258024 -0.6109802933365098 
-10.079961023737471 15.543936087386752 
14.15518807368419 20.6214594777108 
35.83701309700403 -74.20416745871708 
-13.370145015820881 11.470546685311751 
-11.191596716900314 -8.866254831235707 
21.630306483609214 21.36543486286801 
-2.540868650574145 -1.5854493074096017 
-10.68477419389519 -5.774157432401746 
25.59723834078517 -12.439359164140024 
8.031318191827742 -12.281230740413445 
-8.047608213505107 48.87215846282528 
27.923826278773458 -26.91246861675833 
4.867352769319319 -31.93698877880335 
3.7337015116172196 -58.3841247781419 
-18.60626044460798 -68.55460972828229 
71.11110338332222 -46.14919713772614 
18.376896089796183 7.716554675528393 
-18.11810949197194 35.20669501636273 
0.14918936129598653 1.9854722169386438 
-59.83784633958415 -21.109659092011572 
-1.7210105511488831 34.627141090770095 
4.505327579979128 1.436364965339349 
-55.80445060194986 53.551738707326166 
-24.25732058652845 -5.264642383980382 
2.620518230571295 -2.2283132018020186 
2.124277551261782 -37.11589650397368 
-34.03538175583448 -31.73237401461258 
-51.25797695533631 -123.62401869383119 
-2.9789425966270993 -0.316042888804275 
-0.19598429319823588 15.731278130347599 
1.171454268707211 -0.5260921284162039 
0.9574770056143941 2.655645345387049 
8.51866139727996 26.891578241411 
-3.3160677301948733 -8.182878440043044 
35.39564327468844 -7.627024103818183 
24.064721187785395 7.056042204141925 
-2.12368337455678 51.231711096210184 
10.180439358233683 -16.721257964920007 
39.57568583022821 -36.12525344373859 
-30.056648209106353 -47.68395288026157 
18.000018914660657 -75.39731308965636 
-78.22742620474837 2.1825688778684946 
73.12687779963763 -90.7426058021976 
-42.22071042273178 -54.53802655908472 
-63.2569625397323 47.24091333691657 
-12.041953712177223 -113.39692502428443 
-34.056813331442754 3.8798614712234367 
6.362457997543049 -3.9291871576416284 
-28.82883151661841 -7.119545381713181 
1.3050302684253836 1.5917565909210243 
-21.057425326029232 6.557144739756532 
-52.27242522344403 97.08424410095058 
-4.74103666945872 7.996476121135055 
10.401050802019244 3.148163870286615 
35.75722743598743 21.586092451646262 
-30.1008860984056 24.357670143710415 
-10.483139180226477 31.704024556925297 
-16.42107304265952 -22.562126048632905 
-6.964496611765264 81.84799310864098 
1.0472265707135626 9.530474292201383 
2.289760230696817 67.08444108846527 
-28.373125047319736 8.581687699829944 
7.534030168364664 10.855476629264134 
35.1061524890431 83.51164747927123 
0.3237257393790086 0.24413894546518855 
-31.082647618930604 -2.4031635108084526 
0.5933622253022215 4.113419758584881 
61.4594444402031 26.875824728519447 
-34.85722562873481 -4.077740430464677 
-63.60687551577003 -4.789267450494524 
77.08290042163776 8.952562321411227 
-80.4880419109655 -9.356707935465025 
90.61861895842088 36.909768147238665 
12.60143744089593 28.866339740224863 
-29.9408253939938 -9.493126267094803 
-26.164121072353876 -30.86682255443682 
-32.734981304564876 30.788461442737045 
-2.0357939456127614 2.7363691462853867 
-9.063451683513415 8.1304643382569 
-33.82686933003611 1.8375496137194083 
4.768144573984734 42.305592103043665 
3.5011788979614717 7.247960109189003 
38.0195492463109 -8.772896651600313 
-21.43729159704502 13.698197616509011 
-19.831454595612666 -46.058434818741596 
-73.36308763442307 5.731622147697852 
-12.284517562362485 -5.064296368490538 
-10.291325133625579 -42.758752805118824 
38.45854836232651 20.627852408666143 
87.1539702504341 53.16379023210716 
27.858680764589742 -10.237050459935322 
-10.859663820163535 -4.59971548229302 
11.731974817811492 -41.15043963810688 
5.5532892041897 -32.61404230371676 
2.724511529568624 27.760990988814452 
52.04085058604672 -30.544216401781565 
34.56304346760994 15.509318735196384 
-1.2355591459786752 0.5051992943744295 
79.66458172531189 -24.283225821670666 
1.028811863979976 0.7421513917822105 
21.975562225285262 70.01303659779654 
-56.297682274301486 63.65864779917107 
-19.742645137460684 2.232399813343728 
-33.388727692981746 -12.971407415524062 
-0.05120808732665983 -54.584275598332596 
-9.221244040279554 39.572138250989276 
-29.140088695975333 -53.05110636629076 
25.61456608267292 12.911484955213304 
0.7431814512156544 -0.4969641677811052 
-18.937514452395778 34.665837235288265 
2.54326057968583 -6.328022362772376 
17.582174089932163 1.933913416918796 
23.38778627912226 6.849286272896682 
1.4678644548175295 0.18014160158669634 
5.550457572146144 -25.73827499377125 
-33.77373089912909 40.77921066507888 
-5.307153032787017 -8.58124913149519 
-13.590245784224452 12.207004283462803 
-0.16947681971990666 -0.23393370091122215 
5.473683199561233 116.79117390263292 
-17.822708291474264 -41.79338761792612 
11.721468419482317 10.408063612724998 
19.97514158691297 50.50563043206342 
-19.07090239907191 65.6957539219722 
30.822187497423098 10.756997002628717 
37.49950380594123 -8.193916801926873 
-14.730164550768396 40.03315381426917 
-33.879796842054134 -1.6816212978610074 
26.763297570667152 31.719205242911297 
21.11359463768601 7.080075120915715 
-1.5218611577648873 -18.638276690913194 
-23.372152936446096 -21.782432692474007 
52.51134521279083 32.222934511366105 
-7.144262038552943 5.163399707165074 
21.731754559273703 -25.42979210226951 
37.24778567100663 2.222805296002183 
21.523144399023256 34.26737115431616 
46.66176328510312 -9.979244344264371 
-3.406531772877861 -6.945366636606796 
61.214005607890904 11.55289148433693 
-33.27309547450851 32.423549084659896 
33.52771973482727 50.28373455629705 
67.71453942744556 -29.30930573400707 
-35.57367426110073 42.915404356528896 
-6.459553687050979 -9.466827046553421 
67.82596281568087 17.753205343475038 
-21.866350208832824 1.9800083561584292 
1.9993331266775387 2.8144330751078113 
3.3639396776455937 -7.692050044545237 
-46.79191413323338 -17.430070389596366 
-3.7326315153975593 -25.04966659216638 
12.1453209379172 -61.495050653962224 
-22.147906800279667 -22.09857733406819 
-48.1847710772431 10.228017221608152 
36.529607428651865 -22.704459507252114 
-7.006380554255572 1.3512624759142435 
20.40859996379779 -0.8746491650494849 
-60.175413590058284 13.942266843422129 
18.719921620389847 -25.752651422679758 
16.323980017985516 -6.076785516575954 
-12.114060449756508 8.626242786150511 
68.29375617371409 -53.63601290952962 
-4.515430490960654 6.513958290096581 
-22.204444362996085 20.010921895700015 
1.0206325023631568 -19.435137101478233 
-30.00348467224895 -38.97373486073793 
18.68915854830419 27.165342090970466 
56.080854373426845 -2.3630044582269227 
-37.47854882602515 -64.52942719951905 
-9.532880421624759 -6.2031479406609975 
-45.20136014285061 61.73026735121384 
-52.715220533832834 -13.663415474459937 
10.718955866567368 8.507614551566409 
21.49709002489978 18.547518533543194 
37.308805717765296 -10.505640727726574 
2.2431082670798155 -24.41088215058768 
0.7897097080278628 3.766307732751515 
-58.08604906319308 -19.322330943571917 
-62.29396413457351 26.410541078552516 
45.07741153937835 -37.27458021943975 
-32.30943468376997 -51.669243327008765 
-15.188667635625086 12.483098940973408 
-25.95191351347424 0.2880006296375731 
-6.216036077757728 0.0885424442147271 
-2.8476965736143005 -4.00138035919784 
-50.596373275558186 32.6456083949608 
8.13220973191375 -38.322765258832305 
25.22669697830809 -9.37078445140512 
13.012621114868935 -17.0113843291544 
-86.90808402204516 -14.226748275414883 
77.8128706596577 46.257420714101876 
-50.14285423443782 27.390090048689604 
-31.94765163387145 37.0904550238762 
-26.578233507270113 137.24692976026589 
-11.02495145325085 -28.60978546911918 
73.19273475127615 -63.0801806451887 
-69.7705007220909 7.195812067205469 
-43.11034580489825 38.25503375493456 
19.892505522470863 2.228992859381591 
-13.275180182023444 -18.1659923100264 
-78.21836277671443 40.18701220036496 
19.74083874911696 -0.5109602544103328 
-6.567606962813635 2.722237856600368 
25.459575127099633 0.3799063634237096 
12.588680790621142 118.6196811731941 
-8.202353778814254 -32.16446039487677 
57.12425939270054 -48.70727637213571 
7.441149315191608 -17.987317646341104 
13.80765891298982 -23.13405717655547 
12.747350769227777 -10.97501634789473 
-72.24460499489899 37.03591970383577 
-66.76412481458172 25.104154775490723 
-32.15435846235005 -2.9009117296601903 
61.597822487216334 7.380936682719978 
-28.50067380389776 61.17484175742333 
-8.496702678147418 -13.160679296255513 
91.65300148952737 -17.41166042269887 
36.98223226014476 27.183831392455815 
-5.307542852089175 -27.2566229634397 
0.4761602384282405 16.26988333860594 
51.84008349243044 15.878215953108723 
-83.24127830703017 -42.606084124593956 
-14.783489389761902 -6.578057618194081 
50.216791687235144 5.003494508991474 
-10.805532980524838 -11.756406407145548 
35.79000069269981 -62.509687017835866 
-24.684610148284303 11.259109402501227 
-77.33672212950574 -25.641752332982353 
-19.881313811948026 7.479469942774443 
16.289712825512396 2.083084353258003 
-21.539624111371698 -17.613548110093497 
-28.053858767661332 83.13510694433548 
42.559660104523594 -14.186041766598853 
39.383978436220104 3.863952960060299 
