1.0
0.3333333333333333
250
28.891339123604187 69.20200106898635 
-4.719425934092323 -18.04280761288839 
41.333123807731695 -10.09491257452697 
14.557934215931597 -46.42654795323358 
-33.12330601304533 -9.931188096986538 
-38.66421778340638 -32.74990572033525 
-20.791255312326594 110.65924043423632 
-16.121316182302063 2.0816086153172138 
-52.22871395507186 -10.768022056210052 
7.956372442043655 24.180399885780023 
3.0855819095229786 9.573310143003573 
-38.41932054550321 34.59591899943977 
8.701360408240852 -4.4928370208714705 
-40.45250947956193 -17.931049492143227 
0.267267863661707 -0.4164367335102762 
3.469400251073949 -18.16232114822951 
-62.52761029957963 -41.726264547953036 
-22.20066576824947 8.336082879604634 
41.692959634851974 -5.270386915698711 
-3.80581180113553 -48.370626495231356 
1.8380151975398864 -0.8423058738041087 
-7.435036637684527 18.14036324028577 
7.828194227474793 -22.0670303743299 
-52.377855104394285 85.95197316433925 
-23.546680218153092 47.408258643336545 
-18.342389908961916 40.40816614939719 
39.75565427746289 4.132502181599429 
6.798062034052724 -28.61388691509838 
-94.80846958312422 -12.314331610548473 
11.143950539771186 -6.696160271935831 
-0.7019910931693583 -0.04264607906691953 
-35.18916381507538 81.56802283772002 
6.628278617333694 5.570897810755206 
-18.313982320331977 -30.835317229326627 
-30.43996203964819 33.54411242305602 
12.249292277361333 16.42136308315526 
11.336107383275031 16.577322149508184 
-4.052228859309655 9.02121087911564 
32.24566511235148 -12.6849972301592 
58.46486520879787 11.88772065730512 
11.963333575350976 10.823657263320156 
-4.241633992450544 -61.29086432943748 
8.657008739759258 47.951004996183094 
86.9915331537265 1.0297356807395568 
-33.12796786950429 -11.686494133643857 
-25.415024197719685 -0.05425042690404094 
67.56387967086737 -52.108004099968994 
11.638766505228235 4.477666957361218 
26.562893007008743 0.8600769542710808 
5.122998977816687 -20.521412564527246 
-22.33878308359389 -4.498317697154694 
-36.04224065432735 -6.636578237461967 
13.976726224337831 41.47710014397273 
-55.39311294562592 32.19185918635458 
-10.597151950986252 2.5377559982349154 
18.142248022361013 -24.45765237282029 
-70.15198648420501 -37.82695269158765 
-3.2254310025753297 4.140425276209044 
13.606630408527646 48.41757705646316 
18.895808816646948 -5.990007713799125 
-64.58366070226347 -9.637411760375802 
-41.47865485272056 19.019769913700685 
14.485622326365776 -2.187090833141033 
-41.75819008912416 15.092847370445487 
-8.313954852781436 58.98240994655051 
28.502382749399057 -23.683546570990977 
-6.829582954593021 27.197719214813468 
-1.025534252169037 -3.576548394925094 
34.59606542785404 -9.160815928152111 
53.73927580000886 -79.21584767712815 
-10.071138655256338 60.60438223306823 
2.2898305092264666 -1.3693816045810776 
145.53126153170794 23.81718690440875 
-11.947416638825423 -0.17824038705043774 
-17.5900560523606 -10.69544702623569 
-10.924178303273818 -11.79155969210763 
64.84361926852661 -7.412989123495174 
27.84748807071877 -28.433057044244766 
-90.4674061865504 -4.659822910681906 
-13.530068947915353 9.130934364280899 
6.099491208983904 -14.507996310871157 
-15.681310009036723 55.3498178084843 
-1.6927428466081829 12.249320931213576 
-0.2723655516371132 1.914078336903928 
-7.322460466676958 32.81907077662094 
-10.732099189653326 -6.452759757122704 
-12.189923424728546 10.768248360851144 
-18.04520520111352 -63.88055035293906 
38.10846876370266 -0.43177377512420884 
43.4729090920789 49.89007130706867 
-12.391760045355033 -37.80473410208706 
-54.87460376337648 -17.787939811704394 
21.714873107177727 -8.228425748943517 
1.7872246844848194 0.5073111491728821 
1.7303730425379749 3.566988013689434 
1.168338402595132 -4.1993473121351625 
-50.65335913597141 34.8088924073558 
3.5144259218793747 -21.378845043298792 
-7.511174476421315 13.619675785538893 
51.538190059204105 56.138353709836586 
47.76097826877888 63.59165892377762 
30.83450082896218 9.596531568949283 
8.752954721688175 41.074396287572455 
45.84103790010917 -42.47461336809987 
-31.601969965782757 -1.1107570292773528 
-28.446232154343008 -13.73712191681352 
-7.811784716981416 -8.521396232061475 
34.69805428204948 7.291736009545866 
-19.466159988045863 6.537891990623076 
-1.3977440694674408 -3.2217277921248835 
-20.40934921970679 -14.101937984579607 
-21.846896657399668 74.9035175038389 
2.709939680329383 -12.74240145483906 
0.22679434246196448 0.370364687264279 
16.3316492458602 -9.704548108499013 
18.26045438485675 -5.412548429427075 
84.12696230878502 13.944374496741085 
16.525427210575735 6.7375991277252805 
-74.80575297959885 -76.84239096817608 
-19.790680368874202 -25.98787267395878 
1.9792292373650477 29.113476975295324 
9.25018318687166 50.65609324768854 
39.71537464052012 -5.019103221502892 
48.879859294001044 38.96231837812943 
11.014661345900905 -21.10941990942173 
-24.804420483828757 8.960129924020793 
24.486882029402373 15.380475647957915 
-1.4039673817245488 -3.0201955475036772 
6.027754133405775 2.204853828163949 
-54.59897486175785 70.83094992822761 
-36.90121693488939 -19.667153274239354 
-12.000001368295958 -12.311856026353283 
82.43857683577906 -3.49907940359702 
5.12998280264083 -12.10496514768108 
-3.4673152731970425 6.491799219083364 
10.41884172713779 -0.6557371090676783 
22.172527044811957 14.898673679493985 
52.03074521381364 39.597028976159045 
-29.57841462104355 -4.324645268667743 
-53.083778727490305 -19.853365217547257 
-57.45171725353921 15.402506412063158 
-55.63537221117012 35.90280483035676 
-18.725016632198823 -9.591130205133865 
-33.16758806827657 -30.32279808510114 
-77.79191147667214 -6.4357121069210566 
-8.985240702346942 64.45405760312165 
21.02634059200537 1.1391197861798665 
-40.90576244873888 54.01431448831673 
69.48967463188593 -86.37456544138671 
-17.544277239894853 5.244216916867226 
-24.610359429566095 -23.669115815837067 
-1.6483115647489937 41.61093772318346 
23.881332929626424 -25.198758126544213 
-2.0253797312330155 -14.523055834309375 
-6.656240470242689 8.543394575042887 
77.19713592979502 -30.317340213427986 
-7.9299554524036635 -1.486611558557759 
-4.952128033314068 7.889155029087375 
13.179517006173402 -20.15300628577354 
6.229044678671168 -14.144207621337047 
53.2105601475733 -8.670215368185422 
-7.800410904326781 -34.35458908908271 
-61.53449583386794 5.693163680933602 
54.82699075904531 51.55368000151512 
0.05620360076661809 -58.84775955785606 
-23.526068913608345 -66.45679941801787 
-8.284567636748976 26.003562663633772 
-21.943465159668722 44.93507025759831 
24.41745880999387 36.07343260298311 
62.04896123385095 86.00814741981347 
-5.803546606835884 -6.6722704099900625 
0.5046224234989493 -6.26333141532377 
-28.286737813870683 38.32265929307034 
-33.64740642969661 42.71727290003388 
94.8831043988342 -27.8540153770688 
31.72896279886439 -14.01223619399655 
-3.7502372186047994 -4.520783638503446 
-2.0508779276557507 47.0887346867112 
16.585013869767312 -5.986624619269759 
-42.33791107129467 -59.82319189930307 
9.491086236110013 14.443903112326394 
2.488341112602138 67.78315780603269 
-17.494468092082087 28.871096373970413 
2.2152667387413305 -71.8238275301709 
-39.89550691664616 14.251933676869784 
-34.2911969463215 16.812701658877188 
22.0956515650271 -9.09285941815107 
34.98091614253045 18.44361624656247 
-34.42416275426368 -56.456820521033215 
32.13305854609592 -3.788141479754093 
83.38163237767208 30.09645679311507 
6.444860663220794 -97.08973547057283 
7.542958756351268 -34.96367804996937 
-0.031003355205329607 -16.98486213064006 
2.538795061311203 -27.793388437420226 
-13.962341852041444 -64.831042493519 
-23.509735927953255 16.28330976149195 
34.21762010662288 1.1608444804133808 
1.0059415323751393 0.6369309340736617 
-70.01454587683035 -16.701925578669794 
-20.194801394062186 49.305298478225964 
7.9416800836763075 -21.542281317055668 
1.9930064214459824 -27.526391702909596 
-21.120073910174245 -30.191257956216862 
12.615827800120725 -23.990297764434263 
-22.668303424846105 59.477638908327435 
1.9531272398935295 1.4332816777590225 
-32.18239302110298 -85.46551769649265 
-1.112137975962042 -10.012689002272532 
5.359150516065792 24.218502805775802 
-87.72590962057927 -23.16457724466194 
30.40085051125026 -13.527819072065647 
7.478898376719708 -11.89193839508094 
1.0248359730581045 -0.750511512262031 
44.723924458712695 -13.01991263491443 
17.89337335807397 -106.25885519558206 
-49.39862168588737 70.18014848508837 
7.0995234100535125 8.15362646914973 
-19.52285452331207 -10.86024979899842 
3.444840154359211 -7.277428862453773 
-6.38353486202119 3.9803928184226205 
-1.299479847575432 -1.4599954632882428 
-60.8331620088454 14.020972017084656 
-8.899832433408491 77.32768500340725 
-14.672956133539088 46.00763527167325 
-19.58245314169389 -37.45704513112439 
-3.157469251939009 23.475887253286064 
109.63358706349575 -81.0113367702082 
0.20764330040669246 0.04526039650409193 
-97.66433390280454 -18.736015804606673 
2.346285366253735 12.652939901153092 
-9.70319171730618 40.859627753437735 
6.0237430123889135 48.75493152096365 
32.48028761003041 -3.5336953278245766 
42.35905095307144 7.8987488794296645 
57.95203014531946 -4.918217845883847 
-38.89394373802792 -52.56303422771689 
2.535877398826982 -15.643051711819943 
26.95874750151346 8.835903272152008 
-15.049967082249278 -36.205353297277064 
-44.153196235693535 -16.17666601665692 
36.87629541536283 -46.53393956868751 
-2.008047388256124 6.525550397167176 
-34.81887113451992 121.84571135114851 
0.12829624343576557 0.18925680307290996 
2.245890220969898 -5.618608883248114 
-1.628676107386561 -4.362153048448548 
-126.02143554293302 -0.6699173798433476 
-1.5898367865748095 -4.7738464405245695 
9.185639414855583 3.9305292364614313 
