1.0
1.0
375
35.04010976794461 -34.70040576435945 
-64.33801629998982 -45.64858815369789 
-0.6727439657414878 -16.66520360831345 
19.34651668395314 -21.063552850715574 
-12.515811282479033 -20.69163781263862 
-34.20327843794147 -65.30014673420075 
-31.602769153843028 28.51371462606279 
-8.6452596643772 -6.7950603125228115 
2.903943008899648 29.732363440211593 
-13.076197023250797 6.2888233963409315 
-5.5666422476702815 -34.79491012473511 
-40.29461500891929 -10.825070366608145 
1.439627676041079 -1.5060957476880867 
2.1225648676446 -5.621750481171349 
1.8256196214010998 8.101844012775086 
12.424443293542675 -20.031398046320398 
-44.56614576929181 -10.529633506358644 
0.2839720806707873 2.700714682999316 
12.697595480486733 -20.25829284924363 
5.517964033756029 4.296806283741164 
31.273889057821812 -32.95652213991994 
-24.773226781907578 33.018963112615985 
38.14768802932038 73.14793746959153 
-21.674600053385337 -23.34703934609074 
-3.56725882571008 4.979372667808857 
-3.4449326774256392 -7.6321420939495015 
-17.4179708952908 76.46592330401849 
-65.01046052166228 25.72407617501566 
11.326147280048342 20.48677032391559 
81.88482798102615 80.86513108003085 
11.584469235189143 -7.963871383526402 
44.4105624991675 -18.108054116263787 
-45.7951976207334 4.096001347177794 
-37.5248497919109 -34.40561515468415 
28.011703585665376 53.41143072854834 
6.606353482337586 -8.286603731378907 
1.993578253135398 -10.353604817963124 
9.919277591370447 -14.933866038382366 
-7.61778685333683 -6.529956196317981 
4.15827178047404 0.0032798481390670245 
24.06912770757947 -19.788918493967714 
15.444163393961404 14.797474888175028 
-63.53744373548311 -45.44243669915705 
2.782163901216657 -100.37488496047409 
-20.693123474838806 -13.67903263640346 
-54.54772774254392 -61.544700108709876 
4.145149755181429 20.479831913988694 
43.253430054565676 -30.724283973719597 
-12.449732501963098 -94.93351282271533 
7.323671006958212 83.48367506130266 
-2.533997632089466 -0.12901468874181887 
39.21243948676996 -40.68643815698816 
1.5515651645855997 53.13033968279296 
-41.90895942528405 104.51047234758975 
-3.122676071108616 -22.72487294533603 
-18.111110758751163 -16.83295608383396 
-47.87361557363344 77.57645861426008 
-47.40001638798951 -40.75735640786131 
-30.546115602849824 -10.082591356771525 
-49.82482612461417 -24.382732081983814 
5.465642073693883 -23.789439417103033 
11.096478374961528 -23.965211616507606 
-50.874114399112415 -13.214988666264833 
44.44811787513259 -1.1765780497192597 
57.70100249924147 16.118258409537635 
-24.629180738543383 2.3089122331950764 
43.7101319879067 -4.469265225352908 
38.70990730393951 9.14949863984013 
11.769796516060875 -31.0099159348636 
24.33496715748813 -0.5505636436088601 
-13.684941182709851 -16.050462228476672 
18.42138645323728 -0.18741218703404122 
1.2787253319354466 -2.302545764750805 
-2.6373446957653957 -2.629914664454809 
54.710489843661165 30.42184789748523 
-33.79267683149812 -26.619764841530955 
43.10596439294683 -122.34880998780015 
1.1699249842218673 18.802609759460406 
-13.114046171112374 -43.32658305589085 
21.928581666107586 -0.5220934816994224 
-43.14830274395572 -5.328236179626075 
-19.365728031221735 -3.4313103350267524 
25.140403279538095 61.36427001009885 
99.2985489406022 -12.711143337124177 
29.52583015289951 19.84893827815583 
25.105497247919956 4.7564167724280795 
59.05249423303564 -25.6644061162486 
-3.109480699633466 11.373153668271737 
-3.7828709696882497 3.9896805519449754 
19.430277277884393 -12.550743794714446 
-6.482131306033433 -52.82406837851881 
37.686494510120156 76.7182465371114 
48.23397209230951 -16.562024368078923 
-30.73678536296644 -41.543869958886894 
15.938503862541184 -5.98643851943214 
-5.535786483614067 -12.185699156932078 
20.54692893204089 -41.86045112756357 
34.34944757019354 37.38697521911484 
-31.21722289778606 -25.749161613544302 
-56.334072709485625 -36.81757902365127 
-24.924958329712247 -1.026461842669699 
50.78284593142727 19.89800286921216 
16.908585490202555 -46.339916767619336 
-21.170368723990745 -25.75616171125387 
-4.306152577086867 0.923241880426363 
-35.84757541237169 6.582359291881068 
-60.21343786269879 74.29906255463122 
57.39996574830269 17.305380086257678 
-19.35444151056294 2.6834654286832675 
13.826145662732637 24.44214790080425 
11.532288377157625 -21.271708795259737 
-14.755803381719149 9.144874501393256 
7.27520500198744 -6.599717063720488 
41.16306465332348 -0.8674146409686176 
51.705027454617316 44.18457178870842 
-9.471419038042981 -13.856025130416475 
22.323041329680123 -12.365912568851572 
-22.285943370679767 -4.572748892754236 
-81.21732705284141 -34.569375247159556 
0.24857580345390326 3.159833561251976 
-0.53190166665375 3.9290974566719457 
22.081811354215404 -24.61095263506619 
33.797569268473836 -45.13598303245459 
40.58430902644323 -2.852840130543681 
29.61264200540608 29.710355128995516 
-1.0581171543839922 9.89784175736076 
-35.97860037490982 40.55436582848111 
4.5708715133093 -2.9729949932478763 
22.222881541369517 -1.6284920585730913 
41.82814919174098 33.194545075413664 
-11.621008243135018 22.996696692973707 
-34.0845401620623 -34.30590112850321 
-37.84691489647112 -3.1178629119565118 
43.99061025830647 -2.174739462174445 
31.400215924756388 6.006387414144271 
-31.838542000173153 -3.0250433414801607 
23.70876939499431 28.95258754397678 
47.99034994415473 -25.22753190134489 
-1.0305621104999714 -26.904664505132107 
-0.36063141073619953 47.22908394006684 
-40.86139706070973 -20.5872867352795 
31.67683562954785 10.721365315822664 
45.44732281423473 -33.62355007312344 
-3.575310643657199 48.094103842820076 
25.91332490804899 -57.829047149602516 
77.65618305673435 28.99539005926268 
-16.07319460519793 28.294776153114828 
-43.04151649513199 11.132385679717105 
-1.3937731747140802 1.7776806271656322 
35.948688582411464 4.143076555382576 
13.739697951608557 53.57631302144119 
3.6792637627839677 -1.7217332549676942 
-5.633071799165333 5.372468546102049 
-8.72425433796894 22.289523351923528 
7.533282573234189 -1.6419081867378946 
71.6932533328039 -13.551337331229414 
-43.34691260346067 53.84319588881968 
9.829995088929618 -3.8797100978162735 
-0.17572347459723126 -0.0730952689105612 
19.064523799887542 -56.97516695623918 
-2.0254690522012386 12.822153298313284 
-50.2299047015762 -2.2305027961142465 
35.08416929555449 6.271943403633695 
-9.510765852327458 4.641964694448246 
-30.700265533082572 -8.061040234637595 
-1.9663975382790133 -3.6384608595211136 
41.35047870167615 6.425881085894576 
23.86316731690916 8.244352801354243 
29.529367659676943 -3.645400371823492 
-23.983240291081593 7.178873108643306 
0.35280582855151493 0.2258150489702116 
-59.366475619831064 -41.390734923210246 
-23.454635242117508 28.506352556862506 
13.857264203146636 -9.8216766397052 
-43.44399784424617 54.91996838312639 
-3.9327606054521254 -35.85382407722502 
-5.374270416909095 -1.5839576985762398 
2.407390713332087 80.26934204466276 
1.2652152311908196 17.248581213020124 
76.1169614196492 -27.848547634264126 
-89.45349269065744 -39.405548285557025 
17.63368562053681 -3.144614728156334 
-39.92170264030664 2.876904477253942 
-46.92929062458587 47.8471822234913 
9.098740262388322 -83.41277357917247 
45.88318347864078 9.76267627420248 
1.3326823639209218 -43.05591635460021 
32.985786802361055 -17.57642387475474 
1.6462365001161852 -2.292239102468329 
20.624381039521804 -135.08032254105328 
6.640046390154668 25.440020699721828 
50.243613818693966 -29.06967413601785 
47.60569192427769 -21.262906205505807 
-64.37240177733302 26.81132149833425 
83.62816608513295 -2.972822819652987 
-20.939717101530356 102.97971197607517 
-101.25113917808436 -7.504642111633109 
-1.3280051514722075 3.6067548861183893 
-5.72026918275139 6.163075309011492 
16.087455365623843 29.27522108889104 
60.459323199049166 64.14012682750555 
118.78873390728478 56.16140958978629 
-51.64460390446994 4.302431265940378 
-13.550598945251927 18.670852843363175 
-45.60891769598494 27.045053080559107 
6.615480658594751 -0.48765528732021857 
-8.896391931888553 18.005873697685235 
-4.393676822179661 -1.1561995885454646 
94.40030948362697 25.844407891458864 
22.054528934623452 54.527906933654805 
1.4082080217427595 34.143107024258136 
-12.033335960594126 -16.48316565859752 
21.992154038791448 28.404903905156207 
-45.22090858409127 -6.282764410960755 
-59.46962162571192 6.189607942977829 
-21.614268904444195 86.00354713119425 
-8.551922665079841 -42.868181941667984 
26.029812129615866 15.822670354098209 
12.910125180896008 78.85401018312959 
-15.35189814864921 0.829304626211724 
78.78889812528233 -21.741354412767645 
-20.40559121466208 21.350549713881808 
16.86766683273482 -10.46757504544754 
-58.51296804090481 -63.47279314954126 
31.268013203812846 75.92955747786208 
18.475447717546114 -13.829900142355996 
36.48820644302766 77.96582776601835 
-41.252143496000414 6.161617885404349 
-18.629865041407154 -53.05829851775846 
-88.01774601326973 -34.88146024743496 
5.410355981689724 -12.496940342037536 
2.612911003779637 -45.41797630987632 
29.20290261131165 7.769337087106469 
-26.538337441569638 -42.279701235913805 
-32.24380508994366 84.75600252944304 
-54.5676371077163 -24.272543038317544 
2.197408797936719 13.477485848645497 
4.942261368147241 -11.820239617926898 
-10.238640778305664 -4.246605646190849 
-1.1607041056824503 0.7788581319944196 
25.935250893148474 -1.469065119740996 
-38.044672895895246 4.901051834244206 
4.70833050797968 -18.64683496052789 
19.369558983404882 40.62041955197045 
45.22288911023931 -23.510867194478795 
59.4459204661972 34.49435305221993 
-67.68553444922154 26.224953546441338 
-29.19385999796064 26.115033511070155 
10.624757011182883 16.450040646599092 
3.7781957332179883 4.296666376187641 
1.6312075357324705 4.321215361946207 
-16.995769604130807 -12.676840244329282 
5.531422393843342 -2.060516623550415 
44.63968820167337 1.496690728794792 
28.611308206071534 -88.64189318751924 
-29.915274348381747 1.2302077903516135 
34.8721877806465 -2.904917588258368 
26.175722987737316 -16.523847090254005 
9.27316503312581 -41.06550895975989 
-15.374007117383815 -26.510559578466406 
-62.47887290701837 32.80659451364076 
-18.60045021716682 30.50145082005997 
-28.52914552681047 -12.940604868776273 
1.1692966126693944 -30.321105825899977 
-5.317165366127623 -5.311401187098868 
4.957500693095291 -1.6731154692541563 
22.401267834431067 -0.029413987960928957 
18.4026340019812 -57.659428387128244 
-35.22570064400409 -30.362711984627346 
2.7000964912755743 -2.507996474620765 
8.720249928373539 12.227162991492099 
-0.913535547873802 -8.739518313808434 
-4.384461465041203 -2.333091280489761 
-74.64525201831474 28.19771911443241 
-17.542793322236157 33.59875179524711 
35.575263252611876 -43.8500197532879 
-0.4030555853707565 -2.430497178825307 
5.522241379207309 89.88242729703362 
-5.717445541236869 3.684831168569104 
43.002524550359624 -13.563527088865621 
-17.912402175044182 -23.485892490883852 
1.4686466055642038 -1.200941176473018 
-20.494248698594827 17.57189560569635 
-0.02702087563245204 0.05303344775778742 
13.773713625210833 4.964113309974282 
29.475483825042957 -29.437636237832383 
-57.99122330427656 -108.75906555849566 
10.807491638462638 -2.1726007748663743 
-4.225995838283271 38.57554200479173 
7.351729559157644 -10.593736118848698 
6.812028914895758 -4.255272826155443 
-16.00098467470145 -31.158538393134783 
12.283172427895563 14.03171504843955 
-5.542492627063039 -12.384518165471848 
-76.94321769962058 -137.39905458811498 
11.703967784781705 -3.0229816452283744 
-37.985590105402146 28.99355349885585 
8.314080118318946 -60.133088069440376 
91.2974827082394 -41.84313803023992 
-50.51296713689688 -27.779184871258344 
3.3334493199555704 33.29715917165273 
-29.078814869003043 -27.54285341149793 
70.60444058680793 89.50715801206461 
-1.4512218824485124 -0.2715210290797355 
-1.5478429793101278 0.2510239906795389 
19.68322005985807 20.923727140218638 
-7.688626156010512 -7.969504799725038 
31.672040334297698 -63.519138125967515 
-10.028898040233132 4.064099813647584 
-67.3047937881373 18.26846069567344 
-18.86330228812723 -63.72655840880422 
29.679221672637958 15.019545443872845 
73.39742816545996 -54.024423258481335 
1.6817313914312606 9.673810506995478 
-3.724651203113543 53.7451212758128 
-0.23122397428875863 16.43728199701093 
6.55306069992072 39.804106754711185 
55.304070346354294 -16.845303613037103 
-56.97098997115093 31.819996255326036 
21.519803778605464 -12.659309897549141 
34.266346262057056 -4.444024468563589 
41.109522795825875 4.49367663897097 
25.684930607785894 -25.414779013213572 
-8.173000672495956 7.862157135556069 
-17.517554850855184 -7.73108258265208 
89.34159382181586 59.892226734746515 
-36.88530352660069 -5.559696980909661 
5.1689080846606 48.00839994081266 
10.912799585032484 -37.30493897411903 
-41.93709080865194 -114.921887109033 
-0.08039354470873569 -0.8104800077791725 
23.299348154051984 4.326902886240218 
-0.6993639870706823 45.289544158046276 
88.21998805842667 -6.679078877352277 
-24.912321202016297 -15.07772297837268 
13.201396034547873 -0.04744676446806146 
27.012413070017512 -1.9550015780042613 
-11.751748762129747 -26.559417866439414 
20.464287904237686 -16.22920380385191 
-1.5097733686195685 53.40898719756741 
-6.550465376821342 14.532836209636265 
4.022898072317665 -9.195417329146434 
-48.16856916069266 -49.538291787357466 
-2.957075098318562 -14.61594014249192 
0.09831191177460073 -0.19887567176471127 
11.412569207031629 -1.6545877746203086 
-34.627582266629275 48.71493696346282 
-2.113914224437531 -0.30499721743428987 
-37.83180826840524 6.696726625584366 
0.7346328728999036 0.3443920284716318 
-15.088840780289415 -9.37712209857621 
22.706334850910313 -13.564117981076713 
-44.82199956738577 2.268954020780619 
91.45330592745204 5.919214512491927 
3.552033607317224 -1.117943799297556 
9.730920233413908 9.481399402695986 
55.26206823922971 -29.01655310119893 
33.051066903337215 31.86127426378756 
-7.466484496204187 6.095966067032985 
-4.473959627987091 2.4812542314168793 
7.455835434240903 -3.4419795185127704 
39.74838571951367 41.64726437895796 
-115.1593546005067 42.50638926616856 
8.036189186584396 -24.74911521282416 
-0.7952562354292257 18.50674767828618 
10.349103004389935 1.00282088299751 
-14.35520476657951 37.93101440505784 
2.600583280469251 5.323592073694203 
-44.170145368359115 -14.230340995711943 
-50.46322031355631 0.33389061272282894 
-6.22350087170874 -2.512731373596199 
10.416995397823825 29.616878323117753 
21.477380318087086 -26.05482511771454 
26.04095585820783 19.463114763471996 
50.72010060533155 32.70198219838719 
