1.0
0.5
20
-13.214000538036359 57.23189429825966 
4.358863500235054 -22.33648973702577 
-20.73588684308235 -12.250600560471652 
3.8242868660598446 52.27635188721076 
-10.148946288886094 -9.226114556618786 
-9.983232749571505 0.8950153437334208 
16.47186770527555 -7.158841026166953 
-41.806934593911656 19.97773996720773 
-9.113063659304254 -3.1403550338434734 
71.87050664539247 -41.817064422403774 
0.694615216651268 -0.5969859338966227 
-15.49731978001874 35.00740360901957 
43.21236363513435 52.582043334060074 
40.17652926961755 35.43657215098603 
4.847493887556968 -34.7690039800593 
-0.7692701688343898 -1.0952268223539854 
65.1326554661688 -60.45023079714842 
50.61576056116185 34.16883000164563 
-58.31809272863201 -15.919448359062764 
18.115729973317265 -81.31433836347685 
