1.0
1.0
375
-22.03726194950902 3.3292987375446437 
-3.0823919251341083 0.799982554355881 
14.108840835988385 -2.3082919588793693 
-5.670060025241759 7.277069242458039 
-36.65287419859445 -78.67493957280617 
-70.67383464325309 61.91879182805634 
1.2257909770875852 -9.524822350615654 
10.32863975998096 -1.2443587744519116 
-6.374466215313986 11.7935802401469 
16.238735993471924 -14.201624592193259 
27.748763522229872 41.888666987345616 
42.53853824448547 -20.174127397726902 
17.74801971164845 -2.702324343597162 
-1.6903495325995992 11.193943942101862 
-2.4077074432533414 0.5415950634385878 
1.52413519084376 11.021390509673273 
-0.7071906101684745 1.3180611321384492 
78.21015776541829 -22.176609485854932 
7.877487659507652 11.070871683903443 
-11.03078030241855 11.727803722488273 
-0.4234792235718994 -33.039607137180255 
1.5514173154574622 -16.309678371419192 
-36.27659713531764 7.947057530953142 
0.26718431292755335 -0.3253919667789653 
6.863033844428744 -37.515521079320656 
-2.9427035735594957 -1.9185088716043253 
-41.38357786588682 33.34269449574587 
-17.980295068179228 -11.070761317147808 
-2.5343511953440396 9.44661236458094 
-19.030869143140364 -15.19082109965734 
4.575008423275792 0.20940186394033458 
3.5068174227950553 -0.7496372424849594 
75.81738939496131 17.917226763900747 
5.648193729862945 -21.426422257527374 
36.564668752424076 5.716128822610595 
64.63524676485117 24.776051822182215 
75.93126009661292 -64.95740928199011 
4.192482903830729 -9.21392828182135 
32.73990657883736 -24.29168291508317 
-5.951091349835993 6.61672773424418 
21.27200745714707 13.944068128845625 
-3.2670637003297447 2.1734620972046383 
7.361183341763931 7.019586444198919 
51.364654534474326 84.01212314116083 
-8.983747861621701 48.24904678163906 
23.631755085216 -48.15931222490474 
-16.13534331365625 -14.932927130744606 
19.270114621919785 -0.06525193216622423 
78.68386320021855 -39.89772052409678 
49.81599785029364 -9.254911307618379 
-34.76114957145499 29.276604864281317 
-3.37679171063671 -3.9050238439977822 
43.36338061746076 -13.570351738435166 
8.511978189823099 -17.13663676229293 
-5.034668637344538 45.185317654921526 
-46.60036179056694 57.82278298754549 
51.89883626931489 -59.09187473520954 
-49.03757891067542 2.5132082570796905 
-14.949025383887069 59.29278906206711 
-28.122884295039896 51.844639669184495 
-71.29724831282928 -4.0663795995898155 
-57.69968726583876 118.50256086724217 
15.762387891199843 1.402121540348035 
-13.79582708535521 4.386960970808232 
5.482868663081246 -3.2331154925637433 
-0.324486436204262 0.4418804338712694 
-1.1295454445289226 6.870789427698241 
-11.201138525800147 -19.51947859356436 
10.831637317290971 36.06619113184392 
-1.3089237566425524 7.667980478005226 
-62.8923884008246 31.47811814435114 
-14.144164439541498 -17.27499300864097 
-16.03174754713032 0.5597607059206215 
29.019465803392187 -49.16774817797209 
-15.13424474922238 4.633704408784942 
21.514059750041923 4.260067960593888 
121.52384684427993 -32.30828412254328 
-0.09139838604741622 0.11630106556368199 
22.226061866502594 -7.16228117260798 
-1.8941574593140384 -0.5089504330937236 
-42.76704799735811 -19.76962673778495 
20.690368316158686 11.229481835532821 
92.20088925680892 4.619185192977075 
19.262246110583128 -0.6711396390318624 
0.03084202347507935 -2.2239298859312617 
-15.88839616007202 19.954401583856356 
1.6268933505340708 -5.193284892071337 
19.672866287700206 -68.72673006755974 
-4.133474995287897 0.5317210590642403 
-10.34275444733875 5.645339963105429 
32.48105959301167 38.16378651382111 
6.77600405777745 -3.479912836788892 
-53.12541061252738 7.661404746921355 
-82.61106838832404 -6.496273105232094 
22.088645080700914 -9.352957935695077 
27.137560051246716 3.41766306655584 
27.02498080049362 21.80405399092905 
-55.39747035585552 19.20479581062842 
-32.99437734828098 3.761261397275455 
0.8778333976093033 7.550494150705839 
-32.36496092264765 38.56223075969881 
-2.350019533864922 23.176824350879055 
8.430868275236614 19.361183185933125 
-49.139591011753694 10.523954618822431 
-34.70145034066521 -0.5878308165896324 
12.158201411625415 -15.463415824351282 
59.633962801341305 60.89877825193112 
-40.0515876699005 62.09188266732466 
-10.960704214644752 22.628255493879948 
4.446654037499521 -53.22172428849118 
-52.22801143502575 -28.296878401624692 
34.96713399700971 11.759749060469685 
-12.224389396784845 -33.091975211937346 
1.8810619301757119 1.6471324946472319 
26.680494544413715 -29.84371506626151 
12.772747320405337 -38.33111946009947 
44.24251538883157 9.674614024897444 
-1.1865473777885602 -1.4564728333603107 
-76.01871780823332 66.68400579065165 
-37.041239196876084 63.6678553298674 
6.599042785180728 42.70668776203809 
-16.686150412752912 -34.20653302614231 
3.8707240280056157 26.483644432157057 
5.6211854526126475 5.548888104570257 
66.24014035475494 -40.0357507452947 
21.83511902219191 34.63251273152608 
0.07871896798771033 0.9897530077984305 
11.893117468890535 18.508814487246223 
42.99715158896067 -7.334564100211249 
91.04083437539185 -8.703227024903624 
-12.224277423035604 -83.32446995537596 
14.303361202819069 16.842602691640597 
25.68812092810038 -17.668734446579894 
68.10857241338738 52.383880959365136 
4.420050927198054 7.885784457615838 
-12.526990274768197 19.194970057724646 
5.31159042559449 -15.381984280548078 
-10.406598095982355 9.912464915588776 
3.1751473250704807 -1.2985039157751135 
-15.518994230488607 90.78869494562484 
-54.118559312628264 -1.7825370344425404 
5.368169750099902 8.942264031945856 
-3.2641113115515066 43.38164030237292 
-35.88697646338696 -18.939354997308875 
-6.977212793501268 -11.593705874456619 
-13.183032333988649 -40.50761023219585 
-28.392582770283695 8.08699655069013 
1.9103656626081877 -4.872765577768498 
-8.475746484534895 -7.76601781254325 
-1.0460999027910753 -10.316582052179996 
-11.073288268426136 -37.79284379703881 
7.4025196818071946 21.399954346793542 
-18.856435843543338 -7.251336748109007 
24.53047233540431 -60.83348604321958 
-20.855211826158822 -8.951309181964026 
-79.15068377222717 16.299082821755146 
23.929257367972316 28.92691334095754 
-81.48311688221207 17.935501623279805 
-1.0874070373781999 -48.89267790973125 
27.719114055110246 57.32260759577009 
-25.494028104599213 -12.71656969051512 
-25.529409961593668 -30.24900701570408 
118.2809558308424 -20.408726092115014 
-11.630258838561385 -12.144518116420464 
20.751898386874906 -18.147613299377866 
19.718097987114252 7.264772509819167 
31.576538304174875 24.25418387187143 
-10.18270378106926 106.30736764918701 
9.392798449273918 -6.3565893199951775 
15.116183543754076 -16.03312992948439 
-57.997922823539575 42.782592115072084 
33.765014094047004 52.88900000323343 
-0.754560566070283 7.491772810497134 
14.572175478630944 37.781237476419285 
0.35122331770168613 0.5095131500179853 
-14.438129674272043 83.53947901081445 
-9.752128543085643 -37.05714325604297 
-11.03477704371931 -8.555309729256294 
-40.86494387954687 2.7883364007793934 
38.989238039683414 19.76506304479672 
24.92680042767559 99.21714331332036 
20.54546318906221 -20.343050946834605 
11.326129635754059 -0.6589367839470756 
37.53130534647136 -54.82312762399532 
-9.564060943189606 35.77623413030303 
36.35063815349626 47.56843428728321 
-27.66998781237059 -42.46278868161441 
-16.371547450107855 -35.7957086443249 
-32.60867696102944 -19.241564221018805 
14.376843678582576 41.7389166132444 
6.456827105640935 -34.21830046634626 
40.848632185899454 -28.74351034908939 
-17.20442465699522 -1.5939872279919585 
-20.62285136252148 -5.60455968761397 
-3.7430604183903133 3.5181613995383403 
-3.040005978016801 -2.4338334507326405 
42.77447565938829 73.7942367961435 
-17.656233273372848 0.3429471059034414 
-21.186907564964752 115.22053326267309 
4.496351715486719 -8.05765022443955 
-8.517523308479863 -39.64022670761606 
31.024221299152135 39.412841916467336 
73.68441163896668 -41.788089216729226 
-15.389985776158486 4.271526765181238 
12.181759165419823 -2.0463254245526725 
60.66944594516638 42.50615594122173 
40.315258175367774 13.834258001254817 
-75.11557038826092 42.62176670767393 
-71.09403193155346 -82.36950635311972 
-55.91510464641803 20.80291365672204 
0.7388780451970984 3.3603603124287007 
10.93000730144864 -25.25337244562378 
18.584462512751585 -0.15471698590580946 
55.83102149870313 -4.5083478101062155 
6.356622705887265 3.8124155739228356 
-9.262977973943226 -12.550752658890392 
16.500994460030547 25.289842956293693 
-84.71515447096563 23.25533796767551 
-4.405092603846318 -20.322581671347034 
-35.17695843445199 -9.483755537025539 
-23.694841744029823 -36.351459555974905 
-29.334605975103333 23.266919844633872 
-5.341348480099376 -21.56338653668417 
-67.19522295010844 -93.3759389235643 
33.76276070021985 1.5174335343256207 
-14.152810584017931 13.773281990058745 
26.32504630781477 32.27730277240599 
-5.207522720196026 -10.459011301968983 
-8.297298455482974 -24.307545932799222 
10.372128691310184 -100.12859440784392 
-5.418362549457012 -10.608926231246341 
24.587531215954456 60.51345293023406 
-15.747936625061964 79.16347440709679 
-5.196793870615144 -29.110252401043685 
30.611492389925644 52.834509646588344 
1.9573058141722162 53.26323913953007 
-5.514385692933894 -4.546528046562648 
10.086010043269306 -25.416798351056006 
36.07583891444449 -17.891737137727493 
0.675972811533692 32.35948912605037 
30.317933777242384 7.306890265993182 
-28.2840755658067 39.46048965811376 
-16.33364503760601 15.043744279773648 
-12.564880683928747 2.8508809719244566 
17.053176277047562 -42.381053678429 
-13.29748382592971 -59.63463541370955 
7.337198362786009 2.4524919218772325 
145.62827275347763 -113.4116346351805 
5.672100071651251 0.31728157683646174 
-10.512092205775183 46.49058099548059 
-5.325311088383042 -28.72511834931121 
-12.358101090926557 8.70431891490266 
82.97961186344394 -33.99183455266152 
52.87751605215302 19.650881007148644 
19.285950486179598 -29.034958952840157 
-3.7828386323054817 4.313893906863485 
16.81320059728478 -2.9288032459844713 
-22.002213692022494 41.85165815151469 
47.7329235780712 45.35157806040612 
9.702086234503243 -70.21091585565212 
24.800233353577344 -23.54535103725034 
0.054187437780550046 -2.4406830973910747 
-1.2935988985632134 -80.88286883401533 
-0.8285474939886379 1.0750897267693236 
-95.96932642612953 26.108986783841054 
52.6145327638038 -25.839989275396093 
-8.39647843411947 13.364457473358584 
-79.70210545615375 7.536896599394618 
-39.41217636037033 -12.452261974787813 
15.97154259229826 7.128533063006898 
-13.791812764155639 54.60752118403535 
-8.604329801941413 112.57494494706364 
-22.33017305125984 -12.925164926356334 
0.08789453874424863 0.8163798988323718 
3.5851767960569236 27.16325766589048 
31.447688239528627 -26.97131110675194 
1.3426406593914535 -0.9929983022478349 
4.832839879283008 -4.046595871938671 
51.0902900483985 -47.6930886517513 
-1.987207460854461 3.8850340607045877 
-9.054101098440421 -4.954663354479294 
-23.20986836857613 -9.500739550680638 
14.65945841574211 28.664330729727315 
-11.619489536594157 0.8701309688895073 
29.191913000725616 13.667131345856506 
95.08312389739328 -43.415620417380055 
3.1248792700988557 3.332331484721396 
-18.49472797865417 2.5829341248724895 
20.824288163748463 48.42204023789856 
-8.413378472205713 5.782798039352951 
28.36262121244413 6.362942523712195 
23.999954398947477 -44.67608366491448 
-12.566362471690333 -9.125119895340235 
55.742590574333754 47.52792583011187 
-18.938591199007664 -0.035977415497133174 
-13.864868135174442 11.590535421288564 
12.483694304492818 -11.627179398722184 
-27.34754594393668 -62.791847019880215 
20.344474155219924 -9.948980196814468 
-2.422297758477213 13.334087697491768 
4.438162907835089 -33.417077800971555 
-114.72086594570762 -62.30912326894604 
20.432559540093145 -14.752470412935388 
4.488184130227032 -54.051010669659995 
19.743649534008004 -9.415137219299268 
-49.84577651159107 -69.38275290996067 
-1.7950779089039308 7.435466371264242 
40.33922475851977 82.3038402029509 
-5.28327745197512 -31.123033240073514 
-24.47655081096908 -13.708777226190538 
50.304402883997305 -3.5325102422928243 
-30.095715617274088 61.53730080439094 
5.593583212781914 12.48159189174708 
53.066052874779956 -58.4067245400023 
0.005832763232734738 -2.0982771505159206 
9.577678132500282 -9.68760425141459 
-8.676807898883784 41.42022995300876 
-9.364318948100628 -17.500249107831966 
2.6700180171652255 4.063960296487786 
7.29916343504738 8.919675922443979 
30.82389237111761 -13.368683054299073 
7.311448388098245 -14.056516259755204 
-10.089674369860859 -31.296328411654862 
21.840630971674074 -31.14567401534976 
-36.846695990626756 10.552365525373828 
-23.649725537378306 -23.314285314273462 
21.048209171685485 3.988435384160753 
-29.032301777558132 26.61761295335495 
1.6312771175191625 3.534655226560098 
-57.83561402889223 1.7639945289880248 
-7.830140595825846 -26.02518940309191 
0.9784756352058541 -79.82836617967024 
45.071968816949344 -19.92649195295775 
38.52536494955863 16.031971380590676 
17.190455943236813 28.063029399557358 
-20.176779882087036 -60.8006029722117 
8.636212811727288 -35.17351685985063 
0.8569546839092315 91.08546273657007 
-11.029222502655983 46.41400117584124 
-46.50573977548819 34.51256919458899 
-34.47487910423143 -24.53529896867162 
9.916295265331295 -7.649688236719925 
-13.548764133142091 53.69339156449756 
-3.1587930863366704 9.170722494884142 
21.62333059246232 15.566836091780878 
-9.815713197073855 -17.38281075401852 
-8.128995977798576 -7.870207727489775 
-3.662883517869487 -2.3493665374176675 
23.081888329371804 -4.47326667719037 
17.765717241671965 25.98730832866797 
23.069798858881196 -17.981713198747393 
-1.5586695603051302 -0.6372502574927615 
-16.642687006178427 -9.050859501048114 
-41.24058298126123 34.091053998931784 
-4.070011472289626 -81.36128459485012 
3.034997467019972 69.05226974694774 
44.69727610917647 -47.032589028165475 
-16.457780256757 11.80730342441639 
-32.40618475963173 91.65031275030371 
30.095122542759846 -9.833699791582283 
54.51500416979215 -26.75795218401998 
0.1883825002071981 -22.263089605316875 
-27.629257099474128 -17.629145382238203 
-73.4538355630926 21.712664211678632 
59.252570900084706 -2.8715631726026536 
11.364713833677774 94.10013004680546 
-11.60515342855542 -22.955557827035733 
-1.267700367197884 -2.067804271813618 
13.646017730206932 -36.50743211326864 
-38.30299880785194 -20.378434926590472 
30.54532920321955 -15.24830220191917 
23.717970309197714 41.82887049811647 
-9.518083964097157 -3.649224901634598 
-2.1182533543674853 -62.25811279857636 
1.2525332049263567 -1.3418410770535212 
