1.0
1.0
250
-17.675370077088097 -8.247628014738561 
-8.326343730930352 -0.45322532200647914 
0.0022966287997316878 2.847120147967164 
57.03663712650342 -27.496406276842713 
-51.752645575414604 13.068437452665219 
22.763781240194653 -38.7720834829246 
40.878854996836814 45.266329949879626 
9.671030257482453 -57.950266683711995 
5.735068550242459 20.600594756152997 
100.32025237568243 77.08718956117939 
2.3470844344141826 7.916701386806023 
29.55688859087933 -22.037552854723952 
15.243642233389629 -40.30302146017199 
0.5334973752183823 0.5646205211170504 
46.626588699005524 39.72029798220253 
2.5574999477626545 -5.144330863369583 
0.45362038643022234 -9.978657228616816 
-66.33242842810887 22.99807598048308 
16.947264700332106 95.19936387351622 
14.826406326311675 5.836485646981972 
27.631744421428298 -6.0698884511462134 
-10.32657567423779 4.430353138692019 
39.426371467785586 -10.785235227711734 
35.4308722835124 79.2013104138327 
-24.77372154877985 74.52412222998922 
-16.99050997769836 12.453372154829452 
-21.493425397482667 -13.625478356368395 
1.8397338176881202 24.38406510970813 
-11.832872579171104 1.722009153306209 
0.550044163648438 -0.21007184585846783 
12.76843481162889 44.03022381699093 
-31.7809619724274 67.53462982308776 
2.818659533209434 -23.647387297633284 
36.027358691157666 -34.29473856586035 
-0.4374497525438752 -1.0866002677378965 
-54.55568293728952 42.091534839641795 
-24.158255492209733 90.21077294297716 
-41.99071050148397 -16.719920789127112 
10.595276158952478 -91.97840094979689 
130.1308884233915 -57.18984030734275 
31.09837411764181 -23.982281355348228 
3.6739239271417468 20.857671381676482 
0.2567563080017457 -0.3116647638505573 
-42.1345556813645 -21.435477494118533 
-6.412938264833085 0.9744812638579532 
164.56327317176616 -37.20357127745289 
11.696133296946911 -6.091876791561732 
-2.7213517500258897 -0.44527485472618905 
41.72260043550438 20.984052472629763 
-19.047166916303482 7.934008263434392 
8.182335592371818 -4.8530261925788265 
-9.665763855592791 -40.365855017435955 
31.81503350567197 14.422724361074092 
19.36515014755064 10.929995434487207 
40.84866985997618 3.9198235009310496 
59.89123090733861 -19.004081831876217 
-105.29273770980305 64.29686720227936 
-65.09206944201294 -38.39637179082578 
18.888459005986505 6.5910960777391 
1.5777629509541415 1.9168654980948934 
-25.391689022956896 -42.181509617694296 
-1.7376622415274696 -0.4650043790820218 
59.662342462370475 -63.938872557641645 
-93.76703998262745 -34.350387069934726 
45.81927679775395 -7.429779232365329 
6.489372160625389 29.335465410322815 
-51.073136186822126 14.66620547696041 
-31.555308841581393 23.205874331374602 
-84.08201929621605 -36.70393139096279 
21.07594963183986 -52.071190869484624 
-11.211010937319323 11.482403577158822 
-3.8389402834258255 -11.839586692840019 
-5.2003821322500565 -29.183815868042586 
37.31736574086591 59.602141779467075 
-60.87850599557454 -32.14017897616169 
41.09188777545077 -45.57183974738946 
36.36864307562156 21.152144247931037 
42.49929533131694 13.466496152612065 
5.104639455694022 3.1073193643549666 
9.478432624438295 31.912533390951168 
48.78913166723157 20.111386476950553 
-52.03959030609159 24.037046892488547 
-4.681021168670485 -3.4150718800528095 
1.4353090278863798 -32.2601063324674 
-15.093800042524098 -31.455840962928676 
-10.396145296853645 1.3589846110345807 
-53.54997661268224 -36.87809095272144 
-22.860381622563157 63.62215649703316 
28.359377097007734 -21.526433775976912 
-2.6665504644062 -65.06707236282195 
-32.8958116170554 45.048577972252865 
8.887314656594402 -3.23911529736441 
3.8086067889841817 0.2979697762026244 
-23.531236489020525 22.235887663648036 
22.902283446640737 13.858809906745712 
15.891401867608211 15.029958114732356 
-13.007242318966803 -5.759621695806988 
90.57846204754439 8.4955967325403 
-27.877849433109937 11.355624660136012 
-5.580932298601345 4.18448246736417 
-32.77690393477511 7.564820641955812 
-15.849571398547518 66.45977086640396 
-10.72635416217783 -24.619583642776092 
56.729087692779245 -7.461544192231268 
30.946924131109554 -31.89480101441285 
34.09824624544767 18.364816760808512 
-53.0275464222958 -28.05720950798336 
-21.068002964528734 62.923684264389514 
-18.557067700651718 28.889320407237257 
2.5354254579115736 1.2399392215992553 
-1.0512724160615279 0.3136523339919519 
-64.30069773503443 13.944611827420076 
14.2139804328716 12.199765719273817 
-0.36284884865864886 -40.2852085963344 
39.9632660410018 -11.810458406689602 
-29.299020686079317 14.427562887088587 
1.7924003477224253 -7.9785630473047044 
-31.889054414260556 20.629531328725626 
-41.824821510349814 -61.11948487172078 
-16.70273015090238 -73.40670828563006 
2.203470774707259 -30.237005820958426 
10.097598766772434 38.20708478358582 
3.4433256536715398 36.31185320115906 
0.774196416002488 8.15756714174156 
-12.044214953233789 -12.377270662649 
45.89440014510905 -22.131414997233414 
-9.758498471683167 -23.631256786673692 
9.270688176006857 -40.411299443152174 
16.51026937022853 -32.287211809474535 
-9.439537118815645 118.06560559257255 
-0.8267632190106028 -12.133196173204176 
41.844066703074304 53.35528816125236 
25.42091691190162 22.878791005928818 
-54.82168523613092 55.4342266231184 
-5.896833564035586 24.02273561216797 
3.860934060925749 -91.00627551633328 
-2.14266021749178 -88.34520849054266 
16.94117088254939 23.420210221673344 
9.168531084026453 -6.262221690538839 
-113.6694481855401 125.54022950043176 
-27.578802312801567 54.974536405245864 
39.287382432893665 68.72117256244793 
-6.355473769852433 18.229260478511616 
2.031397519434139 3.874274880829156 
49.195621467041235 -7.1057153700983555 
15.385843531880932 -77.17590032581968 
1.2596837511619987 3.037113749985965 
-14.105912114675931 57.65094363904425 
-39.26810504372239 -20.382462084763386 
17.45123487341413 -51.64373412572957 
47.38696571480136 -30.74784924553033 
-35.311954460403854 -36.56671782441156 
13.945723711461127 -15.22485104750997 
-35.479785108891726 47.686211447499005 
13.340533377035213 -1.155869621657048 
-14.8713235591001 -15.165874529958042 
-36.5421733816092 -54.17408302470523 
-3.1847300104460587 7.016217362586838 
11.103649800079385 -20.323240119650503 
-32.891994104455186 -2.8546526904721334 
20.10956371517524 -29.720580009161647 
3.7482063683411186 -1.2653431210104003 
-31.855706248105914 14.915275120462182 
-12.51457171884832 -44.57314186279803 
50.72535335102769 14.409258351864745 
25.444773897472015 16.21241608001151 
36.69023414232514 55.28098650774303 
-78.48306028962546 -49.181152684724616 
-59.31683007915862 3.5564773368827187 
-80.17285241747994 -54.33486692083055 
-25.67594962940586 3.271394281160499 
-2.9984501208957597 9.358955805093407 
-24.970820345056907 -59.98602302544769 
46.01676332979813 3.41976137199147 
-44.99400806016576 13.152510633775778 
4.443633843854812 -16.992963479170832 
-31.682402839060007 -31.75146232720529 
19.316772500685996 5.713901649041605 
11.369500039325109 -23.393893187311956 
-0.46464625469316934 -34.92054587971805 
15.56219596457119 -12.973730504436595 
-15.132682445349825 11.100090670335208 
28.129821318538944 -8.770711979854365 
-1.1525578462662758 36.31632136720228 
0.5599882716657096 0.8135903874305414 
-32.43730179399876 0.4634202138996209 
-11.853636973392852 3.454163178872467 
-0.6583030454016978 12.698908780145745 
-40.73336651452762 -14.592352265153293 
-29.454666880767405 -8.878711722024086 
139.4220929108236 -4.25399258940463 
4.215992780692973 10.00419283361218 
26.872951671385366 -9.909411080019341 
-0.4836211969704792 -119.96163542138115 
-61.764170885158 87.57405122619761 
3.932905138177557 3.957064063723023 
-5.690024600308822 32.08608102431917 
20.80525688139959 1.9518581556695753 
1.164008885795267 -50.972489928522684 
-9.262221995791299 -16.657082491852464 
-1.3888193077348636 -1.9260249334791955 
-25.648750442373473 5.803014540459269 
6.400071958789578 -12.333056342535405 
13.307225676756415 -97.2436513256808 
34.54772168562323 -49.426414286114756 
-23.459606057055357 -12.110541072722237 
47.513164123599665 -57.56266362498492 
20.81913009378441 24.843714795992792 
-3.386807845764485 -5.160456019305892 
-50.31440282207774 60.27043161955869 
-6.654391469285953 13.52881292354751 
46.57123512378042 -32.94042639870507 
-17.01541645428028 14.462968480866733 
41.943914978900814 17.4147289149461 
77.28065611450194 -27.789057286387525 
-33.455931048924995 12.312797408462838 
22.093939633307368 -88.7396433288373 
-28.584027305152524 -8.210585315551482 
-23.585920166853505 -29.040147293641212 
58.227294246545334 28.54761432478575 
68.51325252194894 -3.884206219954835 
-0.7438839074578313 -9.886568159203017 
11.439316831455036 -29.65756721972345 
2.4220365705215254 -2.4915543819668975 
57.32160372282586 -20.062723656541657 
27.17327051837643 6.06061819363528 
-63.447198558943235 -44.40021624600293 
-41.847083978640335 26.75509598530187 
12.122737044314558 23.510413136624805 
-1.5499621605119795 -0.02684194757557555 
-0.11828761739769555 11.649252666270606 
24.956090100088332 -35.620236567187575 
-83.87597406933942 -61.30797491164186 
5.224291706081846 64.14328680583674 
10.19711616328083 -12.258598492043104 
1.6946079827708689 -1.7519716254814908 
43.807601148026784 22.008312316426935 
-72.01121674216101 -11.028035719922718 
-40.54842123694895 43.59156877856576 
24.555611758163113 34.83265378642014 
34.13148477002848 35.159502503875615 
55.49272739269058 -48.10004127788512 
-20.116615880347652 8.72122455618583 
-69.49828778960514 -43.226502397523944 
12.819096680312207 35.472755500669905 
-126.33584933196074 66.86423164981127 
9.850742822239885 -27.559735504861695 
8.620280563059424 21.924314355172353 
-20.837318726340825 6.486453280609969 
-8.59598085572215 45.722579846400464 
