1.0
0.3333333333333333
175
14.432793070885127 -0.5116101259031249 
-34.46321896353772 -3.7735656673069857 
80.52696926788705 -15.302628976590587 
-20.249993357055533 -17.48643262911768 
8.959147878854202 -24.653179061686526 
3.7845478170389293 -31.42283057053575 
-25.547500945765822 -48.844900694885546 
64.12160625789801 -13.397799821813077 
-177.3950313430402 -50.5323630235898 
-58.99554371727628 45.92953641298628 
7.500156677878077 -6.099600502605028 
19.534719647718266 27.865551892281903 
-4.20957348671523 54.5390068266776 
-17.987812824048486 -17.359136975709216 
-34.11705562869639 -23.440176003352097 
0.6853861729273832 0.2304422474539745 
-76.73858991420437 31.79738641103493 
-1.3924359883659807 -4.113403250281902 
-13.105473455098009 -23.854474944223938 
-11.979936161219939 12.022081573390366 
-39.33464490022585 -6.3100116717489865 
-126.00419067473574 -64.97443887968716 
-8.672448356459194 14.976713416249774 
-24.596776903079824 -37.864434696030266 
23.181998337650604 2.2439906201723865 
-43.26746058486499 -83.55292157750505 
7.478846873564597 19.28250805850374 
-8.810683248545619 27.201060536576485 
9.645999697138352 5.143446141557776 
-5.113775421420072 4.34730781536825 
-18.509693707392312 29.924891703789076 
55.100191829380165 -4.109657963255354 
-62.12596205283717 -69.96038909632546 
48.2263989155273 22.938453346067607 
-102.06208395028261 10.323078787212747 
-14.187254098282422 14.510162691116916 
6.047196245281508 17.442260633237463 
-43.1105478035691 33.04753857843669 
9.044508600942853 -2.102919125794177 
36.3165033593888 -2.8317003061925305 
-11.772518004627212 11.039342891015366 
13.563894316073426 -9.410027962265222 
-14.68908475569031 2.1348521455613034 
-22.201365000899795 2.896544646709596 
-8.398555546965696 -97.49180493240178 
84.16630792076455 13.905519410548985 
-57.843384161216655 -14.639694696096901 
-40.04640981037143 91.45101944368108 
-7.852297060373162 -8.469294361091771 
7.31315616664076 -38.52619373724084 
-0.09948663383804685 -0.24577834472711968 
23.241297880054173 -75.74043189942249 
-6.040146819971682 22.392254975287013 
3.4100311774276797 15.157170340413582 
25.2364379067529 62.03964011324954 
12.394320990421354 5.606992043116714 
22.849090778118956 12.054083324205815 
-30.91599502712281 10.718645011249585 
56.17381233134426 -21.482939592683756 
-96.57520126232379 98.92130846143779 
55.31127691727976 -28.946514361361732 
-26.561189674484133 -13.560188904007946 
30.828299036896 48.90960112111782 
3.999007430640575 -2.993189834936404 
-12.457578739874712 -26.956003138984993 
-38.25662746457885 12.732754656170638 
-1.7350053192047388 4.488317552634817 
-20.321060746560786 1.6793680995084654 
34.6682873655102 5.824566420499083 
-31.539808206242405 5.751549058390393 
64.00929091828407 10.469863896488485 
6.8886118760366495 -22.160260369003574 
-3.1607527714890473 2.042614367318672 
-0.9253790379503369 -14.96611758556516 
59.32184036058979 41.20609082671756 
27.304718057143646 13.756939485994668 
6.123919798712116 13.660189840526877 
0.5550054934316058 -0.7862071614747974 
-1.4704911877423237 3.5137646766096022 
16.725394192863188 -28.614178221074777 
-17.927825903253012 4.017151008435652 
27.284111409331828 1.1599485955926916 
-0.2610168220571069 -18.616754197856284 
-14.086540635813584 56.659968097180816 
12.11354884331233 -31.86003169310293 
38.31985483077885 -29.694332901726145 
13.490537938657052 -38.94926958429738 
3.0162954439894705 21.4405795185478 
-42.23211168684914 -27.45521166059639 
27.311589697095382 -53.55052840095771 
98.51120950791058 45.497347187796066 
-22.948277946035418 -28.16601043331484 
41.1936793557988 31.911169268011943 
48.743405482689035 0.6533103046475548 
-0.5844104782811357 -0.19786717257855402 
-5.7379025441144345 43.40208943724583 
-11.939093464846836 -4.739421119652894 
-43.958458828851796 7.747485564527945 
31.515022296532173 -40.86085630242938 
3.538906896153853 -8.067693137131503 
49.6961338711585 -13.134930762116868 
-25.982701615733387 15.435138357742 
-0.3665594467705834 -55.15129446726685 
72.01083148089772 17.612854374440843 
2.364179499905321 5.24519438340344 
39.074971112483816 24.6465970115008 
-37.35923068689632 41.32228611541129 
-59.77047638890468 -24.251337550796684 
-23.875353284035782 -26.84857986360379 
2.1888627010224875 0.29239497158617606 
6.657028350755562 47.89139405277538 
-10.625153725549698 -23.521160579580872 
77.272110695756 10.275400234638186 
-71.78912968880672 -83.33298443429116 
13.60782531934163 -16.607277239676126 
1.4895425502673258 -11.737996308811736 
8.446039561592025 -47.971174876520564 
13.330052517433979 -44.39242548746387 
117.23746864482248 -26.077763056452582 
20.75982767500537 -0.3625139781701596 
17.842577499153872 -19.952034842494157 
23.26668456409921 37.721558648487985 
0.9394277741122129 -8.079515965364001 
-81.83024988362271 -88.4129186884075 
26.015822001003347 18.907528702874988 
-13.479180013870337 37.90720535612519 
-3.483575479242817 -15.429227221438273 
43.570445956633726 -11.574226238067276 
14.263189099656982 3.7211376270275416 
-24.31344895574639 45.08349692701479 
-8.266058124053265 21.11937118014276 
4.870235725496622 6.658446185583384 
2.458136101371053 41.98355890549982 
-6.941889853850362 -2.8792148141293796 
76.3866834178425 27.175019170977183 
-22.994776715267694 -12.046186116930647 
36.53212992263922 -32.75348015262293 
-7.406456320327092 11.088267167074047 
50.913275269853315 36.49418233838077 
1.1641534594730447 -0.7430049917843742 
7.824553658014081 17.122380945042586 
-35.56902031301774 32.429772102929654 
-13.112513293514514 -80.88323761308565 
0.7882436428234059 -5.320691231960881 
4.880891957166429 68.93224800091147 
-27.98672126315057 13.569682110873023 
-78.85643613555611 19.33855537433358 
46.967334417998636 31.52764432297838 
53.71560613031903 -5.141297795692885 
44.077638601621445 96.38307444483415 
-49.571903470502626 5.519971625328926 
2.2965785977335713 62.89850663181351 
1.6009138069354323 1.2182622437785726 
34.23388989026993 8.963632164489802 
43.052415916125476 7.022226823584774 
-23.524701961054586 -27.27573350630701 
-1.697958574719482 0.7699013535591672 
-1.4575065395256726 -42.21453996294574 
-13.253153980122212 23.338989280998067 
-12.869970656480604 -24.86619827352819 
57.50808899599175 33.87500409436983 
-36.013527071146676 12.078878950987038 
-4.118543271615616 12.395197584550035 
-4.158494564452863 3.732613877902223 
59.06033622673629 22.496453305888245 
16.36991273137555 11.810599747750942 
0.0127458135805253 -2.117586574602751 
-11.147854523447927 9.35565840909977 
-10.66015830825804 -23.67961564371856 
37.58361913845585 -11.268351658445209 
7.651244706066495 15.88047872567939 
-7.796834455698141 13.863189840843004 
-78.56038733751153 7.069649593838291 
-7.180904042218351 -22.922029155418464 
-3.6753161670895187 -3.4329877280496373 
