1.0
0.3333333333333333
175
18.069175765192345 -52.33673739768519 
0.6097212850822099 -0.34442105900105585 
-28.37752637740815 55.25836401055881 
-9.653947538811645 4.22515426269791 
2.4612979627004266 -40.533849598128164 
1.5781088334055189 -13.29343430483415 
-8.693615677242818 4.221581634847989 
20.975948284349993 20.302770461018635 
-20.07548827605881 15.002986511646615 
9.076332648899674 1.0366634829092298 
48.70632493780806 -77.61253246121191 
29.285261690461937 10.985664292467973 
1.2702436303484288 -1.2140790075506371 
26.530549707587344 -19.019949837357448 
27.904249318570532 5.832570715072846 
17.653869809432052 51.363559649103095 
-32.5443268511852 -40.30278291771657 
-41.69717168225246 84.26438341317679 
-87.29599972382633 -3.3794946485452 
-4.590916690191884 -7.680619078776077 
-4.496885725958743 -14.50939018228704 
-17.02019174335045 -27.481460978874914 
-6.993142158871657 9.173650843885223 
-1.9694841504194571 -13.818378485609372 
-24.27870193691847 -65.23833495605128 
-18.55925475294886 1.839377823643268 
-37.86491131939377 -28.098788948297067 
22.851474438479542 73.94056868327033 
34.76314995928746 36.792362631960906 
34.34846315463743 72.34835992193673 
6.469928641984725 19.86089838052409 
-22.80213952163653 -14.435927448012928 
-49.179301307550666 19.318146364313257 
26.937995520135164 -14.807492610532107 
22.947958659582408 2.175528984384121 
0.0011230309265273452 2.3379249743791783 
17.074180979512263 -18.416075473845517 
-0.563966352782914 1.3490630747146806 
-33.63425440115771 -1.4595806056365255 
-13.92175575873811 23.134460718513658 
32.716311839786385 -90.38650817789812 
-0.052903865764980455 -16.268121549439744 
20.011495269348814 -4.625963302962029 
45.9346692792275 -43.32939465155627 
-32.651535210903376 -34.76654257617062 
-17.59468391826239 -10.188659013617913 
-6.349449863871741 -78.35406414245236 
-0.548985135473723 18.777733577357637 
-12.90728787106301 -5.157348311107872 
1.0905569433700149 -5.141820958639792 
50.965298792769495 35.29500432810677 
4.1157400541044495 -12.551635185655071 
127.50208472697406 56.992761970969056 
2.7928723570544807 -0.1141246564814375 
12.583004138641824 5.314067877951419 
16.24876359477265 12.79807028304125 
-1.7115029758911007 112.57573481513474 
-47.47045045200396 -14.232049752211061 
11.050352477774904 20.34778599465883 
-2.2878548894848363 47.96267361800073 
-13.915061981383005 -23.4007536390273 
-2.927063530653331 0.22453063915204638 
3.0699166777663467 -50.45100821741695 
13.98966495937159 102.52687425101418 
9.659800024751707 4.121193094097409 
41.17513196705953 42.157028030817926 
51.234357930802666 -34.54801237986384 
31.955552739693445 26.391012640751402 
38.35130375398717 -10.084593989570692 
12.727274289318435 -44.343093033689996 
45.38389974594711 15.06859381752118 
-2.8490164008885293 -42.10305967266439 
93.63422318151072 -40.72715596159046 
-3.0386235393518053 -43.767808909335656 
-40.738991345898796 -51.47332443377024 
-3.595096805394259 34.96719849622109 
-1.9063432974545014 -11.40853096789504 
3.342275811630494 -6.623865322082237 
21.58802592689901 3.2838924638207487 
0.20124595328024916 -40.253265202361334 
72.14517053594939 -60.036691407730046 
40.79398787190779 -4.6872430309445505 
-24.998422744873274 -11.512731880745676 
-15.905526130875678 10.556336679526204 
12.02338301506409 1.220976673309973 
19.029186852182573 23.455342741054533 
-61.9283332808347 -11.07172142494347 
-13.97329728247397 -28.795413169901558 
-21.683212483491165 -4.282039889454921 
-102.57866775853255 23.193537873806562 
-48.18038388203948 -14.929816365345447 
23.696544131938182 4.0223096628442185 
3.1534535342164913 -1.9064675925785222 
-18.751630025077862 46.37301467116659 
19.24729987359152 -81.78110506273089 
-2.9136910900316106 1.2872248193772247 
30.35877846973419 30.238964204746352 
26.728670575587334 -13.587088071202862 
7.718123426196148 9.809221099038037 
0.20972124214259036 -29.729322107759963 
3.425111010623091 42.386513373624645 
-10.835840186366392 1.8182493162780207 
3.829496020444392 7.358113333135718 
-66.05099398754653 1.115161519879466 
2.2913986406121283 -28.549592646593915 
-14.046287947797225 -41.13528219498605 
19.921133725610773 -12.152058461523998 
8.286721772343343 -12.02433219404259 
2.049526363417828 -17.944224481065458 
0.8773217764206807 -3.7866249920937616 
-30.23464910260533 12.566028729062541 
-20.942965643246655 -18.415326297568754 
0.9805113019266027 -11.66790572600114 
2.872507634330813 -11.070021014102158 
-64.0345573011054 -1.4061925302048437 
5.020458619145931 2.663798860809698 
-36.88405726282928 22.008004458794346 
5.009697448759185 52.543062556896245 
-16.49717814331215 -3.2797872228833027 
-0.502731004930963 -1.0288535022063112 
-9.242973426865355 39.37510610120715 
23.447483877952845 -19.317677889243317 
4.1383768460200425 -5.577355562217436 
18.57469991350815 20.30330685337371 
0.0375173460459846 0.41392711274146443 
88.14607062698026 -50.33046689475519 
1.5002667517603583 -11.88555227408623 
0.3093774947069213 -1.026521352379526 
-11.185488696192058 -13.098832787556226 
-31.34009322265856 -58.214958795785904 
14.604555053490518 -29.650643863452956 
-2.9169413617837745 14.14144471353413 
-2.8264786032364015 -32.97212596623774 
17.180447655584754 -32.17475567407913 
71.77853970763289 19.42795202846608 
-0.07656101587104072 -5.487336374410713 
34.930848092208336 -9.345510687804124 
-3.822515738952579 -27.068829597487692 
-12.89801704306325 13.150207944597078 
83.80154812328371 33.30177790904688 
-43.956521557860974 37.024429692039526 
-27.336829031887934 -4.11178705739603 
78.55275139888484 29.40717083913066 
-6.256283388504279 -9.152943255195556 
-14.778705400529704 24.38202447796492 
-49.353269645810826 -4.899183264949607 
14.316348225625818 62.86048688891258 
-5.694637899842666 -6.007645632371585 
-2.403198423435343 -35.28060949487516 
126.59241398912512 119.82857472310144 
-31.68117657689141 -28.690835088640682 
-24.38206205614246 29.727589564158244 
-54.1688002898421 -93.1546381358025 
8.621138706472903 22.66014312582655 
-8.69783469708725 18.813208650955207 
19.131120161859915 -82.32373548336224 
27.37535766348621 -26.8870329661892 
-12.471378030494657 -33.60439808224376 
10.703938289705176 -3.8223791061134778 
-9.903934244588823 47.4742196389592 
-0.8540229620087528 0.491383410802359 
22.12815945593052 -18.499694390452937 
1.8563089211462007 55.66860990357468 
-26.22479405403567 -29.103333596232993 
70.49965937016887 52.75615094616393 
18.99470905368745 -0.3598279915863877 
-0.48297197636845 14.093512548964549 
10.116922536744642 -5.2802394550125324 
28.531568451275103 1.3791609500378044 
0.6201436895407114 1.4580827501824258 
-8.951171514643075 59.38038761402687 
0.2079688995381159 8.185132997555307 
0.175953513442961 -11.15329181611427 
-116.34851876441785 34.4932883372458 
-8.829520042378263 45.0333006186088 
