1.0
0.5
20
11.010942184067432 4.864719418403627 
9.437108186771612 -15.844491503535302 
16.007423617227385 -30.30920458752873 
-68.92811168332612 -42.09153708157927 
25.340249012307645 -5.971859667014512 
9.251094369023113 -0.40473869120216943 
45.61753581236038 -28.028385489130372 
-45.40642550846013 16.42607595809998 
39.8470380838365 -22.748895629750653 
-23.406955379855738 -28.69380730230464 
30.948103014321788 46.68828875121213 
-73.10556158266668 59.160528234050375 
12.057007021251883 26.436741017926856 
-6.4710924578188775 16.26535273248786 
4.019464877017888 38.33610158333538 
-2.50776905111165 -30.501527010428926 
11.439654561300248 17.15337727804185 
-98.72079322511169 -33.42297987383447 
-0.468607201730684 0.23217380857750392 
1.3268510223524812 0.7917599749236384 
