1.0
1.0
500
7.536285592569847 3.5370759474232822 
-17.16361640582757 -91.25931017730403 
43.955145368874526 -30.982076888067745 
-83.51122391108441 -17.83242496758311 
-20.049927887229067 15.931524892861265 
-40.65825685835486 -74.79641287800858 
-0.14216799964797955 0.09618532164257482 
11.93899035819473 8.144807944991985 
10.04658551216098 8.589838854732513 
5.226549092993117 -4.116450953148197 
-46.105601199757196 57.89606863314996 
-16.065670795165758 -5.966681801030809 
40.91680708567732 -113.60070125402291 
-28.742661765192654 -12.647550732159237 
7.994238081924865 -26.23972586878021 
26.02477390269508 -14.984339986021752 
11.454336634046722 26.858160414632884 
-6.581751035406662 100.24558143252573 
-5.487519336384945 -18.193412260742768 
9.340047950669527 12.061007449028246 
-42.708156070572805 -20.34600874842218 
44.30802402672516 79.08149682416054 
9.328333677780146 21.82039812524918 
-58.806772694153764 -42.75562943672871 
-9.924245503166915 -7.0006133229414935 
4.191824248659835 11.883262546731387 
16.549351855717617 16.3500965156738 
-75.65083116045602 27.765761017300537 
6.401177935302937 -9.754935952397545 
-10.645217828277866 -77.418687020915 
14.930822926975509 0.9785553196666982 
-28.838668701645112 10.930870024295219 
2.3910701096295397 -3.58039910386678 
64.57098849174525 29.40226019424567 
-30.816565313701982 -69.75331108601122 
9.7491763847683 -41.279082924284594 
-137.83464577717962 26.348596920870236 
129.83364556500774 -0.8894788755718345 
-4.6668584285503965 -5.980150553319601 
7.256637001053365 -16.671540591468503 
33.43135926786849 -61.02554883073756 
-90.30574708814856 13.088273222313912 
-66.41887903178043 -6.625579717748769 
29.78941225417032 -9.024053930074066 
42.958330885556734 69.1255223361696 
-66.20086310773593 1.3000566785296208 
19.803235133736564 -22.159455583973536 
-10.74109221138149 11.077049852833712 
-48.577617837754964 38.59272170650196 
161.04610071797526 35.44749596794605 
2.0812536243088156 -79.0457340339943 
19.626490305136755 -6.919379429329403 
3.7741661263668833 23.694371831570912 
28.65758701446722 -42.6734699359347 
-17.32918546447167 -15.679593548649946 
39.719987590534494 -61.000027433969 
6.986563774387297 53.359298771770106 
3.3153904506021084 28.552765017761374 
-29.344843248682153 -126.1610146486834 
5.874982098406285 -8.762766876428145 
65.324602331569 54.1096507288889 
-28.907886589091532 -17.637745980733243 
-25.427821976847763 -34.800055665108495 
2.231562661016943 10.245958944493568 
24.191712643537837 78.36190099605177 
10.427787962039652 52.374234056225326 
78.7025308601136 4.319835636343264 
0.2623496603954196 -1.1458816430667562 
-11.460279060254631 -19.68394839997106 
25.27112088858316 -20.57714969617637 
67.58893966344132 -34.28754979685644 
-23.955752111501745 24.930646525790117 
-9.046852430472837 -28.0679651013414 
2.220896806673424 4.5445010254876905 
40.26221537853202 12.502085364180438 
30.45703607403581 13.247073947200697 
-79.0056507898358 -16.72097652213668 
-0.1298765123275637 0.3745579098026423 
-21.238895122335226 -52.87850869097221 
50.42832653886009 -24.2928511329282 
31.04776756450987 65.33387889201703 
-23.051219885812795 16.371248883883062 
-13.205914340359508 -15.038254566716065 
32.82221044434903 -85.04431037668616 
-11.638891968723742 9.929102994910807 
12.479862307770814 6.543111558906463 
27.27778595327912 -22.98141849981093 
14.134274416088067 -3.4020385887818034 
33.146322818244485 -16.161033504558475 
-51.183660347355016 -62.811205263231145 
33.18101672013911 -38.92197220676193 
0.7582011538477669 16.83197469739074 
2.206925194656373 1.454920702594898 
-26.807863580445606 -4.129341271374604 
8.73066456253306 5.784884619996253 
-53.0591095753338 51.883151038106966 
-71.34127038886224 36.677160709529055 
-21.91189821367915 21.043383330651164 
85.60687718174722 -6.107505273227015 
-8.395764466290006 0.9608137572608373 
-56.11905992758492 -53.169455885285366 
48.23604781210687 -31.003345507742175 
-21.09157410953804 4.003790981977444 
-7.364791064432263 5.283586142991212 
-25.40266275522037 33.26875996004268 
-32.29433942089414 57.36108524447381 
-9.322380035601507 3.710204832475683 
-9.82431898903782 49.11481586076896 
1.4027020673494608 0.8788607332676038 
14.060782323295555 -1.6027534583520817 
-64.72415146534196 -25.4852751111854 
13.508714863802052 -21.332127125554226 
-2.9844745026616204 27.453150833853076 
-10.802207861369427 -39.21993064262423 
0.10350588844338697 -0.09008440037689797 
1.5610836944117559 -23.033645170292708 
-6.828029295710629 21.08679778089201 
-54.68100106136288 -108.80800071756791 
-29.382136077444354 54.34023632821947 
-11.205714160055768 -17.255611352469995 
-60.90572176931845 -22.528356884964463 
-105.9556464101764 54.299364361768156 
-20.439861476015686 -32.16939524168544 
-26.78545113315838 -36.03553900127339 
11.191627964914328 -54.3927151095654 
-24.326295756004573 -1.033796168239358 
-40.74147730015903 25.79818529231413 
75.81625986846001 10.891585992989702 
32.56970933004398 39.77775361650543 
38.17112198079576 32.759884711667276 
12.31067301883781 -7.953301850343302 
29.680374057898803 -2.975207767445731 
-0.6774907050306244 -22.364368540768808 
-60.884604320533974 -29.00915599579887 
28.673864127774554 6.171361980708882 
0.03288357712265439 2.088908995610653 
-58.292454168209495 1.3370472849747814 
-3.6821204017004283 51.78878879531945 
4.284757970306289 34.6222496385683 
-111.27448928958752 56.336180695137884 
50.669974590078155 51.12202444589292 
11.03864392577488 -48.48816769438162 
90.46434224476413 -19.51623030331294 
-35.868269927264755 -87.69697906983298 
-1.3324264776858583 1.3579065178062246 
13.916094184634401 -12.344950674282765 
-14.028062323237423 3.752664020588506 
-64.2709156149419 -46.72872678360667 
-89.17373883695791 -5.2094235197501755 
-24.550666461318915 -38.428267555173186 
26.98175572645406 33.51115876697656 
8.939159053357358 6.747005359006368 
-8.855528703037104 1.7076371114354507 
24.43917511160663 -24.52227382183383 
-10.050245475287756 -3.239850285112225 
19.96502923804243 -78.59984198087847 
62.67786829082982 17.061165640406315 
21.870706372191677 -11.375444892788044 
-19.351390830421 4.687054593627223 
40.85621461020012 0.8698135859561408 
-24.51961996350422 50.42634572506694 
-53.22832818682736 34.504509658183316 
-0.16264220157017895 -0.30120814507057847 
-34.61450885337932 -39.99139602917334 
-10.167785872503927 -12.830312551232359 
-0.14507805253632172 -1.398640773973873 
-18.895818075309027 -25.10567581816875 
20.514057871353288 61.490821066204035 
-5.112544709671059 15.33587741256307 
16.702317942188003 -13.46924612352908 
5.554566818975716 0.20227377380556535 
-90.26775116398207 -82.29681798935111 
-19.029448186018904 -51.85714385464919 
84.11584402191276 -71.45810608832898 
2.1548838032340796 -6.60511520679922 
0.18043153428713446 -2.6792374253930267 
-0.2944635416759949 0.07506280608105986 
-17.839303177091086 106.41025121123685 
18.120376180838264 -5.481780011962889 
89.02231969128363 90.58003749026223 
-26.857373882688524 17.038588509694904 
-0.6394537832312873 -0.8289947691272209 
27.589549406634177 -31.66643631179639 
0.6125106283360925 5.610144750050571 
-3.149647894174906 8.921271359260373 
-1.0223722040210694 54.00047994724656 
-15.78918246500354 28.025475002779913 
-7.063370450217279 10.47439816353205 
-4.636520585197102 -6.394846989670867 
67.19335623043521 -56.51280671612654 
-23.240303187011566 9.479903138295782 
24.804335846706522 -67.23631634517655 
23.938578563984407 57.79626628882749 
-12.805515811693898 -1.7079231942052886 
2.786875587950769 -25.28562200198262 
-27.216228751757185 32.6542079518379 
-71.97134828905291 -21.075422866535664 
-5.17729172313852 15.125386644592487 
5.820461649358464 9.538417675844695 
1.5632966933861638 32.49728571607725 
-30.062981264063037 -30.839710156102246 
-2.0390797598618655 38.15701015538587 
90.58878090478507 -51.52531482507343 
2.35708789431249 -1.3010930345493215 
39.33083918750889 -15.537672785606219 
29.704961476242495 34.903887279429185 
-15.069488126835433 13.206595337803487 
8.74166614749657 20.117397878338416 
-0.4436876042942158 0.048338282766641094 
-2.7471899856656834 0.26753256317228263 
2.9987463198305355 84.74763585906054 
-10.51819117791787 5.473947325641857 
2.7794040340460824 52.73795996294151 
-17.947201234385247 -48.27346553537884 
-22.241070361496106 -19.591978036336442 
37.031603479982984 -11.6892697138195 
-0.11146293721684533 -39.63116678243616 
-41.66374266215542 -17.20064302971563 
15.712634557580204 -38.812891951112924 
47.55460745046102 0.5008047257846973 
33.41929314511097 29.002185110935034 
-8.022125510698976 -36.4957927297942 
-58.0249645976275 -1.2567877237146263 
18.3009586761913 29.333024288091327 
90.96938317604739 5.3552599106365575 
2.513522968699711 1.4766671532821574 
-17.59001014036326 -27.614953481653735 
5.846956829890698 15.172029900923611 
10.909246312670673 31.302288088486254 
-14.997388867279328 -10.966095949894116 
33.69669621811896 8.812457068017617 
-7.389627020209944 -69.36076458155067 
-1.3193774846893245 -2.306123057398805 
48.47769485756523 19.151884526248686 
0.06984958010009118 -7.96576668827984 
-1.3915065113080343 -4.469383089348361 
8.31473284709806 5.340045675858515 
-1.2849490851788632 10.900744279664641 
5.024013761866998 9.507300261410087 
-4.963572270841917 -10.910122274726147 
-5.5588921424173785 26.736230813840006 
1.5412829009980105 -71.1675934107641 
75.10920533808418 -24.599156836397274 
14.362990410116344 22.537577634267564 
25.57823774251632 -9.404594785101349 
-24.898090985791345 0.4104903204342837 
-30.22181869948087 -38.96883002831061 
-5.957913095922471 -12.212216499114898 
16.472277812702902 27.015941404767133 
2.802546852141976 23.460119163170745 
61.97374025845519 30.45498661827579 
-75.78772717525378 36.76737989944294 
-31.45714532455674 -24.391759400987834 
-55.083385017599696 -5.079051105327598 
4.917376097477868 -2.200591556512331 
-15.451939544933653 44.14788314004113 
2.507952784291081 -50.601589464299494 
19.50647190229801 45.6306765757733 
24.710354497498674 -14.427992659096963 
-7.3248125659882675 17.839904332868723 
81.02419275456869 -7.15340231204338 
-0.24138517608973928 -1.0958857172198366 
-48.178678320854836 44.37839755076375 
-3.9398696201231074 18.71473088799733 
12.688301112679172 -5.201696023091393 
33.68123122145089 24.50806254529288 
1.985104413839634 -6.669151059192543 
9.560310083068593 6.075042829198566 
-27.721589004281498 38.601169717734756 
-20.750693202625367 10.077492831567994 
12.768957473937228 -42.126404876703305 
-36.029828384893655 33.031316157304104 
-0.9353161546643618 -3.8508424214941543 
-1.5772717165564962 9.62639380634982 
-0.01770149145352022 0.21646822119774675 
-8.519126647801496 -1.7961659206929765 
17.27682073238766 -12.47494824846526 
3.097491649605967 27.364686302683793 
-21.345161599587694 37.62625145873664 
-17.902592363255827 102.79369948481292 
-33.16807024325119 24.78469943026545 
28.943700378301926 15.727542825786744 
-11.656358910658884 -1.731759538699094 
16.767530306145947 -9.975297982688039 
13.860083230126005 57.466788484679064 
0.7770742162342501 3.231257553978078 
48.96739589606844 -32.9000685786238 
64.84532018675561 -78.47879358566921 
-46.54578389511831 -32.55492210624972 
-42.906582607289835 11.54053540746875 
-35.386678332359615 -84.01742037622586 
-16.125343214153858 69.88088270131996 
0.3152905319166478 -12.842300999421797 
-52.131429463052186 -35.456951019121966 
-58.88400108215315 -45.567153013129065 
-18.574679824338332 5.544479320372499 
144.8100640198439 58.2495693637871 
43.78250594371807 -10.418106841685914 
4.240024258016441 -34.11027403493196 
-131.49820603713619 -19.728774080318694 
1.0965813085891447 0.2724643071619583 
-19.668118057666515 1.5574233204692178 
-34.35206733438722 8.287548309054594 
-5.475330579054746 -6.953691554047774 
-7.285474705247106 10.337897796637527 
27.464272056355952 15.79481456853444 
6.854644649839226 -12.10987836355634 
17.044987341638084 7.952766039640307 
28.282507289782405 -66.02576163364422 
-25.642349221134253 10.153183704408875 
70.25607231149539 -20.376239624954913 
39.88078205506818 -8.811952437143457 
1.378105602323739 20.8493583691622 
-18.33884953846908 -63.134545072412074 
27.971037070921884 42.97194389638238 
3.487766333287159 32.959334555282986 
-61.21761457134829 -21.471829421092476 
-50.909414651996975 35.24867185556015 
83.03351423016252 18.027953955343815 
71.86965450256591 -3.5366857941285756 
-0.49260877106815465 -0.9170819559714359 
-13.06139908330636 -15.094240676247814 
-65.16470314332747 -11.624573261081899 
-24.159516589981127 2.2150028025998676 
16.280385021726655 -12.794771330792495 
-17.282820870042332 -7.2442777356968175 
-25.438774764643817 -7.644713479292927 
35.79136172414177 -5.21805611203425 
-26.31375810456157 51.33539526145087 
47.343108865595745 17.564017088243098 
-6.479862189396407 3.4283572289942836 
41.6213006627098 -35.76518998806638 
-42.42475166017217 -23.32723712002683 
-31.38903950518026 12.825730264137972 
-33.1134699722946 20.148953267720657 
-17.065994622668896 -9.007242589138105 
-43.378074211819246 -44.38735994429421 
-4.443931802678818 11.530317155080313 
71.76843582328384 -41.6966069315294 
0.07490287243818322 0.004074309266363584 
-5.299900131487082 -9.743351179297719 
13.843201885539063 -71.1224455876513 
9.673028796173062 -18.07908190771523 
13.759175789294439 1.6926420410358305 
-12.40222218534708 -27.577824109358893 
-14.923533201595987 -4.391800143732603 
-65.29464302545402 -52.52641173562392 
14.68661976663125 42.83555528410555 
12.539050982661811 -14.199600634540198 
-23.797871014319828 -3.5733266842169322 
-1.0283341367287677 -1.2963974966627998 
41.45296840112324 -27.168098191691936 
-18.553638477041222 -4.850366363373344 
13.367963635045582 10.282858188842084 
1.1987669558470933 3.0836260218994553 
54.8542592302672 -57.68165763685026 
49.41194916566647 -22.027216588521323 
14.431754334115087 3.325718418533593 
8.066679152913732 -3.0115010804665387 
-15.347494969055617 -83.38748204670102 
7.51683074410148 -64.73387988287814 
-17.41841028547129 -14.562757359197347 
-3.1440150806609446 -80.15351661058126 
-0.19715739948710062 58.27678769315863 
-12.605421861241974 -2.4482075240397787 
-6.389831256224601 8.087643853377767 
4.679396375122569 -89.3509646565146 
-4.660953540163885 -6.872153390769262 
26.24143529602813 24.59324122132771 
4.951184969609962 -29.086728792707262 
-30.814176768927283 41.02077245967642 
9.13381305349915 6.897296637874075 
-17.68404987169057 49.155724217958436 
3.1292016700789644 -3.505276650918265 
-6.35772053121609 23.71610836893266 
6.409050237755183 2.1451278337984854 
4.172461118612013 -11.382324965573154 
-7.686035843512062 26.626767145998322 
40.91248755069165 3.6716597551654693 
8.700199457486542 -13.10099763475576 
-26.363031878413803 -9.056895036927788 
-43.128907729833465 40.30240932217778 
-5.625582260112004 67.79750882483987 
8.114373075230672 18.94231792208127 
74.1022524766994 -37.07517670180699 
-21.920823489598042 -20.18561543475685 
-1.0207307717263505 7.973363272611101 
-3.2080420543003516 16.021367732400424 
-10.800506645433277 10.482032117599813 
-2.806503402579656 -2.631175865976641 
-62.36119150948813 69.54716088046021 
43.35102445316884 -40.34107049779631 
5.150520907025381 -16.263732575065127 
-9.53155575579196 2.8469178571649656 
-10.434600660358157 45.0781810989171 
3.252609236741474 -44.23217674984721 
-66.733075530096 124.86286765193206 
-39.85615705631494 -18.908998484966926 
68.21526192505247 69.4607553863219 
-10.927990054672238 29.648429725371383 
114.54177840108397 -33.293431451508106 
45.042366170415015 -43.915949797319044 
-0.21914663587222108 -8.267192795918383 
-60.85706371575411 -2.001742675470793 
1.1605117344281544 0.28798498992488025 
-10.399285120283992 -22.687216988482497 
-53.85045558900436 40.80607538804969 
2.4069876012926015 -21.175898109430772 
-10.102032537978259 -8.57085683268057 
3.2363015122308636 2.3159900299069553 
25.623151461757256 -37.71309831434667 
-4.8686378787931 8.571019077492588 
1.4025642945733592 -5.659773293829232 
-40.112714059411225 13.66112934293519 
-18.736833659441942 22.89374686708247 
-47.59110391888056 -68.73935124627397 
-67.57289576967752 -51.78314616032021 
3.6887538833815885 -31.97605726840125 
11.74630636239722 21.765569522105874 
36.40312227939872 82.1929555949094 
-31.743765231130286 34.1808242541334 
-52.50483361476902 6.78517431916145 
70.99478416126347 -43.15887266275875 
2.507623357330172 0.29126490764179985 
-6.185647395423502 -0.10360731065422031 
-71.95491507717814 -68.77660223659916 
-17.78338704459904 -30.724950671349937 
-1.1503553080179818 -0.5154697738242515 
-34.636003780095905 10.128741972041288 
21.206943049382343 -8.939833018554504 
-45.45434774218127 -41.600081923018706 
-8.288109253753293 8.222560291468328 
27.79241074322993 -18.975521309703343 
50.045088421569375 31.786798602587332 
20.559953471459156 7.769111525269582 
-73.71640976573572 -10.36778147439417 
52.44006626112881 79.1434021082286 
2.2132648177691374 79.49000370384309 
15.997388842879088 14.134603732789184 
-5.709281123097518 -2.7083750757846032 
16.35772912168613 -23.754020530335424 
45.27883119323966 -27.50129952962775 
0.1680264352560139 -2.1544381243665396 
-35.14540953095687 23.791956051511995 
1.696094102301917 -5.517926139806453 
13.217031215477094 -4.75035421421986 
-2.6065967137289854 6.620807298419471 
-27.13498041362795 -52.49144318711153 
-4.087060453648639 3.5660022618591065 
2.700410696702573 -0.9753296720954436 
-54.00553103882186 39.78647572420744 
69.94092648717967 -10.242596745481546 
69.67625531933597 -8.016928355057834 
-3.7571829312778053 0.5192911954982915 
23.12415214962334 -32.72304154325746 
0.8391800633294183 -0.4892468137381249 
49.828526657690105 -7.580529189477184 
-19.744745018643236 -46.767128087897 
-2.330427488458065 11.986551382926496 
-11.114057666072465 -14.006242660702972 
46.07812104753712 55.47225113648427 
66.12603818232586 31.50300596126383 
-16.822746245989 16.142025150169335 
9.803635206568822 41.00758687946707 
9.678138953553534 -2.060862654817632 
-14.515395697501159 5.1091800780672365 
-1.6981688525772554 20.957477440669955 
-9.409675689932675 -3.8937956714241113 
65.59549687905022 -17.46446596024298 
41.21017791169117 -4.453073138982569 
-20.0087428272991 24.1563707541368 
-29.605082120411783 17.61444804028047 
-5.3589027971329735 -0.488592983826008 
-30.595538098067145 -0.6884279738829427 
-26.57800388510433 -35.291562464028026 
20.35602210229695 -28.414053931015662 
13.788213510670579 -18.78446689270379 
15.735768193250598 -80.08445358407268 
-19.685476023013504 -2.7407178126093643 
-9.95468289575887 33.6119883151833 
-24.393161293088852 -25.358390445563504 
-12.982913751078247 -18.022794074470923 
0.03450862559810832 -7.452049513975106 
12.948819604532368 -3.2073970819802398 
-54.57617311239318 40.901016314559705 
-16.110647551386315 59.95414421820985 
-16.786866279333804 16.869762063309903 
-78.84843814427045 -55.839823936625464 
-5.370985569592082 60.046712572433506 
-45.03203613356594 52.720614334297835 
60.39032976799706 -29.691089469078758 
-75.32651719606865 -41.94140576350675 
-23.44205368458828 4.836166289319633 
-1.0091791110871706 9.612239560795212 
23.302082620285567 1.2007964452987978 
-53.82791960709537 -18.75469830542519 
-68.79340885854683 5.398875039396476 
14.28999234523305 9.928208495593998 
-22.18803369731351 -8.491376757770837 
-15.713307512141892 -67.14482278491352 
