1.0
0.3333333333333333
375
62.16112864680821 -8.612556041489619 
-30.29381842451125 4.232282996655948 
16.303500519217284 -17.008001351343676 
-62.55530279975634 -41.896739473549744 
-9.73834213649613 3.532058405289273 
-16.167129872165486 5.75602167695285 
-7.037992859995174 -46.87614321910058 
0.16714797144361146 3.4194720320842893 
-72.47432488247357 -81.7250310275967 
13.741662695077126 5.827141639840216 
-3.564584654835928 11.484753305098858 
-21.02553084907958 -74.74048007838603 
-18.484143740022773 31.018013986784425 
39.547457817102774 -1.074559304056608 
14.855158156812813 9.416852221030275 
20.311500503336273 9.965596972813778 
7.648314692620936 -10.367135672415838 
38.4192820249628 1.6525329594352327 
14.070628161290799 3.6944843991229517 
-34.3064648699109 -45.26934821190194 
2.122983857604567 68.06283968002958 
0.39505238561857914 0.19592129396562794 
51.33615119477264 38.32943451620073 
-28.831419376240735 -36.141268274301744 
-23.145988017835087 -40.313723959306024 
-60.79942660897957 -26.99644613238926 
-10.833462676392948 -4.88316462435575 
7.663086380164015E-4 1.9595430022522307 
-18.36269883641787 -20.30786102346866 
21.132175958892972 34.46579341186657 
-4.779421773703252 12.963411421092314 
-30.153113478579044 -48.26927579232638 
36.940263876940335 -13.288530240113591 
-4.000066680982013 4.013659438227278 
-10.230454679005282 14.089465333465263 
5.18074170084169 -15.896992929802707 
39.823060384927246 -43.48464109250076 
55.53651453602982 24.460316404426305 
5.817769068590618 2.306495830570176 
7.072470054990293 -0.8290943083485951 
-27.601565767565262 -65.92468066412118 
-41.77253647582408 -7.7769770295830005 
-73.7162263222174 89.6434857408835 
-9.200189082673763 -78.88570767628521 
-45.31945894209985 -5.492660209820523 
-68.45608818520897 15.492074102037547 
33.68167088747757 -63.392562357636976 
32.90856753566544 -76.98587156536429 
-0.09665143964571792 9.611513539832359 
-22.628196530104976 -57.91252616554426 
26.138442125058102 -23.923166502942475 
46.821308415346 18.735281504176914 
23.884449289289524 -28.224019137660896 
-22.68667071899834 31.81589443143508 
4.074448159187355 -4.091270301613304 
2.8471320606900257 8.366485234210831 
-8.752127040677466 15.100211421728256 
-23.80666985865186 -3.1008899236447984 
-3.363798804836896 14.344952315429936 
16.1648305947786 40.408201780076034 
0.8859389997233866 0.5589181282219298 
-68.20649814707997 -33.969509330828835 
8.91358560372234 7.084708968457066 
-0.8529537151611754 3.5237514629049342 
15.461330419978374 -1.933827958814961 
14.029205714608718 -30.859896591369782 
1.5940133904907845 -2.008348469745617 
52.32716512208535 9.544052598467083 
-21.333267182000103 -8.019457092135575 
9.395763993931173 -12.278257419082609 
0.82988175926827 -1.9957603715146024 
13.50033259474543 -15.059763534713468 
-14.170452369563368 22.778357691293444 
0.38859310284347404 -36.34741691948266 
-74.6846454086425 -33.15494068870845 
-15.062366040591337 -1.1406294291296948 
72.18522120921624 32.55374769387822 
-0.7535825185589086 30.201129608502487 
-0.8056545883597265 -17.404305073513843 
29.422373575882364 -23.00106977502157 
76.27160241031623 -57.549395512972296 
39.1695504287197 17.528634876797536 
6.103584965328938 -5.363811692970719 
-12.998322385491909 -66.4457320174639 
14.886676919182861 -35.8435873637916 
17.455867409690626 50.53443685365668 
-1.445192712911509 -0.06718144402211905 
5.848433739116118 11.526785957007156 
-18.792201135468314 -103.26496443446982 
9.42280949457783 7.007394283375117 
-10.534088585800408 44.683315309314295 
31.194856957820956 66.11066639977993 
29.77672146865936 11.549482939766152 
-37.34758118928231 -47.90846559153614 
-71.23052908492127 -26.90769946074382 
1.428348174821674 -7.982705624589211 
3.6211569125712755 -0.05213455255036538 
-11.834234048522767 27.537295333528796 
-14.876473900645875 -8.932719052050448 
5.906117297287545 -3.3662811134699546 
50.06439219159934 -78.78141522209211 
6.169065838611709 9.793517473009208 
-0.19984158667172522 0.9374083911287667 
88.301375270157 31.088330327001202 
-58.688592588384715 -21.752984791966323 
-0.10782222121736622 -0.13846582546585415 
8.491142777380578 -37.70971266654512 
-1.2566137807995137 3.6640403914541517 
63.2295246788978 21.838286466597665 
2.610405898033947 2.6612459952345664 
14.51420459760472 1.8888093946812035 
-1.5262553229854978 11.486984971622181 
37.544654207678946 -74.22623706185858 
-0.29819651148405263 -8.71096285343419 
1.4974951154389107 -0.6312608421225651 
-0.3540727307378209 6.669172912901514 
59.30142139379013 -6.991627529931828 
-32.00141230106574 37.73972206289275 
3.7145481968321845 20.113824701769154 
18.16972329241968 -9.798654356752268 
-43.04434037890808 -16.5458592465504 
-3.550662611208091 50.784143572855946 
0.48048482978269286 29.958368845497315 
22.034597066562277 5.437883394543879 
3.3871803932732476 -24.27664480946856 
5.269138443200351 5.674698636033848 
36.29876353288178 -2.7111762816452014 
-1.5768471929637726 7.752775345261275 
-3.731081780129909 4.500730436821697 
-9.616095190578708 23.970305687614115 
-19.832136688113852 21.244879732712665 
-70.42197024593162 -15.193302092955443 
-75.85148969897361 -106.92777861459994 
-0.5668417419146419 0.5636735345448822 
-48.09177138769275 -25.359560624061604 
9.859529067990486 0.11868554758594704 
36.05809743420099 -3.1810914200682863 
-14.01795834468478 -37.63460967667886 
-10.14094316251875 -8.729673904957364 
-11.50978087886541 -6.081162524415892 
-29.077300122133124 5.597516005437306 
8.428684297783677 1.040217227798691 
17.00113056726551 0.9261440223501338 
22.30798230091019 -24.747391632853642 
0.5050370837505598 0.585144536242647 
1.7584006939546617 -1.7198335372456732 
-25.008059646021763 -38.0346242220491 
-25.524039633303808 -6.318771159647969 
-22.152656916993514 -16.802182798237887 
4.732503905315715 16.27578082165623 
41.59571604057408 -90.40359377341443 
12.569462364067157 -39.636412949049735 
-27.667609207528926 24.76434813300969 
-22.812034585344904 -12.702276279306393 
-1.8746313121598315 -20.33654305916358 
-3.1025252684168474 -24.064319417580545 
10.486989560728352 35.821453243966545 
17.131238347633936 -16.310235634248833 
43.23633304599849 4.6037309046993515 
17.90549644908753 23.325636353668813 
-17.5908895860132 -31.067637735077863 
81.69338824881669 -24.167778365441063 
-74.99835617787431 22.778917045656037 
117.11618612459327 -2.9933864692646814 
19.238899526518146 67.75057402806846 
-10.078527688245424 2.4781337520295517 
-37.01729362635786 -3.189352723321252 
43.12904616559361 -13.480767390781722 
-13.952961811825949 13.763126708860536 
-33.78405826143777 34.49457587728178 
3.869246878623016 -19.68089008951419 
21.007695034750725 -20.99630303879531 
8.91071378123239 18.509821096115147 
1.5636168297909043 1.38045061046309 
-16.502976912280047 30.304476945586295 
8.36753384733001 16.764944584949315 
42.94693481855174 46.56104456807797 
-24.128859501000864 -30.029162932066775 
7.335620709342657 -8.223346746256658 
18.977123585340557 -57.51948348253461 
-52.38623750851594 66.14809771002997 
-11.306380914420911 -8.16149879529293 
16.997229304209686 23.667069536152695 
6.871704210972928 -20.675342290234518 
1.2644979274329553 -2.5250787312181084 
42.391633165679394 68.51801537270363 
-9.294140300937237 -9.050981877903475 
-30.169933701185474 21.89710657755983 
3.639925606387216 5.797020700514271 
-6.955640599483854 -34.66941819992659 
-1.8723108322916906 -2.140106723957586 
0.504253463535845 0.30322197076861857 
-13.743582009588696 -30.101984275207744 
40.34413188807553 -26.614548873748927 
47.92395757833323 62.129174058915055 
22.56850094119445 6.404246370247065 
20.684325221665443 28.576946354488292 
140.55420346148003 -17.098908379937754 
6.96065888145043 -4.280044555486413 
17.240907018769676 43.01697111871268 
23.10944568984748 -7.875807453513727 
-33.540511947138654 -51.0824536138908 
-32.27590985590744 65.13309092944966 
-75.24668252033763 -63.71454260291743 
-85.39147299302714 19.349808383243957 
1.730255211220712 -0.9658608848355229 
-15.737810331636783 9.350934404286702 
-38.47457153968513 -13.867545579857481 
-11.788949156008142 -39.17229849675381 
-10.192318663442437 -15.24425596909511 
-3.8378492775249122 4.506657650087054 
-3.611881744146972 5.135036154620592 
1.6975201031010978 -20.668508336710893 
2.511415165487983 17.081873444596713 
-43.6186116668032 28.54373805955737 
53.70548025518466 -8.197614631794618 
4.707398404413867 -8.077484812496943 
-5.879395536246542 11.394515669032803 
1.5835478057740315 2.7021355201853106 
9.795857060778678 -51.637165960714405 
40.353038128515735 -5.558357086205073 
8.174048280063168 -21.78511958979189 
-0.9748369161068584 -4.838721135401971 
-18.582026115165892 -51.994987833888864 
66.82418397003174 -4.482121060231194 
2.0091047309131 -17.916092046643648 
-17.676648972102026 30.51962251729812 
29.253005194849017 11.600134219025323 
33.84173263783941 61.587412260103555 
-83.0584389872555 -95.50937353344023 
-3.9093064086505973 -10.160570918961161 
-23.77950321026917 1.5619805541323446 
30.301795480183653 -8.091495085986297 
-1.16183326631523 -17.6225719335367 
-11.251590611709485 -21.274909273346463 
-21.720051077870636 -6.518227952414313 
16.702671029336432 9.825130905548844 
-3.2273410183003097 34.496616787112174 
15.286314689415189 12.054432957524718 
-23.748597577129324 73.18261016620282 
36.21269258589488 -65.77302390597318 
61.91798964675687 46.27786983664143 
16.460660028418044 31.177443134573796 
6.736259332604896 7.141716179200005 
-61.08431042354052 34.45343539011664 
19.14005090193609 -5.5828123214270375 
-17.96926273523853 -7.960492397095582 
-50.912338130601505 10.277272051455213 
-3.797106465127486 -2.4259870376133397 
9.563233105207857 -48.792871895675994 
26.051786154885015 1.6110751152175458 
3.173431494797757 5.633945270559022 
-15.034377883157415 -32.814280729191054 
57.91480202549084 -48.07373163604835 
-34.176864482768615 -18.235085855981815 
30.351492006656493 13.951213903323916 
44.228986239911514 -19.041335214641567 
4.387636308716737 1.5429837604978562 
-14.52593368071662 -61.43665549255223 
-1.478449695217289 2.7271532833222474 
-1.706656809551116 8.535223328992208 
-60.27158173279405 -3.8596208519672555 
6.419208253322273 89.98181295671183 
-0.5296944484675747 1.1456418025962327 
14.311516350737493 -2.516190332567377 
-2.383813107966598 4.865481864061924 
-29.185110444348275 -67.12335076172192 
-38.544689745755335 -67.1196040018218 
-9.364553554221814 8.942992884311572 
22.334160282392975 57.27108474482639 
3.9004385524018654 -3.2560579029863153 
8.598681050400716 -10.467916716275415 
-0.39294397191956315 -35.35572478301882 
-75.70128332843747 0.0613296361171506 
64.08248662982295 -4.558846453547155 
0.356279104403429 4.029260059351867 
39.635779913841944 14.572536642273262 
-4.378319511282272 7.379528271058013 
-28.044607103033613 -20.470829969395357 
20.25150042834473 19.431157822760905 
-23.154678550438355 13.551039238343973 
18.944959305111396 -26.51196646276918 
31.614761417734037 -14.820945561168854 
8.360312666832026 13.439579972904852 
-1.403148290052764 5.452956444218612 
-16.35025943487891 -11.982861280132811 
-6.2267585780448655 9.40231879011489 
6.230339730119139 27.69184296856099 
18.5500322050427 1.5953976235122076 
25.148425809067785 -81.54305569619011 
-2.6406107768497815 -1.2390534211662771 
1.2979983121804994 1.619921938146404 
40.27221315764178 -81.77867912970386 
15.335124999466622 -28.54942513078672 
41.89662956315836 -33.172130705415064 
10.700859542364269 3.8578578474191434 
-16.355469388010988 7.294338744937028 
26.11776893818695 72.35011630286222 
20.078458303192836 -19.253966433927292 
0.8774574589623381 -8.026769343467107 
2.1751817069705237 -16.139920557088242 
-6.9609701441841585 12.930133149644703 
-24.399867754219738 21.27578940785823 
8.675446633208107 -30.940514232480123 
50.96838282404014 -59.71778006135139 
-4.607214335238351 3.920189551019353 
33.58004911258875 56.07235155474922 
-31.325501702088502 76.06845912491075 
11.58750699588119 -16.790932102409556 
31.810857721959742 28.749876494032847 
3.900080487477499 -2.5725403121674875 
-2.323613269624545 -82.01854396384023 
-40.17801558567158 -75.42981890670762 
-6.028869833399047 -2.012538676856665 
-27.977364136037462 17.593207088608423 
8.646489258287021 57.79144651638934 
-25.1325758796672 -8.345766080011593 
-1.9614996992920466 14.458906613526642 
0.34991272180496175 0.5907619407793662 
-64.49323889208249 -2.9985046396801454 
-0.7826455729545863 -9.788839250051437 
4.1121821713697235 19.0669719097899 
-23.02385112906871 -29.20472172928602 
19.082285961521404 -1.353463523879537 
-7.369763073701273 0.09633264572512218 
27.61240108698247 -26.16149183187343 
4.940001867092651 -28.114919208975728 
17.353451933771154 -61.22284315031028 
-25.271720124611825 -32.09020259493934 
15.879788813105117 -5.703232080627335 
-5.981826621799229 19.813759124841987 
0.8207617930739974 18.43897259558504 
-27.825198464281957 -55.14319997896032 
-5.597942962595826 -18.783116671063784 
-7.468859923659627 14.595965627090788 
-6.885432164656234 32.81800851053537 
52.91380745573301 109.33141408534352 
-59.30871364220721 36.7185345210933 
-48.45505396984767 -31.44834258008219 
-6.360292446881704 -0.9197480041625274 
-3.553660641152093 6.792357583798781 
-9.069166348793809 -18.300254550104132 
7.470335083459346 12.088984148207693 
9.305253450895341 8.650449171137456 
-51.765171632430025 -74.48022663257161 
-6.767813461271613 -9.416289122380345 
-56.94746337885436 37.46538666718262 
-21.233638414165515 14.899152041842754 
20.220705016502563 30.321372410787443 
-62.1578944515647 38.88306656064911 
66.93705696926737 -41.75763193300944 
-0.003753991056529593 -0.694160258757828 
3.4306216889621965 -2.0859316659384004 
-42.20551606216094 61.1656357254069 
21.06444955423108 15.684037323777082 
12.424597368662889 31.191636529540975 
18.62940640806628 53.63662025553279 
15.931460190345177 -64.78951202834767 
-2.610118037326626 -11.117852130169226 
2.8487740633571024 3.7090519103964943 
-13.10062710689233 9.312935300074566 
-48.471395597728026 37.466427384319836 
-105.46093368056493 -44.473970652667624 
52.99191418289556 6.107920183774367 
5.018735723275397 -2.6832272463687055 
3.1878722646431097 -2.3486808190242217 
-3.181628435704766 -1.9510639573992024 
-17.62847322731878 7.119946649648026 
-0.8216999287313004 -27.289758917591808 
-48.55985038973978 -6.976029588851851 
14.432100251364863 2.4828139657351724 
-35.27561840375544 44.68439926352509 
3.5897993143213665 2.321682364025101 
63.00894232063032 28.132415080466114 
-35.50968165297879 -24.862447775888864 
