1.0
0.3333333333333333
500
15.368139700154554 14.449003145047133 
53.330895906055254 99.85737053024289 
9.242193361038504 -72.19517000678101 
23.090972044556235 -4.586566182658805 
-45.13717042537748 -68.7432714251653 
-4.482181332548342 -18.332030226245305 
-2.605131424026591 -9.810433611962031 
49.273347815375956 50.53327222888607 
-62.24468470017797 7.125961720819116 
0.8979151634112313 17.405621753507816 
-3.987340631068868 -13.685425976881502 
-7.58710556978419 -0.10425631224866178 
-1.4201891712623136 -24.207983374881753 
22.565540442041534 -61.33173457413682 
29.06277209956222 -16.627134466510185 
-15.124996171228267 29.448232706466662 
94.01416626862857 -0.5884350410218854 
-67.49923693163362 13.190089161459563 
1.5197801966187316 0.9428754477405417 
6.0185800199365 -14.481621515850208 
-49.443291746757986 -10.88180603512073 
-3.475211092614779 -19.750652066844818 
-11.787286323558748 -21.734849007848865 
60.873406196452535 -11.070095791377742 
15.418918720936018 -71.89694764658253 
43.880546439599904 110.64112124550456 
-0.9382949963451098 -30.079441295124287 
-39.576538633224274 -39.69079147284137 
0.2042278183557492 -16.06972328164613 
70.76744283659906 59.559099673884155 
58.60813350149736 -22.654646641699735 
2.325151486450352 0.9794106741438268 
-1.5668416694584564 -10.544728624977095 
19.750589178026658 26.537831389557123 
-9.286353052649046 -0.9802828493814051 
-1.5864242447555192 2.424326088932868 
99.4950685303275 23.080066948886593 
23.362087809500522 54.82805661810429 
-52.37857428809229 -20.665495563559936 
44.98041063041525 22.15988853442343 
33.80383567655592 -0.2042017341712437 
-56.36004729671532 0.26795763506466247 
-6.204662153245071 38.19659005663174 
70.091024328952 30.10943071905608 
-13.740413788476362 -84.24060116670229 
-7.796286042738753 19.78840851597711 
-30.28116285818154 -20.82484303953379 
41.733030131956326 56.78766165260534 
12.873059837203318 7.3131161695139815 
24.252431394213065 34.75528203496868 
6.697484423310829 -18.400102419506187 
-12.035956505525734 33.98352844800356 
-7.660921586272434 -0.04649212510903009 
-34.637376363671834 -26.108255929117984 
41.051804458296786 104.8748818821491 
13.185276677477853 -14.406242480912184 
-14.010449766735974 2.8952274820534467 
-11.56362459438331 -69.41351568098031 
-32.157544465190355 63.44485553148493 
9.135287100049004 41.06088645887256 
-3.2641450402768806 -50.493582091759805 
-0.2205138208948815 -1.0440218984261789 
-18.28117994059909 0.17013877726177068 
30.237601498388706 -106.2631156594944 
42.493148139490025 -67.10611910850163 
-22.897706689321684 -66.48450078483671 
25.236691361820498 -22.898940336250682 
37.63421823858778 39.54316002813801 
13.291373201527355 19.306918412895858 
35.90978397331539 11.055105210248762 
12.893663098517026 -75.18693087537419 
-7.337102064017024 4.098759587636976 
13.271043624961163 -6.064102337249484 
-5.749088431253691 -7.045267577549517 
-16.299356398092147 15.810954313339465 
12.771680487911253 -26.95663595136456 
-1.4374049675539968 11.247753627946912 
-9.654111483208329 31.442176836433276 
-21.526276183332186 -35.39234376438529 
-48.885341186357984 -27.473619039556585 
36.02542913138536 -49.433413403461294 
12.12901235142119 -14.559717558763689 
19.57305669499839 -19.2125467262125 
-59.59475472371743 -19.650272647309134 
14.662950510623466 -41.106193909086016 
8.505620425533419 -6.943101616339494 
42.197502711126084 15.415998638524528 
-10.914166414345434 -0.2538743283817456 
-4.2566996955081455 9.732651627406483 
40.731281958114 22.353469150987596 
-47.9186730482687 41.73586644778236 
-7.055062345346984 -18.38359324107989 
-39.61926262146204 -18.786031857683085 
-56.66331296305834 36.559798026383845 
2.7788053692352044 -16.69332271161841 
7.119221913820832 4.4103852707896225 
-18.666478755038725 7.630841367974006 
36.12383047495023 -17.280572430113423 
3.8173817917332817 6.66141550573589 
8.925383541340551 0.9730595329090582 
-15.548992846252581 -11.43300523852317 
2.679690390669292 -2.7899274030286865 
-18.928004299378745 -9.200012655223997 
-34.69265071978502 -46.505664871393996 
-34.50227961872897 66.9138488622193 
-2.8885910058821582 -27.95986721439304 
-4.1222072876093945 0.8064659228953744 
-32.91637159761228 -25.03503179057406 
28.874068688362446 46.33664997473166 
13.157738519237204 -7.9043109192234065 
-14.726123970150761 23.999217237889937 
-4.183614603650158 -3.7577792131510397 
5.018770186201186 2.4894597399188805 
-8.279192437726731 -15.533730717844133 
-29.401775712989277 43.11751042603113 
48.182871102431825 0.6300275151890086 
-45.88895802583879 -8.267326433451753 
5.786240103897864 -43.04608580705585 
5.696186154001022 -19.070531292786914 
17.939600733569808 45.644782831152675 
-21.19627140829568 -15.143682504101506 
2.4251865091838676 -1.757615559958309 
2.3904007191846315 -1.037233386395583 
50.30669950727488 -3.9307813678687276 
-3.1306564906917935 -22.592027091750413 
42.50642205035527 42.11049862347245 
25.80726254188819 54.102335751950996 
35.0494438124372 -10.201498855508456 
73.76071102232373 -100.45689944339824 
31.98926105802881 -2.3667992025209785 
24.649966575313485 15.37716952867761 
-2.059166635462672 -4.002325795372575 
32.472961586430266 -22.289004647694792 
14.711739659431142 -21.308357749915988 
29.80268897743077 2.062811783987027 
-59.97260378221031 -0.5441316645131652 
-27.709766571503312 12.76038650744384 
-3.742464589989293 17.58555151022174 
1.1135944556807433 117.83075074344531 
26.414985668391143 42.66849073629926 
-5.642648627772734 18.426305642427412 
22.51237659407445 37.54613486661246 
11.602856815860005 -5.744678084516092 
6.855311033587376 -11.179105375436297 
-141.10603273618696 6.444995621830416 
-80.23164724705923 37.142756455896404 
5.7872100500015975 -12.452954704452807 
-54.02934434505696 -18.982617787654707 
-32.009677740131366 2.201055564946172 
-23.937886690942104 -16.045143175393275 
5.594852404916047 22.718047762235212 
-30.895695914283767 -54.042330508545845 
3.687399539224617 31.731153531263782 
-12.471434492891445 12.722177616503677 
67.78521024235519 40.65743650514615 
-4.348464645716176 -1.9077449591453 
-97.5665261386954 34.70759033182908 
7.609120499126779 42.288654984124165 
19.624111163362702 4.4946189155798635 
91.01106840645191 2.442927991962452 
-5.846534373296916 -7.116521687231775 
48.63045238007915 -3.6859044999205786 
6.055234227316477 4.0813953096707065 
-7.307402069374501 -12.217373873266025 
64.55698194306565 33.0379443483396 
5.629490269678282 40.41054111375396 
-6.766561236995506 -39.841333616871275 
10.598798450390232 16.596556127102502 
-3.2996527620532037 -3.073677879745396 
-4.567274791504447 4.9427505404810494 
-11.615591958654598 -2.106946409442568 
32.442952728192815 -11.547570581967904 
-12.132624556683833 -0.11848440955848881 
7.623169537912531 -3.3061847954360615 
-4.900365686271769 1.4380309808183678 
-7.24137307807672 -9.2607804084411 
-52.98178719812933 -7.336465648987714 
-6.857910096244512 21.33204881982998 
-102.74447775518607 -29.03164767808893 
-2.6667296192828935 9.915117892127563 
-10.537418512679661 25.9281852403349 
10.128350633452905 12.793274884421214 
-6.138918099588866 -21.480331469114574 
-6.009199330489686 50.45648956764483 
-20.208629071872682 13.250243616287031 
20.803331678371354 15.597185578795143 
-1.2696900173631696 0.1964131758725132 
14.686599205350904 -5.847207227811715 
3.813365319851346 65.02696229963199 
-1.0450294055978808 1.2084393738780423 
15.061211551794555 10.774278981429875 
-8.89112245973082 -13.051712015289615 
-19.73694046056445 4.448742890864909 
-96.42582049084976 19.835632306180514 
-20.804827140054968 1.047636553229418 
11.722485863114095 -52.086217373459945 
-22.196673916059005 6.471613015199553 
-42.71880010507512 46.04055626423209 
-19.594429278017138 -66.55128391116219 
-11.049696207338622 22.29647397319316 
-7.505734803887821 -4.4606127907163975 
1.8810554069681573 8.13775399538625 
-2.3477981073849223 -1.01588056604313 
27.800058340477342 51.67823931210944 
-10.699545774656627 -8.588955654078838 
26.679047580271924 19.670482585195504 
-8.171413236058768 -4.006761496442466 
1.2790259077985096 -0.4367664922398993 
44.40758375080006 2.1078193168012245 
-24.391377057264492 -4.063558779028063 
-54.88960948344288 -27.224256082144198 
6.186080880931047 -3.3999834771176456 
-8.352113404162145 10.923721921348179 
8.223703488572909 -24.23180503427089 
10.663704851166043 45.663377545090086 
72.2531597122455 -2.309890988322527 
-21.215810702386122 -6.6760722312987655 
-5.7595358155413665 -19.99712198888174 
33.190819342782625 -12.474956347567339 
53.78193394618355 54.64895656160648 
-5.595005826473582 0.11515782104273158 
1.2866397676833727 3.0755022731345614 
6.772310566034635 1.9571750392526344 
-3.4114783089031504 -1.4980428280737446 
-1.1810090337801316 9.939797209894177 
-16.46738645184887 -24.175679538370826 
67.71702849074546 37.57141794364724 
-48.32023102979781 -25.88470514239042 
-75.86828556436797 -91.98140689362572 
-40.338931108374055 42.96628235653968 
-4.808711903307511 -65.27872127244342 
-38.94734745513552 41.526643938568625 
65.10040071871397 -28.596261466081693 
-23.331589238956052 2.871207713694314 
-27.420793710223826 -27.924825311149974 
19.419806403851734 -8.41484470424185 
-10.95663099977542 -43.054871847959014 
-5.978264669269459 -12.645426714294072 
13.278194721059482 -66.39779508741171 
2.992101236486834 12.926698657374706 
-81.41722132983891 14.009726541618692 
-46.919071764430534 26.865355046036797 
7.091844486753498 -17.278743054621216 
-66.05246763984354 44.56527984661277 
-4.222054721489453 5.9881881419394265 
80.12899655549052 -24.847246647550246 
-7.81833647673231 13.480810518512286 
-144.89163577008668 -5.744425544462663 
-31.91564665413075 -34.32451304633568 
-21.675423579399048 -32.999484586928325 
-8.815235599974972 -3.848244193550856 
-44.929963278954055 -24.415034762731608 
-14.004392255616338 -25.99353415385338 
37.10339737000342 -13.054525870245905 
-3.0098735827045346 8.300127826197905 
-2.123438395907696 13.998771649898087 
-51.70230355343359 -0.6290923737747807 
-51.94509457167207 30.628952304335918 
-8.731798917577741 55.868805956479726 
-54.76002817037486 93.4691364395376 
-10.282951250426851 6.395101789463626 
-39.33212310727718 20.793618885438516 
11.700666202538644 3.8860197351355583 
-90.56385706358519 70.71376517554515 
7.113930700457336 14.890452248700008 
-66.47685582425937 -47.302690662747764 
0.09386352736510235 13.439950691813833 
19.50895581602618 20.57368071248195 
-2.395821968092861 34.71688360386497 
-14.592371526732359 -7.95924509507028 
-19.370694436123625 -36.04529914748786 
-56.769135021291454 15.579810239336695 
1.6897647261503719 21.67900981941742 
4.41229506506898 -6.8532275548714106 
28.092900662783006 -43.88949253329542 
-25.271622152768554 36.11158108301745 
17.18170934789209 -0.9682766396954332 
-26.01626066220032 26.563943716504337 
25.412061011289406 76.77981768790612 
1.4102651797397028 17.404685586555964 
11.523832716716214 4.068211047380135 
19.746556931295846 15.385958194172783 
-11.506507450907531 -8.416352524301933 
10.104880526207236 5.854740759452001 
-8.844275211231292 -30.486053807420628 
-90.82597290649755 -88.7829735640197 
1.3565793836590638 -3.760352633193954 
-19.4357456091301 -34.386713881941965 
24.590888870482605 21.443032979088255 
59.472328392170155 7.966298365731551 
6.203325903036288 -50.70908940206258 
-50.30478848285574 -15.35410985744209 
31.301693680367432 29.373619022838906 
7.911631333030035 -12.597594575854888 
-3.909986208813156 -0.41256252895859535 
78.55158538393346 31.122867596853098 
-12.235902508117489 0.8120460651821542 
-24.062457377503794 29.29183292443068 
-16.113089399419238 18.245437278897064 
-44.655726961586296 -7.709113518044896 
-81.53472668615679 -11.045367910086705 
-20.608459725857642 8.569890365832073 
-53.196667763856745 -54.953519188566965 
-15.896672400538444 -22.878356369967875 
-26.76694804666165 -20.167889754723184 
24.376567109256115 -41.135510228777356 
57.6978552790314 -18.68729071272163 
-36.70492175588383 -9.021411586814564 
14.332868021522374 -40.17773367680781 
-0.4907747694886686 4.583061570357981 
-14.071922915399973 14.194845030965269 
1.794517534336737 -15.802886727849344 
-8.840774104972606 -18.28045428049506 
-14.303336227949677 -29.370584649041707 
-28.419188867072005 10.875389194095968 
5.896796110443002 -8.749865525906946 
8.130310363065211 -10.869199483736036 
10.110261011444985 24.45513938567488 
33.4648416985632 14.81469886507347 
-17.772352117995332 0.8341424837583722 
-36.99885056897243 3.444192501584613 
-11.393557514139047 69.89878013434002 
20.779954683226826 14.252945198202527 
36.33288493891609 13.645207266323816 
-17.554637256747 18.26354302354388 
42.23625054873989 10.908663191179311 
10.505891087640366 15.666713574474212 
-41.97087889598543 -12.071114502607593 
-34.26729188588582 -36.77429013543428 
10.725917339728833 0.29515484835494055 
-0.6869587994035699 2.2488580185425096 
-5.975795918251452 5.001410222500298 
7.101328961221369 10.92668646376918 
-105.99373483317962 16.819439780907967 
-8.89241358834263 42.96096192371755 
-19.47699880826691 1.5654198613811832 
22.470834056110878 32.669610854936565 
-58.69495242485505 -36.43555297973308 
13.919968507274278 -49.2690483642693 
124.25255486098634 -33.150181769939486 
8.735502232374387 82.67899554182094 
2.097864505954346 -25.32786853487229 
72.04722159914313 -30.670395942014252 
-72.99109279086163 25.24725235135463 
6.2554728425948625 -41.9551373554431 
13.58455940938477 -90.39136213070404 
19.996304993971886 -16.156398970154417 
-7.274795127881571 12.519265929178223 
5.142785373376269 42.24930744405532 
-16.811104630263443 64.30107651541852 
24.43173605294912 -0.9285803408037684 
-35.0313280074888 -23.853241404359682 
-75.41797263753547 43.509920923119765 
-8.341866805159178 15.06072048273445 
-11.028417879206392 -41.16827136979132 
15.900244970443413 15.15527776196977 
-14.453087079775875 -52.11856017843509 
9.027160219221157 1.3904400935475167 
12.476686562622378 -44.32836836522629 
2.946678865639131 -28.084103861696892 
-1.4683877627445219 -4.06688889464754 
53.47453055037133 33.08555262711371 
6.413313564531864 -10.94505761715038 
17.33795556327219 32.86073871331289 
-15.646216630587412 41.44875100225117 
15.414933633319277 17.49073103629253 
34.71512946304655 -25.654987515510424 
0.7882492289258745 -4.216052291455664 
45.586499853408796 -48.49890001116888 
30.91050165203369 -90.67722701630308 
-28.117353993513795 31.958736018790965 
9.275653386263954 17.320260316739 
0.10068654079352865 -4.879144890160786 
-15.241900474818763 60.54266190188443 
-5.904011850880953 59.193907041737425 
-33.14069459905481 -17.874160915980926 
-17.914726755577405 -1.5778125163478711 
14.271397902854924 -64.31763081780534 
-17.443673108937197 13.61671812037759 
42.96082723805325 83.69086648170162 
22.5140316572568 -2.3428724198805866 
32.29968540898501 -15.68838065462934 
-9.20018548390772 -17.580259244882992 
-0.020584207788755405 -1.2341399980166852 
33.77063270419072 55.78402239285317 
5.424661505416624 20.97885775668302 
34.0998166019882 -64.92577571425863 
-127.09205331039597 -31.605896980207405 
7.24898858029772 16.369143836090434 
-57.67861772905225 -26.14253711131137 
76.78630243453425 41.70272843848008 
-102.40972400517406 54.14552521979509 
-10.417705808939894 -17.86045231603874 
46.59702056646644 -11.23109447961929 
1.9655659012860915 -4.612704739579383 
40.10991054027095 -0.25169688361394144 
0.16700179508847277 10.151825720926611 
-44.72130589201338 -15.09047603572756 
21.25199997784022 27.205360657659106 
3.6172091535671482 -1.7808059259531621 
-94.03420575954162 -87.17528020714316 
-51.63533073623598 39.82234762594411 
-59.57503011399324 2.491964470735444 
5.950078646851112 13.31998190718097 
-3.356027366893832 -0.9914535328545059 
9.278013015691643 -19.572896376638102 
-8.194845959882834 18.744352171031334 
-45.41564485153115 3.6247913591062724 
15.989267781533172 13.90188506523593 
21.488560701783086 40.658302371083366 
-22.507017582501515 -15.761607491273635 
9.71391998605133 8.848563667151701 
1.5172791108921517 0.08558328609010545 
-5.30728677508173 -21.10513084476089 
51.488983479931754 -49.711201936129086 
-166.49267835338907 -26.00235528082534 
19.328022544218104 21.90654365474289 
3.3671381507708324 0.8748856947606942 
-82.75388898124648 23.446357718431287 
-8.299056449364969 -89.29472178747606 
-95.12184100534799 -77.21892298293064 
0.14866256848637385 41.393840827978124 
36.47033798526323 17.415930278470906 
6.440021089549128 -10.711517651553487 
-6.757974941923961 -40.071012987998024 
2.7887303415449596 15.616028665077394 
-1.5821405461976807 -2.966774696673026 
-17.197203929129458 14.383139336524438 
-39.706172439800135 30.673231859471876 
-32.95574511846518 -34.38586944849895 
25.765842000016725 -21.495015828556067 
20.715097142655956 23.964966533101652 
-45.71037509382303 7.37241796994546 
-1.5289885589220469 15.548120811847985 
25.11622117207773 42.41091815324612 
26.75787621230792 36.072262414024635 
31.795895720621306 -8.933948668731539 
1.8654626643948986 -31.062254976012746 
24.27238093093911 39.47770603043183 
-1.3232472684569276 -2.1738785817350768 
11.487630581264266 -1.705497171740171 
26.915237611631262 21.108890814694103 
-7.24978600288385 -109.88492630112374 
6.9280814520168175 3.5380998152315675 
-54.04663388951166 -5.223700072095627 
-17.60343715123243 5.948989706670022 
-17.869358220860395 -1.127080254911045 
14.939851438510086 -28.811864828165866 
13.181428276469008 -13.350348285589511 
-3.974706688164284 2.517714818343571 
81.23640220238829 -15.746885396856511 
-59.953613889764156 1.8721249022858002 
-50.54961081158347 -23.112481135184424 
64.76193008082464 -43.363679400026115 
54.697933102367756 3.705816823364078 
16.519196195781554 6.95418926250888 
-0.523302005300655 -23.424712802514627 
2.628852784116643 17.99396926293024 
40.22910306057534 22.51265129393601 
-5.6501486403921515 -1.2926046365360833 
-3.469806498719735 4.235883236161177 
-4.447714456243928 26.15010213334571 
-21.271808468155868 3.4377313778135914 
-11.272054527894696 -8.21486355169182 
-32.74838369948867 3.760393508397211 
-88.75946159382075 7.822107524461763 
-29.90655050404172 -35.23286194105871 
10.84926871260947 29.03606579736327 
-44.55387182571697 64.59161809215415 
-44.35299714250752 91.81960453648858 
-1.7376609961034062 -4.85798310176818 
23.332386969806404 18.784116452793928 
-23.7766484591998 -54.41962806932697 
13.01419147022995 3.242845967198996 
-8.402208183379523 -37.41902674902547 
9.152015625658231 -9.194467507075155 
28.407942103965386 27.82638740173548 
0.44147088918362215 -4.5266458482169405 
-31.19601536891384 9.387236229136239 
-31.869755843038938 25.038580845244876 
-6.4347902900471645 18.495802931777437 
-7.883571106717419 38.000485030941036 
79.80065484763838 -63.462498942115204 
-0.952649172228185 10.717886053968035 
7.030778758319227 -32.82461716782895 
76.82541668435582 -22.426098172101696 
-15.721430589038295 20.379527359733473 
8.801504727671011 -2.6279500325063165 
-27.92702482443858 41.649655768606706 
-47.58486586167866 13.064463791210137 
-3.7344479710771865 0.3955597827024358 
-36.73306779409256 10.297623468928071 
2.8416210490202936 -9.084773053148483 
34.62475586957153 -12.618621514694935 
20.21938197777914 -38.393898007267225 
19.984275128611575 7.299523866207052 
-36.012730459687226 -37.059149345606144 
-43.47798292234722 -22.66176607989124 
-24.019788038452603 -82.93156519176397 
12.464783457195272 11.865522234302935 
