1.0
0.3333333333333333
375
-4.952090600780724 7.633321918316897 
30.98483539985053 28.50436001706587 
-0.3607993348657187 -0.15193409102004196 
-4.683810243388623 -3.5221774193321145 
5.768289816111791 11.324377249094143 
-5.2465109552540605 -7.629358867123874 
-12.273857749112155 34.24107867178315 
-0.003443208219344137 -0.011481540790766506 
-26.10631250346343 -30.438549116105094 
-19.223440815517375 91.4184955859373 
-9.859873231107827 -9.71614359026765 
8.387593187105688 -3.2898058984561485 
-16.893060008179006 -23.43227385181676 
-24.99259159478659 -32.068109848397945 
-40.2336037416721 0.33499194575025915 
-7.965380217046653 85.56931404258314 
25.34618256695803 3.704154689434215 
-4.779280142814591 9.481082556391456 
-27.935518076988796 -56.80122333864864 
5.673094280128 -28.952894690716075 
40.00997232167066 8.029570565670992 
-64.70704710030391 -14.719036331856385 
29.650510790611765 -13.612286668168313 
-7.526760337078867 -37.4565542024199 
2.9654454346494927 13.680656580738319 
-12.831039929077724 -7.808041136378381 
-5.170671394646814 10.576845921341093 
32.18357371085736 -46.55778778815162 
-2.2555804962287924 -0.5882505088768111 
-19.30889027989692 -47.67593793061656 
-1.8164780399460423 61.53575032922713 
14.82906697340901 -43.85843069628807 
5.455577316176982 8.518171974821252 
18.904145574825176 -0.9214503718450824 
-46.40983055844569 96.26359402196252 
97.96952090654707 40.63549636666118 
-58.57860138097928 -18.56747212469837 
12.948099897796906 99.47093461368605 
0.7804816963594272 8.372089828456456 
-48.5368302621773 120.51739215242137 
1.7006325483845137 3.6442987250295755 
4.832615787461241 4.277085964744121 
-0.8553461240345919 4.751734072624468 
-3.6206942702164375 0.8240884004015805 
-0.13343238229530321 0.16145099317319622 
-8.700164822629901 10.912902354751028 
9.497099806202847 -9.869000929241702 
-18.011071305586434 -1.7035949228685385 
-52.95826306746591 29.129574403559257 
138.71508676509984 -95.62745010827021 
39.915058324528026 -25.148091275559423 
4.811307826391583 -5.3301380574115935 
-0.28708414323372117 10.316021794369854 
-1.3589994167748352 2.115727291451317 
1.0968709596239108 -1.7774385007085973 
-30.19664905911464 26.22056620353779 
-84.5179146858881 6.209768614223125 
1.6434563832492646 -0.09158893331660638 
19.396781348934155 18.37761874641059 
-43.07004959838197 12.719707622506991 
-7.566818778851409 -3.4051483065983543 
14.282359477561453 -42.263938217829775 
-78.9955929937412 21.089003795699334 
38.24982277621769 15.297378849857044 
9.768269578157444 62.34981782293328 
10.197736629899548 -2.358646248351608 
11.034624130723433 45.113760912558405 
3.3283439348027004 -2.5834976201107613 
-5.886703855431204 -3.8518091123199585 
43.98070283644494 47.041384124148514 
8.304887258655636 8.629132361868459 
5.941955716943761 -4.055834581968896 
-13.52150593833476 8.5881189907764 
13.32350497392703 5.237709327795664 
-9.154365535194298 -2.379694067963309 
2.397601948002233 -16.436962565012653 
-67.18140909234651 27.93801940507279 
7.969971040814479 39.69492953645076 
11.946780367997533 -8.808635256978269 
53.39134999837778 63.66842162297924 
-2.179555750925851 -0.8660600581711686 
-31.299100184457078 -26.678951129947148 
44.14145021749899 0.8104512039793776 
33.168559909410405 -43.56299001544325 
-18.216340388746172 -21.73805173420139 
50.94916720759543 54.389972082306116 
-6.914343581944835 47.173177230344294 
-12.075791379601688 -2.1763003583502023 
-42.472461436323016 120.93256072303348 
12.224441615786526 29.251369638039797 
40.504194173674634 21.16652878975514 
-11.858063936958093 24.781956944331803 
-7.887870629971076 30.918593656690252 
47.679253063402946 23.149575216131144 
-101.74152652566158 80.12382361287085 
-25.77978049564359 -21.29244286478693 
18.517016683291768 10.412399569504494 
-19.364948614806774 -22.651685367558816 
-72.49350524247905 -60.811892211675335 
18.28820693663622 -47.38904937254359 
50.62224488244117 28.475470408553544 
-1.4434816388415133 46.135583394367664 
22.3165307521844 22.46982258591418 
-7.069890091337266 10.854304290957598 
5.025621096873685 -12.993343970785991 
-2.050459012423953 -28.476682718405534 
34.26250018950254 -99.77235215643233 
46.129867249175476 -27.514253764027185 
6.512674311086233 11.034333457028401 
-29.88558816989453 -7.9769719752336234 
2.991334599932523 43.14091297283555 
-3.321228286815637 1.420384060649672 
-12.870978211658095 -14.009444990787047 
-64.93617066089867 -47.10785456624421 
-27.57771519858763 8.95677791642857 
-12.652584430149588 -13.756327462542416 
18.146724393359612 -18.28928930916825 
-20.229590007726618 2.164375252894776 
8.07368854502616 -12.204550538564547 
-65.20364458108219 -57.83232488501453 
27.304776998510828 -94.25681368377242 
-2.890233726098895 15.226373705161661 
-34.82645730310025 1.5829221336902148 
1.5987410495576622 1.346666760378306 
-28.609512098377742 49.064960478343316 
-53.9202686015414 25.116957141526697 
-0.9760029230904338 15.5598204435775 
2.0665680270870657 -36.5566997044746 
-36.471073568282044 31.707618126539625 
2.2654252556097116 3.7976265934643507 
-7.229582517541686 -60.12694674885021 
-12.474802240586142 91.82085129900028 
3.4434132016222767 3.2530820516089545 
17.420956475192654 -49.94635259623516 
9.832605348846924 -2.293931067231987 
-58.93632477522018 47.99003324764973 
103.92998736197698 -33.599343761525745 
51.480084820494035 6.7916348562893925 
-34.70896938124111 57.034947097166906 
20.00937605604973 -2.7150134396605297 
-12.086336502879915 3.412988997451143 
-2.926137807282307 -5.89100913851956 
19.15774250342011 -28.887428783307996 
-11.507725193075025 25.888760971540524 
64.56019683503695 -32.678678349718744 
7.5503981270046925 8.283714314601504 
29.97789030459753 -6.682968463904763 
-20.986458550166017 -0.18265102872324587 
0.10143683087913694 -0.25471423907360413 
59.56614099655326 -18.11576129211371 
-11.921402059083338 -7.50815809503099 
-61.73434416788083 27.766928168049347 
30.232152488111854 20.319626891841622 
-19.794082804638425 61.88041332981721 
47.25613993231485 33.6437041387225 
-50.19087613281093 -9.548064493961103 
-23.89165290679243 -58.40267778139961 
-16.931892098138775 -59.05871702003949 
39.17905035709015 -31.79309602753119 
-13.154996530112777 23.40780488701416 
2.1272762565028933 53.97605156591609 
-40.539539058407016 -60.47582973444062 
-6.615128326693149 7.807957751164789 
-9.624543511407486 -82.55891649558882 
24.54713586679841 119.99432132759907 
13.67604661624121 -23.325438062239137 
57.9208095512251 -1.9454846947287834 
-34.486716317295226 -24.973682765013248 
2.1075926599791335 -42.376601528343585 
13.108358797700086 -6.92795338757259 
-0.9265575928091127 -1.2496355805813544 
-39.01497415349805 17.31049164180739 
-19.76149871519095 15.562699230970795 
-2.7884220333632235 -14.376544715337289 
-38.388706997677495 -21.74912222793036 
-94.30295693415016 74.64057236172113 
-8.53612566945771 7.219957897902172 
-22.360691415515046 10.392875189056193 
8.268003766741533 -0.3930075502011216 
-1.013475175844373 -16.61279836037107 
3.839200199889073 65.63130309343855 
35.76815458638929 -12.484410391253274 
-15.806256559813795 -33.60297447677382 
15.50296218602495 39.946404864611715 
0.07128569564965156 -59.24248824752338 
63.9617699955123 4.443631156138564 
-35.73626555211815 15.922245740920093 
50.57276752322371 39.868622254670306 
21.523592587903515 -92.75370502579119 
-8.496040043244689 7.5220181188182345 
6.195513662501399 21.726519296990876 
7.937878783177156 5.229575547555279 
9.626924439733415 21.837530112162643 
2.164498441113265 15.23546974485081 
-11.520237526274999 15.268713618122714 
-18.30697739356186 8.15672264461854 
-3.248700962733195 4.152905032150822 
-32.557085511149864 -79.7544633795539 
-0.37594818504504274 2.453867122638946 
41.278941172982215 -57.428956842771036 
-19.122272725393362 -0.08897286767737178 
-8.464609563355545 34.67447869511491 
2.515764919299566 -30.533320545274083 
-41.8291416439388 15.40993745038681 
-125.38833117145346 52.05915720566895 
7.464914051236681 -0.5220404872258511 
-0.18892886928128919 3.412307831762264 
1.4658513870845178 -22.231300572589948 
-25.97442724258772 5.033571332571028 
-36.040485042653394 -50.97130268189369 
61.87702571476206 -6.219666680943585 
-116.2590352062624 107.58580357067073 
58.832842318914274 -29.853668005558696 
1.3089988224326368 0.7517266403845976 
50.22810398820958 -71.97594927663587 
14.435487751357599 -6.266920660372692 
56.08166482323262 -10.817183561850392 
20.689349422744968 -2.4781546342871756 
-21.497963296249264 -45.8009609637538 
-14.714458608045312 -64.76320422999797 
24.196919219006332 -2.883101011013154 
15.346942946772806 0.7466547300073213 
-7.535470865374746 6.5123307634301275 
-29.790038652497465 52.896651695539106 
-51.76481008889003 13.240749285350683 
7.136033285187775 -0.1931411745722993 
15.283236595388566 9.905830956294878 
4.926137086331938 -5.58014622654933 
-72.4098677972088 21.48115516499636 
-78.88259288162983 -15.429631261961509 
6.021839627720202 -50.37355349676919 
-24.692478306851633 42.8397287060196 
66.19834411436649 81.79906719634525 
20.845096533799786 15.166634202145055 
72.7661611453917 -62.41579652052111 
-0.4284306760959195 12.769820159982574 
-25.422573999667286 3.0579738992197907 
3.047725149044702 -0.8321660687391554 
82.41007736385887 -15.316076295535968 
-0.7386923199333493 -0.4230452034192052 
-20.35139378984939 -5.997681576370689 
-15.780845269254868 -7.052822406546954 
49.094192133376616 -20.3635629333518 
1.2164574249169708 0.6836588108017219 
32.2143596875375 5.906352282128757 
0.08619621989011265 0.5535547953831552 
-56.82848359466013 -8.827590607929695 
15.403614065734809 9.752572520412993 
6.768162942054838 20.56237715000744 
31.38089921478967 43.5884123420542 
94.61430216755456 -42.83953545158137 
-10.252723606602215 -6.01456399781383 
-5.465749950494742 -95.1031761059411 
70.91756276967337 36.30730067798443 
111.49382564927782 23.98982324730319 
-17.236897288666814 1.1952852880635971 
85.01617487836492 17.09635862356642 
-12.194962916620439 100.71754025136232 
11.877970874657313 19.02441975063158 
18.745431640372004 -21.902354192277492 
40.597851364425324 14.195123113110288 
-3.562111205704946 5.445640821712817 
-1.1013431307244241 3.6741518968083637 
4.41292929945746 -27.695765500204985 
2.35159063206187 0.509504044855207 
-3.139292528569976 -19.93520172573484 
-92.69152224185129 69.13626368756417 
-58.91773467814669 27.74432890625281 
1.4908495178545855 49.01832778585358 
-47.92751611149464 1.856402133490381 
-63.766484630717876 10.846720751281204 
-31.32793177475029 -20.205142471664413 
-3.7839723573609256 18.488620002581694 
-6.900355358063465 69.46939553386704 
5.071020485312471 12.796045792172304 
5.562135274202675 -26.882856769013703 
-17.032481685654748 43.98145535751246 
-39.90122704141732 15.824761440173614 
-21.522757287426753 0.6628489604460468 
8.756255099003628 -1.3538726032739425 
4.977277245587429 0.2161933294347576 
4.095266641219343 -5.526870012634878 
-8.348822414181276 -73.14116815701536 
-1.9301691375274952 2.599607347987139 
-9.362879410973473 1.6463370616184845 
0.06611748619239345 0.13061850398932703 
-9.360324494897407 -1.6464813197159092 
11.908183932651173 8.368823143686987 
-37.88402730205948 33.079229840883684 
101.5766168323564 29.676700145489324 
-19.71530867060261 56.860143119927805 
3.906983665609052 -32.356711986673766 
3.00590482114685 -8.253190321601995 
7.247335607801047 1.2172723079774457 
-34.878870049069064 -9.93778415214887 
-44.43448106095645 153.58808179857508 
9.974436260012334 -7.756584671365697 
-69.02741058473273 79.19569018990606 
-93.03534851192168 -58.25169958777393 
-1.5238994165805817 -0.3609788459552888 
36.331217252477664 15.604606875098536 
-41.07747621298661 -20.217416692226223 
66.07995660109114 34.678061354061505 
-17.4550192717948 -44.54247779277247 
-1.2064810236267476 -0.43139878603466764 
1.331094193149166 -16.041764815718512 
-15.697346942972436 56.44310734349333 
19.369216712874454 87.45373166604931 
-25.658659422766945 62.570186467839 
-53.69698930109385 -1.5476561546139007 
54.35859056976594 6.561172879217115 
-17.656373369408556 -15.136126909790496 
-1.7042745806193318 -21.884535300135752 
23.976518858282525 -16.715543833770134 
13.72823014780066 0.9403729608930549 
35.40336470729471 6.520809045508391 
7.077263076719748 12.91862902753511 
18.998377756467555 -25.964490056835395 
-47.91406523221858 -48.16601902221161 
28.77853192415254 37.71457985605291 
-81.67552330848827 27.327892447221796 
-17.65291032780615 37.18419308993334 
66.65059632002301 -17.828825437395 
-20.091544126909422 21.243502223019707 
-12.549536872140411 0.020923658817099174 
0.9473141654198852 -85.01922407116464 
7.696394758827802 -19.63001621682337 
12.214822796437163 -5.644297315050562 
5.262601957959199 2.5114790140156438 
13.468211423716564 35.76015273562345 
-8.29134722707094 28.976692839410592 
79.91698571191799 11.460540078959596 
25.28577844649002 -1.5389658095800547 
-15.492033396324107 -27.285156633985828 
-0.5584806680789426 -21.909071098996368 
25.86376141436808 -3.066051578537925 
17.207165323877916 -0.6629515169091209 
38.43380498182711 -14.131317719828408 
18.92054782217754 37.307005218181345 
18.335346318318297 -83.01753434775243 
-28.358050500423456 -39.27140342389133 
17.24893003438045 50.02813158547233 
2.045383567902803 -0.7813844219929534 
0.7567673282608713 8.975555785031766 
-38.76149023706858 -12.829583055630357 
32.94798163687435 19.098832921700293 
32.456470985085396 -31.316940105335686 
3.2622277393542807 -8.36880403859922 
0.5981044229637755 1.3781862092608863 
7.904812961945332 11.202845818498835 
10.774476737928097 50.0675623776191 
110.01192194886961 -10.174059559442002 
-1.4310918579525567 -13.102259604356492 
2.651733186570935 -3.2486615796300296 
0.7930299840385541 11.181408553546389 
17.240153788930655 12.260976361788739 
22.403348036245916 -65.7845397229794 
-1.612089457783923 2.525269137517004 
-36.50056199721741 -49.0859447930623 
6.948045434815672 13.926687179699108 
28.01445788072259 -35.76419553846883 
-20.03146350847459 -54.305783272435164 
-22.558198905535583 19.5964821265898 
13.86400903059358 30.087409375780435 
21.087343077950333 37.878400274598576 
5.511136207145999 -75.6843965737322 
8.090378896666834 -20.12167139397992 
-44.291554353039274 53.13151832575944 
-72.24254206639336 -78.72041445321587 
9.93761020755979 22.155320795170265 
19.475648837545084 21.20906371857219 
28.524357507540092 -29.04191145572698 
-14.702258848426078 40.259234398262016 
117.53023170869439 7.557802257342016 
23.804677790968846 -9.973964201868453 
