1.0
0.3333333333333333
250
7.027931620351439 4.384498949643245 
-1.0347642909455923 -2.502395935287477 
-16.793240715661184 54.6357592378538 
29.24579542855306 5.875658939738441 
46.26086595490003 58.84513413921444 
-2.3457654787724036 9.771551337669345 
2.8632990890702534 5.139840575649002 
32.87851805396816 -31.9156330039612 
-25.858237500006776 -7.540939062981639 
-12.368043195683672 21.981287817650845 
-63.376534829011796 -105.24178665129 
58.50236582303047 -42.103709231895934 
38.114222085576976 -46.62598103446125 
-45.05701080500217 47.00314810739192 
-25.59263522419884 12.363960228120764 
14.202569030212176 -30.16772813699057 
-8.559206416906843 8.457758310381184 
-49.27698938694138 10.36280332808889 
30.338971590497884 -20.063017839122963 
-44.85317680341376 -10.704748648478112 
31.661489947693823 12.516621842211272 
-63.33265425360171 50.617446594729195 
-5.150284883785603 28.519136335432208 
-20.801800662111766 72.71300785783399 
-81.96981090638432 -50.075196424231336 
2.6132562069523515 -8.852788215028125 
30.46757374151474 7.160053111978889 
-27.90053899535831 60.30498436940485 
5.390267906508372 -85.95796578499682 
-35.070389871255934 11.48508555693562 
22.148393894043746 4.969609523973584 
-2.537612241061325 -23.288776592700714 
-10.24936248310205 -18.974902474274753 
-7.65047395082772 -8.893116844953694 
-31.020023999144755 -40.78059186671159 
48.47991810400942 103.17128145004185 
-0.2091900664887409 -0.004596258932482105 
-14.372934433225842 10.701280598244223 
-2.9287081068214404 -13.976676466747874 
-5.8900918083782114 -7.792607106218317 
51.25164197896738 -8.656023155196827 
-12.9296479382094 -9.992987327113026 
1.4553984333046757 -7.275710675284502 
-2.979427264784181 -14.793797984829311 
-7.930305899447409 -62.59316957017676 
-20.345047006258454 -34.64725081716168 
-24.98731818844444 -37.153098942880476 
0.6446480213832501 -0.06360126933822599 
1.81322718714892 24.982269279082523 
71.245683296787 0.5022068901342331 
-17.258264324191742 -5.087137171538501 
4.382956892263935 1.5055704405154562 
34.45532813666829 -28.24010288679037 
-4.125673754310046 -17.396970581166087 
24.530322911675434 -13.309241708574286 
-2.208727551427896 9.12100384313224 
54.80189658616185 3.6904756990699283 
33.63162637108327 96.25454808419569 
-5.357158202281235 7.368408884067123 
-7.344505875047905 54.14346412184671 
12.628362111031254 -106.12112433253382 
3.81306770749982 -27.27851306009379 
-20.856035246813363 0.7073778364524209 
55.613239594745515 -21.477487679840557 
3.424946164026904 -0.6949384049820487 
-4.3579189039011 -5.446461834328039 
66.84548268664665 -17.14210018769615 
-27.12871417189395 56.97912137879659 
-0.9348751618221514 -36.20495177615879 
7.519430037985554 -17.63899782111539 
14.666686431721628 72.68968080053398 
25.209445090315846 16.863499488768202 
1.0891747684079542 0.5038372530395706 
2.5688391410677855 -4.942797030677733 
13.1023368849875 5.248334254335718 
-4.813137602868498 10.145467592868362 
16.16794328154562 14.417243766244113 
-30.509535954973664 36.78845718559702 
31.197521869062232 -15.895356399719853 
38.73767342161002 -15.295170106490842 
1.3438764772102723 8.373365723124756 
64.89431531057521 -43.178255888462964 
2.431573168654832 5.491212000211687 
-29.87274371954749 59.773709112727204 
0.5114253454831303 76.07116005877579 
-13.671166452120776 2.343843986172885 
37.44642020649342 -70.05668606178709 
9.859393020299287 8.6034376280744 
47.225902015315505 3.6836137303164285 
11.05226552192544 30.31287512581923 
48.61081375706322 40.08559531735285 
-4.455576380535365 -82.05508164945144 
-5.887333665515931 14.923597454198598 
32.488874061204015 -43.746294487708525 
5.676361231532313 38.92548602843894 
-8.110535905696889 32.10335988964425 
58.05864720130456 33.58352616687547 
-2.0780170368898485 -74.62584492869048 
-29.74596320468888 20.697493336275222 
22.945852089593654 22.83199523870754 
21.515902632950013 -20.568379172928335 
-52.106274632717884 58.11693127515343 
-32.30673442238894 -25.524463139842965 
-95.01278301553134 13.928008066174058 
1.962112989793208 3.888376551921207 
20.032032265178948 -50.01180454755187 
-13.49542997338979 -31.218002220585745 
-26.496966007928563 -34.020852610379336 
-19.795069495134133 -19.671941883813247 
-0.1478449121679155 -12.041400405970554 
-28.4956123441852 64.29805368818747 
-27.680539340783433 -5.231639774144654 
50.633261377033044 4.237230513196717 
-7.505254740207762 16.4640106808675 
10.880142090224409 20.902505059978836 
-56.642631097341805 -20.35102347270279 
-8.97227313156532 -54.17814946521196 
-43.49574545567512 -34.609784771934486 
-2.7001749599303597 -0.06042464866676713 
3.187442431315934 3.5712966421396306 
25.00692550857184 -13.795569098658952 
13.1239889808773 4.218668125254435 
-14.2542645076396 -3.844876132896007 
-18.60377177554348 29.926779609603543 
-4.110200276538778 23.330291064564083 
-62.191568265609206 24.629764018403975 
15.585869335953344 -6.652930031449906 
-13.303117034230294 -12.854317890546962 
-0.14069303287471727 -0.3001927678796468 
2.1843532722796692 1.343685917261424 
-39.070762100069295 -0.04872079107258081 
-7.874287184360505 -23.822295615000375 
-44.628991719922865 -31.82831353537974 
-9.7233076487138 6.688112905636967 
35.117229520799626 -6.572588307922298 
0.5522480479306489 6.320311831855635 
-110.94100287652259 24.687658398973333 
12.076820386672514 -52.742574843998625 
0.20614734474900967 43.8217445604324 
-0.8676425788733166 0.24197165748205926 
-16.609781769532667 -8.802979426897737 
18.088001146100684 -9.177402413310736 
12.16634528182691 1.3932644597748618 
5.065865363949185 -3.7915201705968293 
35.370097502182304 27.511037120987393 
-24.798032217285115 23.744932494378126 
-12.031525533059952 -19.19493411436728 
-1.9392570101846809 1.8589991437397957 
10.612634534953102 27.474731939801707 
7.224334167017846 3.7615378678275224 
-2.960615699918173 -4.982476768689792 
-42.85400343867386 -24.960735744309087 
16.021655970459932 6.773808671381793 
16.66200787211727 4.6293596803468375 
10.731937053132869 -4.022263377375474 
46.896896033025406 -26.641022741907072 
-88.18209327352588 -29.611350597740376 
-46.74910998677311 10.02301927444755 
-9.088617910171008 -12.966107594712922 
-2.980170360975977 -1.9680466135940746 
5.784393960939933 121.53335007520523 
-7.629924637892165 17.06849843956903 
20.94791354515928 -44.19261205771212 
-4.529802481589333 13.40548818516833 
-36.32404671624694 73.08274553568894 
-3.0048596845057176 28.335143639141194 
22.889323444969207 29.703519516756927 
-14.201275247319645 -75.27975731634692 
15.747014358596154 17.604681736149256 
-19.44255449985258 -12.796552764102097 
0.3676582541424707 14.475113502250624 
65.5673231563165 13.150622814542343 
-5.783454940324545 -21.975736103487318 
-6.413715228689391 -12.193208054175244 
-2.914849481618415 -17.97320879859888 
-18.84678057268212 16.799376303406863 
-26.682838493698256 4.989290975170317 
-9.652015675244144 -7.1229856815349475 
-14.193795964230883 -12.393309054059136 
-62.15807511187129 -14.954050137593185 
-2.97861434225758 54.229642719929494 
-11.122630415635268 -1.6381848284446168 
4.069402156478498 -3.9573814432273915 
-26.06456340685762 -7.63653206112139 
-20.982677897772117 -74.1919825631489 
29.61640649825547 9.88187906518193 
21.033571083101354 -44.433346070265195 
-24.99857256392589 7.249602904596468 
-0.351266600126845 8.226379838023949 
-3.711364703557416 -17.63194930012657 
-51.04879655505079 -82.55481180399877 
16.97482733755853 -1.4673227844138752 
-27.947082532567766 2.754809833138284 
-0.11707871302777106 -0.2980942025351724 
-19.77027482119855 -30.38765843862827 
3.7256780554394764 4.329530045871554 
-71.61720012468881 37.813539994593825 
1.0499510614023362 2.620079470429943 
59.96325301204013 16.72850259151726 
-66.86311976673554 52.605456156824566 
43.14733528532218 -34.030921991166885 
24.098403448409844 -26.326171430715274 
13.869456368541217 0.4083156100011503 
18.431081989950407 -8.666542586989847 
-25.134569192182376 1.880446843206454 
1.0679501327940977 -5.008861253180062 
-18.90949952545752 -37.81586510184535 
0.21236958915430318 0.03547228545123618 
78.91191201768683 40.5955362538287 
47.4700374808257 115.22538276513322 
82.2788434257433 73.73628030205411 
-12.985687404981961 -4.060290427012565 
4.949042581487139 20.18148460916811 
-16.96295853814592 -18.516824190768993 
-53.227414000252224 27.818981134451573 
-17.062986429171957 26.285512055307056 
55.57616785598923 82.83219325444392 
-24.16982417693047 -34.28518225152506 
-3.9881897298708973 -5.395784960330183 
1.958184946696941 -3.7938199287732215 
13.453928767421047 29.43976492800571 
-83.88372262061901 -13.855931255467032 
-26.7200608061238 -57.1275168056613 
89.51276321515958 45.53392911553641 
40.66963004362104 11.845038656991067 
-11.35318164613405 50.45613624838392 
35.78942706982214 89.95704289976709 
-48.0135794505965 -66.62741397672738 
46.94011212303895 -4.989051563014458 
37.747647518904515 -30.760441581743365 
-48.32118408357266 -18.294933841893712 
25.516080047095283 6.523411673272662 
-23.262123562714645 26.66998127458961 
36.75847286823311 77.93412532774866 
-8.297692124007156 29.436572008599263 
20.983242103895773 10.019196158641147 
-64.45443780931333 63.82498147224638 
-28.592125588613737 -12.841732893590642 
-51.60842329535161 -2.0335194123724865 
18.40340165540844 27.047370381538773 
-76.65539110879226 13.303312214797883 
3.743083342590834 -47.09152267848683 
30.491615741319627 -5.646408492444429 
-1.170873063077431 -1.3454097134748957 
-46.65646487588251 -14.339418628751707 
-129.76044720025686 2.8640795550548095 
11.523441624240828 17.523665984714288 
-4.326846126994454 4.926033649332058 
-8.681616473952472 -19.508317626391143 
-9.850590383402853 -2.141142595706281 
