1.0
0.3333333333333333
375
0.5805490139053568 -2.081686205516708 
-40.08329436713753 11.22838286141839 
-11.581880263563722 8.114147164627799 
-24.433086710272736 52.0867476680997 
63.296130621148116 49.525076933466686 
42.394912654727925 9.044393999943786 
-0.9571891863678645 28.712512906961557 
-1.9502772889507463 -0.15062799210016906 
-1.2570769750187478 19.460004911401775 
-61.280885852584504 -21.177122506650203 
47.64298019120954 14.267867880175338 
3.644750162320897 15.254717789310341 
11.704721891384688 -9.409368161963991 
103.08984088663038 -14.258493211848952 
10.085399624364886 2.675467939473244 
47.05432069209513 14.106536752598984 
20.33031060238884 -6.334526167753801 
-61.14101374674241 -8.236318488981269 
42.6926773386327 -43.35196141019451 
48.366826949749836 -70.60843698506804 
-7.339876748061622 10.483607126677978 
0.14769401028272416 6.022622933466182 
2.392029408222926 -87.66869719094393 
-8.427260521731053 -10.3732229761968 
-30.89939489841802 -18.44780262481489 
20.700623827979953 -10.541490801809148 
1.4590863608675904 56.02405673207719 
26.20447431300787 -3.2771837762473157 
49.423915204484985 38.78361244351022 
-4.731244118276549 -20.639796133059328 
27.311814377267044 50.07322898741247 
-86.0963767580477 8.915613355137486 
18.463366968006508 46.884637735394726 
8.524059738308924 -18.579830410539003 
24.33420076931145 6.893201783716206 
-0.02471020294971935 0.1388989242536534 
-23.22389709107242 2.5596069634263 
-24.571942762331076 31.983071578410968 
33.191950030052965 37.20267538821101 
1.6856499881059137 2.224497132911478 
-56.295629308801395 9.25851940355906 
-15.736295701806045 -41.350387515558985 
37.01279671175619 38.21865037244084 
-72.70360664289964 6.443640419507505 
-27.984000739897976 55.634691988925546 
-21.073837601722897 -73.95682612132256 
-43.34454649683603 -33.7591970078562 
75.47834690520713 -26.1477993338767 
32.19526081493036 -35.816153548318 
4.215620006749394 14.048136107565437 
15.736249807554822 -26.192704648819376 
-59.45841098227949 22.261891719632 
12.5733730571955 -9.383501475767018 
-1.745617688205654 14.484641119586337 
-69.30054747589361 -46.32068407577138 
-8.370721936565541 -2.155585578523509 
-2.141647376455423 0.841341599898317 
22.72111394091686 38.04310360848304 
16.570884848624505 -13.66323107665279 
10.14578072132413 -19.34997274305505 
5.476761787378286 -22.69148508109842 
-26.713459457964873 -37.456351723733846 
5.2213311503283055 12.75159779639864 
10.39649005056514 -42.923730325465044 
-12.399684961919615 29.01890084649665 
15.184706572553157 -7.50888519870604 
36.602685269811765 -28.518573314571434 
33.65040757551021 23.139124566819852 
-2.8109668734824176 14.617103567968265 
3.4948337421534195 1.9561371790162856 
-1.5638684573501673 -13.60011002680501 
-7.075689636000913 16.622609670249922 
-70.20254310336033 31.433996801211624 
9.163526918038018 16.29741078769829 
-6.297202462204255 48.096512877746974 
-37.22806128779589 28.439955619712403 
-17.193087493763738 -59.541466751305435 
-52.29853900716122 -41.77801616470348 
0.16105321609575943 -2.7609313501517097 
-7.568978251287791 -24.636267000187637 
-24.822090769588442 -15.652229644785864 
-48.88696912366096 -76.00514145785183 
7.461806327184935 -2.752670819735061 
-11.23435507715981 -50.4552125175797 
0.06702590128062341 0.046805196550259574 
14.67769807690082 1.5993914992398264 
-15.577645346874661 0.23558696683804523 
-9.472378016667632 -34.577486811802046 
29.198090383296616 28.42219622280913 
34.815641773106016 -93.08780468057748 
5.49183373584584 -1.9445146242332942 
21.170535663063404 11.444773223433518 
-53.608768303104945 -38.37814509663392 
-12.122400715853 2.6075330043291367 
2.7166350706448874 -0.4890024284599792 
1.0633301281836438 0.4435489015790899 
78.0146870491858 -82.08832157297255 
-13.684517945173017 21.36711107548417 
10.975907303218735 7.20578462792921 
0.9865853342868006 -3.283698033483035 
19.46724887450238 77.23076031716617 
-27.233743688033336 1.0007876982627262 
-25.237442089135918 74.40679979139811 
-39.864056530403865 24.581482786235817 
45.38369214412552 25.437741071488073 
-37.288072226369934 4.413149500756495 
-3.640895889783774 -4.20564463016978 
-11.031047118262954 5.652983139432939 
-8.35724399150644 -9.065588959057624 
32.842024982133175 19.914254980566117 
-9.76362163219614 -12.00868522782434 
9.505906971410113 24.228037324074492 
2.2424826386501935 -18.563156820440426 
55.3752633631986 9.336019144214445 
24.789589444156583 21.90103583707456 
-6.496613373671664 -11.103479791281458 
-26.654813646388906 24.07229241845815 
-23.049579905602712 7.037521870327824 
-4.206466566415405 -5.814737709703682 
-12.99378566966846 24.668335149408083 
0.7709582835895202 -0.2884891870413106 
12.628327260428499 58.84750891026938 
1.3293986164894047 -33.175203485394704 
14.538386093914431 53.18622862679906 
-71.50352505354377 13.150141223682617 
2.9989188675532468 -24.73659423589299 
1.0608668967147845 -0.4848489795098355 
23.894392514280117 61.046111651431026 
-17.160010786517972 11.163842498720781 
-21.14774895675114 45.973551335004196 
25.797264975476914 -62.3085694053447 
-4.507762509487838 -7.414343788314674 
-10.849482800397597 -118.31436397628993 
-13.134526058126207 9.6052079914426 
20.632963195677533 -58.552085582395605 
0.5843734847256338 0.48605773434917215 
37.9083645422202 -46.103580403165346 
-12.366550369354673 -12.174620841566613 
73.54322394164322 -60.0341894295766 
-47.718379627366275 68.0298744780239 
21.703442521988222 -38.30381630997189 
4.770813158054027 3.452577966162119 
-5.637020314703481 -2.8707782778714304 
6.047180163596594 -15.787936325153225 
1.066267429384158 -1.8020847627564838 
-38.96961653874186 5.872554377582619 
3.733366850243751 7.293071981397758 
-24.665476861828214 -36.94229684674159 
-11.1273855683543 -39.51231513439784 
5.750587798531914 9.139385465839947 
1.152448085786307 -45.91404355032921 
29.778077961514267 116.46878400065894 
9.049209122755583 10.533053344256047 
47.72516127019135 -8.46086453953245 
-54.148268187845254 13.454091236891589 
95.02433588757695 47.950603939866284 
-3.0234074511961877 1.4229809563926212 
-27.832825725633032 6.428012380841873 
105.99092480630003 33.548359101701664 
17.905350151668777 23.77839124917909 
1.937147470303504 -71.08722224541421 
-34.70027814114339 30.82465795871743 
36.543012986377846 32.718181973113694 
-8.595569183963256 -7.2581955711269055 
-2.6662540511926434 -19.723136063483395 
16.95484183464409 -100.50123026216716 
-5.704518576345387 34.17626622183532 
-11.376649894005705 12.105823983230389 
27.525589453181926 22.33119678069762 
7.314289205000629 51.18360009691628 
23.770815810109017 5.679580562328721 
27.31544190172468 -8.569050214228326 
42.46915818444136 -73.71049523493143 
11.322087758809774 12.787568180508533 
-6.318135431006178 52.58226879321565 
-13.352125830242121 -32.694007526070095 
10.367820798591247 46.306844237912 
0.9457780325979164 -8.367181189330525 
26.907559141517492 45.16634924394203 
9.730153506405328 7.041820072700714 
60.39228414029735 -71.11322986545412 
-22.0798524808855 27.398948548741103 
34.14999153241197 19.697030559032157 
18.968540183953248 52.17265363142538 
13.76307511243574 34.40780502516409 
12.402515630407057 12.522241451769728 
-28.97663211934146 4.251831088384088 
-4.780659814534089 6.989093913889833 
-57.37870853790962 -24.251197065031672 
1.5815435107146056 -14.459772287686592 
-13.54969944118507 95.85503113569649 
4.127346788796494 15.234281976253396 
-0.7613470620773105 -11.034473457798134 
-5.85882615148867 7.340639797618351 
-61.97446298656841 -9.914683126797847 
-21.21086526618488 29.68948915245538 
-33.05218754154047 -0.5709063565427556 
55.44045906429301 57.82300039332569 
6.073482974821493 -19.833247689505853 
-55.937081476130146 -28.072039182367696 
-4.2326296066998275 19.535465190834056 
-25.43794713494404 27.09810811075089 
-111.65729882196628 -31.680843487080672 
-33.99098916223507 -40.255175514434846 
2.8775043654739467 43.770798792130215 
0.7602886754447477 85.68102702388349 
-48.79657978984977 -12.228254375552757 
-43.71656887019505 -13.049580723976252 
20.289189227369054 -22.61478800948781 
26.593387304749303 -10.697396347269594 
-89.26192059545 2.10174143803788 
7.597739835422827 -27.738641437064164 
7.088821653196758 -33.48411080362326 
-44.618171562667 2.3180852537627903 
25.6587303914915 -62.96588017303649 
-65.1447381585983 2.72490831276233 
18.664536230697298 14.482256417645583 
11.427782957303263 32.488498487723064 
1.2251670255703213 -0.3180391037632431 
23.483189320241916 -11.508107578987294 
2.9609379661656594 43.19192502208716 
-59.28915512712566 7.0767935779499265 
11.30085184962836 -26.02991126929964 
16.415130322689762 -12.707181714341584 
10.462220871021042 22.504070517987103 
-26.34793800297033 48.793356225642164 
9.024437072776859 22.00095363657502 
-6.090569178177168 -13.979840538569462 
19.499570996298196 -16.46137931018068 
-10.028969988339044 3.150721892275458 
-32.402079759058466 -36.90603319066527 
-14.078579379129431 -21.43068988421409 
-28.811634357878035 -47.433534351799224 
69.73866141147946 -58.85529494223204 
-7.342835329013861 -83.36588497533886 
56.539216285237046 52.928120475320306 
22.202747988258192 30.80799904887097 
-42.07200566640297 -4.635489666853168 
-0.1782825128310544 -0.25834871389597663 
-76.2781752895784 5.608843911767284 
10.709159965675505 -8.293797786716384 
14.709671075107474 21.28356368775389 
42.01664904721267 -23.836583108794102 
23.186933057646822 13.95071061066839 
1.8796196957418652 2.2470919635308135 
-43.30124205448574 -5.056461577235467 
24.61680089160893 -17.752981307662658 
-4.617904729489935 0.22160666120034883 
-4.418569130431067 7.343152515102235 
-24.380390135677775 2.057635836255647 
46.423966654839894 -25.373569768738133 
-7.154997845905231 25.75957307343772 
53.0233496926917 16.532629417514954 
13.838396636893115 -28.504908151681793 
-51.78098572689238 -34.12498251647061 
-27.98248787739044 -22.415792927121604 
21.553939547566344 1.0854270759451925 
1.605255444861451 4.201808298207935 
81.26153007156613 -47.39085874578953 
-5.141606552640132 40.480822980595846 
-11.071958857860901 29.482244584899856 
0.2646482261113968 0.1132800613586772 
11.886149482157427 -12.062877939230304 
13.697286735580116 -59.25451582657992 
7.019279186815345 -49.214853599521504 
3.708603285072806 -61.12371595470548 
-8.197268788951032 -62.19331295887504 
-35.03683300002404 3.893462073545891 
4.896735500802327 -6.075811986153117 
17.192535301235345 -24.69159322365204 
-10.45063022925714 -14.517758064049147 
21.051639115475513 86.50928869713742 
15.112311528669624 32.5809035470246 
-5.559794070262418 14.75050728044783 
54.06657516588179 -45.80763902578199 
-1.271350224444939 -0.47120707710675713 
62.58950282547355 -20.582392133932643 
27.10382755893472 -1.755310437915503 
-47.8858866793852 -26.141474455356853 
66.86948360911116 -38.99909203884382 
21.417683295347224 -10.391712877597847 
-65.29694388101477 52.321350169156794 
-6.90659832049456 -22.309345947424134 
34.49842840610115 -71.67354016347916 
34.682718522472776 -31.739046593583776 
-6.68584016843077 14.802102028190255 
31.179682393879634 6.231351682042232 
31.38350866012765 9.875371513150364 
-24.78530374256554 -37.666741214734266 
-6.2981452415957815 -59.11727838406017 
-33.238444745014384 9.085173416048345 
-45.96248663378909 -12.744176631780322 
-4.144685677407817 16.23130188281712 
-29.257298433529296 -41.803032108059114 
11.347811733627317 24.985182137039132 
6.416517327603482 -5.568291585523904 
34.63393610490008 -20.50741496775119 
-22.893741523111117 -14.344713136720433 
-3.671373512751894 8.793412964279758 
-89.36245120834667 -18.4364370415197 
63.99898073213312 36.222736034353105 
3.117329442119289 -2.2686743118812953 
-15.592226114848554 5.2293467016617985 
2.340803212598924 5.884659147266438 
-1.487098164468201 1.270165407170697 
9.439708948402572 6.028155219756279 
-30.526363196526578 -41.71427977973941 
-8.57548269247511 -10.178106660658829 
-2.656855545134173 21.2516073258206 
-21.616384785858358 -1.5636996208793914 
-19.463121966999328 13.480998607423771 
-6.604412357181005 1.4381963953721606 
59.21503728768255 13.42408634918213 
80.34605604064441 -17.10459875570319 
-20.448730854344305 4.365293133215622 
-9.587497171087277 1.2005719547292857 
-42.40049246324795 -54.56945643258 
-41.68804740406786 34.187566814684985 
61.65416591472088 69.82650776917758 
-16.306491537588315 14.977671590653431 
6.220934366904189 68.77462594868362 
37.7746974078416 -55.7809894331832 
62.76245558097736 -22.809326160943098 
9.228527664681868 39.5916117489761 
-20.826382514038222 -60.76983566155262 
-52.2464968516036 -35.904652783673804 
-73.28616640073032 -8.998187690920295 
-22.313992462180483 -42.21527497792831 
41.664453504818326 76.39195880474527 
31.635654048724977 -48.68662833713079 
30.21178597582608 -11.92973819831617 
-71.60668647531278 -39.52343506981698 
-56.76163986663369 -7.496074329581681 
42.45596835299869 24.263839792233213 
50.38451787237176 67.27057252355193 
11.468404362918733 8.854057563705238 
59.748284169474495 31.346373765454445 
-0.0093241611730296 -28.330420966405157 
13.925493514386371 -27.173293073437666 
26.365825735331992 -33.37687889908105 
6.297238106152906 6.505211440420435 
7.418842925090447 12.590403554768525 
-2.6335190134709214 0.8345985379262472 
-10.83687258994355 -46.715744620740686 
2.0938900579650963 5.806300305041075 
8.668909967907645 -14.285215231544546 
-4.97095034249656 -13.794054127062017 
-13.033642945131696 49.54372563284196 
-29.70241891942459 -67.11324681778771 
24.855577461875498 64.9464326518145 
59.766757806257715 74.00283174002126 
0.6733054916709821 -13.020644289073239 
-7.5054308436900525 19.559663355582522 
-5.512971929234307 -16.342534517427794 
2.42366244400011 -31.754710457208272 
-15.222562824143314 -1.460997219423957 
-1.801403386333941 12.55593327170232 
-26.22712600162542 67.20058735647471 
70.19392349267062 29.2286002896962 
29.210558704152167 51.86159815878604 
27.037728150067252 -39.78185810905366 
-62.18180888891071 -2.284577750832881 
-2.947956400868651 3.281697805152109 
27.476512448235255 -3.607388631544994 
-41.365808754111846 -40.91726911210297 
97.75764478118282 108.84238400521215 
-4.682724177343588 48.03598154537489 
2.5004369138689504 53.65139854696405 
-7.476583579163723 -22.13800806535841 
-7.499813479207734 9.302464688547365 
7.6891734324460685 94.98405797208514 
-33.26361552159986 5.368653695383202 
22.190915397108846 5.488395818625646 
-29.39383213148757 87.59795505271882 
-16.468878036479808 16.052220511716698 
