1.0
0.5
375
0.28752377568987475 0.6428482290205402 
74.0 42.0 
10.0 87.0 
36.0 38.0 
55.0 41.0 
26.0 62.0 
33.0 85.0 
57.0 87.0 
36.0 3.0 
20.0 58.0 
25.0 23.0 
43.0 66.0 
27.0 90.0 
58.0 50.0 
24.0 10.0 
90.0 38.0 
38.0 97.0 
74.0 75.0 
21.0 3.0 
76.0 81.0 
65.0 90.0 
86.0 2.0 
10.0 83.0 
56.0 5.0 
40.0 16.0 
73.0 16.0 
14.0 32.0 
82.0 39.0 
75.0 15.0 
80.0 53.0 
35.0 76.0 
85.0 57.0 
96.0 29.0 
33.0 28.0 
36.0 78.0 
27.0 13.0 
92.0 73.0 
82.0 94.0 
43.0 86.0 
84.0 70.0 
66.0 95.0 
22.0 96.0 
64.0 79.0 
78.0 23.0 
13.0 17.0 
83.0 11.0 
84.0 44.0 
58.0 77.0 
46.0 45.0 
2.0 31.0 
27.0 61.0 
21.0 47.0 
63.0 14.0 
82.0 30.0 
10.0 65.0 
35.0 49.0 
9.0 97.0 
33.0 64.0 
73.0 59.0 
3.0 8.0 
10.0 86.0 
93.0 63.0 
1.0 46.0 
45.0 49.0 
59.0 66.0 
39.0 62.0 
98.0 91.0 
38.0 31.0 
31.0 16.0 
50.0 39.0 
90.0 32.0 
67.0 91.0 
77.0 95.0 
32.0 86.0 
92.0 4.0 
46.0 52.0 
98.0 87.0 
20.0 77.0 
1.0 95.0 
3.0 78.0 
76.0 21.0 
78.0 43.0 
10.0 5.0 
55.0 72.0 
3.0 13.0 
74.0 75.0 
87.0 84.0 
60.0 8.0 
27.0 15.0 
64.0 45.0 
25.0 95.0 
26.0 35.0 
36.0 40.0 
77.0 29.0 
64.0 3.0 
75.0 36.0 
76.0 76.0 
4.0 20.0 
37.0 86.0 
35.0 87.0 
16.0 35.0 
1.0 28.0 
53.0 76.0 
64.0 96.0 
67.0 18.0 
45.0 37.0 
47.0 76.0 
47.0 70.0 
81.0 93.0 
7.0 95.0 
6.0 29.0 
77.0 70.0 
40.0 32.0 
24.0 64.0 
84.0 67.0 
11.0 56.0 
30.0 80.0 
96.0 69.0 
32.0 12.0 
9.0 14.0 
20.0 60.0 
55.0 86.0 
92.0 1.0 
66.0 5.0 
76.0 78.0 
92.0 20.0 
47.0 9.0 
65.0 49.0 
3.0 49.0 
16.0 7.0 
48.0 43.0 
69.0 62.0 
72.0 42.0 
39.0 78.0 
88.0 17.0 
18.0 15.0 
3.0 97.0 
93.0 60.0 
87.0 41.0 
73.0 0.0 
25.0 30.0 
94.0 3.0 
19.0 27.0 
36.0 81.0 
70.0 50.0 
2.0 98.0 
47.0 22.0 
15.0 78.0 
18.0 94.0 
21.0 71.0 
17.0 26.0 
55.0 10.0 
7.0 32.0 
48.0 15.0 
68.0 61.0 
19.0 34.0 
54.0 95.0 
6.0 59.0 
78.0 68.0 
97.0 93.0 
73.0 37.0 
67.0 39.0 
75.0 69.0 
84.0 95.0 
17.0 44.0 
8.0 73.0 
3.0 36.0 
25.0 56.0 
5.0 83.0 
44.0 52.0 
51.0 47.0 
29.0 12.0 
60.0 71.0 
48.0 46.0 
4.0 60.0 
20.0 22.0 
19.0 13.0 
95.0 60.0 
38.0 83.0 
61.0 51.0 
76.0 64.0 
70.0 78.0 
82.0 58.0 
43.0 73.0 
44.0 17.0 
41.0 74.0 
32.0 46.0 
81.0 17.0 
82.0 56.0 
67.0 71.0 
53.0 94.0 
74.0 11.0 
8.0 37.0 
50.0 92.0 
70.0 80.0 
13.0 27.0 
40.0 22.0 
16.0 92.0 
18.0 61.0 
69.0 68.0 
33.0 41.0 
34.0 33.0 
19.0 35.0 
61.0 27.0 
21.0 44.0 
85.0 11.0 
54.0 38.0 
82.0 38.0 
21.0 51.0 
19.0 11.0 
5.0 1.0 
84.0 38.0 
93.0 26.0 
98.0 50.0 
44.0 60.0 
64.0 62.0 
7.0 60.0 
85.0 21.0 
64.0 33.0 
36.0 40.0 
36.0 48.0 
92.0 4.0 
85.0 84.0 
60.0 21.0 
90.0 41.0 
15.0 61.0 
65.0 78.0 
46.0 98.0 
38.0 11.0 
71.0 32.0 
30.0 15.0 
6.0 59.0 
87.0 11.0 
48.0 90.0 
91.0 25.0 
7.0 40.0 
69.0 89.0 
5.0 72.0 
27.0 21.0 
80.0 24.0 
30.0 60.0 
34.0 98.0 
28.0 77.0 
64.0 44.0 
68.0 59.0 
28.0 46.0 
13.0 67.0 
69.0 70.0 
64.0 76.0 
8.0 28.0 
88.0 34.0 
12.0 0.0 
12.0 65.0 
55.0 98.0 
84.0 61.0 
23.0 96.0 
2.0 48.0 
52.0 30.0 
16.0 0.0 
56.0 55.0 
2.0 44.0 
82.0 65.0 
25.0 75.0 
29.0 80.0 
27.0 0.0 
28.0 52.0 
20.0 96.0 
94.0 40.0 
18.0 17.0 
48.0 94.0 
8.0 83.0 
40.0 45.0 
1.0 1.0 
69.0 6.0 
72.0 3.0 
89.0 0.0 
69.0 16.0 
14.0 71.0 
31.0 47.0 
20.0 81.0 
80.0 91.0 
90.0 20.0 
49.0 96.0 
33.0 99.0 
10.0 48.0 
50.0 76.0 
28.0 75.0 
11.0 39.0 
64.0 95.0 
8.0 65.0 
95.0 33.0 
52.0 95.0 
48.0 61.0 
7.0 18.0 
81.0 84.0 
28.0 24.0 
86.0 9.0 
20.0 2.0 
28.0 49.0 
18.0 63.0 
25.0 80.0 
50.0 60.0 
62.0 2.0 
77.0 73.0 
54.0 6.0 
18.0 75.0 
31.0 34.0 
71.0 32.0 
12.0 4.0 
51.0 37.0 
56.0 94.0 
68.0 6.0 
57.0 34.0 
67.0 77.0 
97.0 48.0 
60.0 81.0 
47.0 48.0 
4.0 98.0 
32.0 67.0 
28.0 84.0 
60.0 38.0 
95.0 48.0 
51.0 23.0 
9.0 34.0 
80.0 29.0 
48.0 19.0 
1.0 87.0 
73.0 27.0 
18.0 41.0 
71.0 25.0 
0.0 52.0 
19.0 24.0 
43.0 59.0 
79.0 3.0 
20.0 54.0 
23.0 87.0 
33.0 43.0 
43.0 24.0 
3.0 63.0 
86.0 18.0 
73.0 92.0 
56.0 91.0 
74.0 86.0 
90.0 70.0 
25.0 52.0 
75.0 58.0 
26.0 85.0 
11.0 50.0 
90.0 79.0 
65.0 77.0 
79.0 0.0 
15.0 31.0 
90.0 0.0 
1.0 47.0 
34.0 31.0 
11.0 23.0 
26.0 21.0 
15.0 6.0 
44.0 16.0 
7.0 52.0 
97.0 22.0 
41.0 1.0 
33.0 88.0 
25.0 20.0 
83.0 66.0 
64.0 94.0 
22.0 20.0 
78.0 40.0 
38.0 95.0 
30.0 50.0 
62.0 26.0 
67.0 26.0 
96.0 24.0 
63.0 45.0 
16.0 15.0 
