1.0
0.3333333333333333
175
0.7799459038203267 0.8325538013035704 
32.0 20.0 
68.0 35.0 
99.0 57.0 
38.0 73.0 
25.0 81.0 
21.0 7.0 
58.0 7.0 
74.0 63.0 
46.0 49.0 
14.0 36.0 
68.0 27.0 
91.0 3.0 
2.0 75.0 
79.0 75.0 
18.0 31.0 
64.0 9.0 
7.0 4.0 
90.0 59.0 
36.0 71.0 
4.0 71.0 
14.0 22.0 
91.0 37.0 
89.0 25.0 
69.0 63.0 
24.0 99.0 
78.0 21.0 
38.0 97.0 
74.0 37.0 
70.0 73.0 
95.0 84.0 
36.0 71.0 
98.0 95.0 
53.0 49.0 
8.0 26.0 
28.0 26.0 
14.0 70.0 
2.0 82.0 
82.0 82.0 
93.0 4.0 
3.0 84.0 
27.0 37.0 
85.0 54.0 
46.0 21.0 
45.0 2.0 
16.0 44.0 
26.0 98.0 
44.0 15.0 
48.0 40.0 
59.0 4.0 
87.0 42.0 
65.0 52.0 
26.0 42.0 
43.0 13.0 
11.0 18.0 
22.0 25.0 
54.0 43.0 
28.0 82.0 
85.0 83.0 
60.0 35.0 
39.0 69.0 
61.0 63.0 
13.0 61.0 
50.0 97.0 
86.0 13.0 
79.0 33.0 
43.0 40.0 
17.0 43.0 
71.0 50.0 
97.0 22.0 
17.0 29.0 
32.0 10.0 
28.0 7.0 
78.0 43.0 
9.0 12.0 
59.0 43.0 
7.0 34.0 
76.0 71.0 
44.0 24.0 
76.0 63.0 
44.0 77.0 
88.0 19.0 
79.0 96.0 
60.0 57.0 
29.0 18.0 
18.0 26.0 
41.0 38.0 
86.0 33.0 
16.0 24.0 
37.0 0.0 
43.0 72.0 
40.0 65.0 
43.0 70.0 
65.0 20.0 
26.0 13.0 
36.0 36.0 
90.0 53.0 
39.0 7.0 
0.0 34.0 
52.0 0.0 
91.0 91.0 
36.0 96.0 
47.0 75.0 
25.0 93.0 
73.0 55.0 
42.0 40.0 
59.0 97.0 
95.0 41.0 
46.0 97.0 
92.0 97.0 
44.0 98.0 
63.0 88.0 
45.0 80.0 
38.0 81.0 
93.0 6.0 
23.0 83.0 
7.0 8.0 
70.0 62.0 
70.0 70.0 
65.0 47.0 
65.0 99.0 
11.0 16.0 
94.0 33.0 
52.0 24.0 
32.0 61.0 
58.0 47.0 
25.0 81.0 
13.0 15.0 
19.0 23.0 
20.0 52.0 
51.0 68.0 
86.0 14.0 
52.0 97.0 
36.0 5.0 
10.0 9.0 
90.0 13.0 
7.0 45.0 
27.0 84.0 
96.0 61.0 
71.0 69.0 
97.0 17.0 
78.0 62.0 
54.0 12.0 
49.0 10.0 
73.0 65.0 
97.0 69.0 
73.0 15.0 
49.0 98.0 
38.0 51.0 
51.0 64.0 
4.0 94.0 
8.0 40.0 
94.0 56.0 
27.0 75.0 
44.0 37.0 
75.0 24.0 
64.0 34.0 
28.0 85.0 
74.0 21.0 
5.0 39.0 
59.0 90.0 
49.0 88.0 
32.0 77.0 
52.0 17.0 
65.0 17.0 
74.0 21.0 
48.0 30.0 
10.0 93.0 
24.0 24.0 
29.0 46.0 
26.0 57.0 
53.0 9.0 
39.0 94.0 
21.0 13.0 
50.0 38.0 
