1.0
0.5
50
0.5599138104655044 0.05991707070433183 
84.0 17.0 
66.0 74.0 
86.0 39.0 
11.0 67.0 
14.0 37.0 
25.0 81.0 
21.0 97.0 
10.0 96.0 
69.0 73.0 
32.0 62.0 
55.0 98.0 
79.0 5.0 
93.0 56.0 
54.0 19.0 
83.0 64.0 
11.0 95.0 
27.0 11.0 
17.0 24.0 
0.0 64.0 
6.0 4.0 
36.0 25.0 
55.0 19.0 
97.0 66.0 
43.0 70.0 
22.0 0.0 
97.0 79.0 
79.0 50.0 
6.0 79.0 
66.0 39.0 
66.0 68.0 
78.0 99.0 
92.0 0.0 
94.0 91.0 
61.0 98.0 
80.0 72.0 
58.0 4.0 
88.0 8.0 
21.0 38.0 
31.0 53.0 
37.0 27.0 
69.0 51.0 
44.0 51.0 
66.0 73.0 
23.0 13.0 
54.0 51.0 
29.0 47.0 
65.0 23.0 
64.0 27.0 
90.0 45.0 
