1.0
1.0
100
0.09420877995465027 0.852126110375784 
47.0 90.0 
48.0 14.0 
48.0 92.0 
45.0 90.0 
98.0 97.0 
23.0 9.0 
17.0 20.0 
75.0 24.0 
90.0 45.0 
89.0 42.0 
20.0 74.0 
47.0 26.0 
79.0 7.0 
70.0 44.0 
21.0 26.0 
75.0 22.0 
91.0 63.0 
21.0 53.0 
42.0 47.0 
84.0 5.0 
55.0 92.0 
56.0 49.0 
38.0 37.0 
28.0 29.0 
34.0 32.0 
9.0 78.0 
78.0 14.0 
71.0 16.0 
55.0 31.0 
70.0 92.0 
67.0 71.0 
15.0 11.0 
52.0 93.0 
22.0 36.0 
69.0 82.0 
48.0 50.0 
37.0 38.0 
5.0 39.0 
1.0 84.0 
56.0 57.0 
32.0 91.0 
55.0 21.0 
87.0 65.0 
22.0 26.0 
48.0 23.0 
29.0 12.0 
64.0 88.0 
66.0 23.0 
37.0 5.0 
14.0 64.0 
13.0 2.0 
71.0 6.0 
29.0 30.0 
11.0 13.0 
42.0 44.0 
8.0 9.0 
45.0 13.0 
75.0 38.0 
27.0 15.0 
24.0 45.0 
36.0 65.0 
67.0 50.0 
25.0 88.0 
49.0 88.0 
38.0 55.0 
78.0 67.0 
86.0 54.0 
83.0 13.0 
42.0 94.0 
86.0 17.0 
76.0 65.0 
66.0 8.0 
44.0 32.0 
68.0 85.0 
34.0 87.0 
79.0 93.0 
51.0 68.0 
56.0 40.0 
51.0 44.0 
11.0 59.0 
68.0 71.0 
70.0 7.0 
64.0 95.0 
12.0 98.0 
61.0 36.0 
5.0 2.0 
6.0 40.0 
76.0 11.0 
10.0 90.0 
0.0 43.0 
56.0 9.0 
5.0 5.0 
75.0 43.0 
43.0 45.0 
21.0 87.0 
40.0 32.0 
75.0 56.0 
34.0 11.0 
91.0 88.0 
