1.0
0.5
375
0.8467047758600416 0.3315844016127848 
64.0 74.0 
92.0 17.0 
91.0 44.0 
72.0 86.0 
16.0 54.0 
88.0 20.0 
10.0 2.0 
5.0 43.0 
85.0 11.0 
67.0 49.0 
57.0 66.0 
93.0 28.0 
14.0 33.0 
13.0 1.0 
22.0 39.0 
96.0 69.0 
80.0 92.0 
3.0 58.0 
6.0 26.0 
1.0 10.0 
10.0 90.0 
53.0 8.0 
83.0 98.0 
88.0 83.0 
78.0 72.0 
44.0 65.0 
31.0 15.0 
92.0 1.0 
21.0 73.0 
23.0 10.0 
46.0 66.0 
1.0 65.0 
94.0 28.0 
62.0 2.0 
80.0 64.0 
70.0 98.0 
3.0 5.0 
26.0 7.0 
95.0 12.0 
88.0 93.0 
34.0 80.0 
97.0 22.0 
78.0 52.0 
24.0 98.0 
37.0 67.0 
16.0 17.0 
28.0 24.0 
16.0 61.0 
58.0 78.0 
43.0 56.0 
53.0 59.0 
42.0 95.0 
99.0 74.0 
91.0 6.0 
62.0 79.0 
43.0 57.0 
66.0 61.0 
40.0 99.0 
9.0 79.0 
14.0 97.0 
17.0 58.0 
34.0 9.0 
50.0 50.0 
18.0 13.0 
23.0 11.0 
48.0 84.0 
31.0 39.0 
82.0 33.0 
29.0 11.0 
7.0 0.0 
17.0 32.0 
48.0 22.0 
94.0 78.0 
83.0 12.0 
28.0 48.0 
1.0 35.0 
91.0 30.0 
99.0 39.0 
74.0 75.0 
22.0 13.0 
71.0 93.0 
19.0 15.0 
32.0 68.0 
6.0 9.0 
23.0 24.0 
52.0 82.0 
63.0 79.0 
17.0 14.0 
14.0 87.0 
60.0 13.0 
83.0 56.0 
66.0 4.0 
93.0 35.0 
61.0 5.0 
11.0 0.0 
65.0 33.0 
48.0 90.0 
98.0 41.0 
95.0 81.0 
97.0 29.0 
71.0 59.0 
89.0 55.0 
56.0 60.0 
54.0 71.0 
65.0 36.0 
10.0 31.0 
43.0 43.0 
56.0 68.0 
36.0 62.0 
10.0 86.0 
54.0 37.0 
42.0 57.0 
43.0 81.0 
23.0 96.0 
24.0 6.0 
76.0 50.0 
66.0 21.0 
10.0 4.0 
21.0 54.0 
29.0 74.0 
68.0 70.0 
72.0 66.0 
71.0 77.0 
72.0 47.0 
40.0 85.0 
60.0 75.0 
93.0 97.0 
54.0 25.0 
83.0 10.0 
92.0 78.0 
12.0 77.0 
6.0 59.0 
63.0 3.0 
72.0 47.0 
36.0 29.0 
59.0 56.0 
79.0 91.0 
84.0 61.0 
39.0 65.0 
81.0 13.0 
40.0 38.0 
25.0 26.0 
38.0 49.0 
44.0 85.0 
46.0 85.0 
92.0 47.0 
42.0 28.0 
3.0 78.0 
0.0 80.0 
33.0 31.0 
36.0 35.0 
46.0 31.0 
86.0 5.0 
93.0 68.0 
40.0 28.0 
16.0 82.0 
98.0 20.0 
35.0 91.0 
37.0 57.0 
29.0 92.0 
14.0 22.0 
99.0 18.0 
62.0 32.0 
48.0 94.0 
15.0 32.0 
42.0 21.0 
62.0 82.0 
10.0 72.0 
1.0 35.0 
66.0 95.0 
21.0 61.0 
5.0 57.0 
4.0 51.0 
52.0 81.0 
32.0 52.0 
13.0 52.0 
40.0 45.0 
60.0 31.0 
96.0 64.0 
89.0 54.0 
69.0 99.0 
35.0 31.0 
76.0 78.0 
94.0 15.0 
31.0 77.0 
21.0 28.0 
78.0 18.0 
3.0 44.0 
79.0 71.0 
3.0 60.0 
77.0 99.0 
55.0 91.0 
47.0 67.0 
25.0 7.0 
73.0 69.0 
53.0 20.0 
46.0 9.0 
72.0 97.0 
41.0 88.0 
3.0 39.0 
37.0 99.0 
5.0 68.0 
83.0 4.0 
98.0 57.0 
3.0 16.0 
19.0 9.0 
91.0 9.0 
27.0 58.0 
97.0 83.0 
29.0 1.0 
4.0 3.0 
97.0 94.0 
22.0 78.0 
37.0 34.0 
45.0 64.0 
72.0 42.0 
91.0 5.0 
82.0 1.0 
5.0 62.0 
3.0 73.0 
15.0 51.0 
18.0 83.0 
14.0 16.0 
58.0 29.0 
88.0 37.0 
0.0 74.0 
6.0 9.0 
8.0 85.0 
32.0 15.0 
31.0 94.0 
60.0 34.0 
62.0 35.0 
53.0 52.0 
36.0 82.0 
11.0 82.0 
82.0 73.0 
80.0 74.0 
3.0 34.0 
7.0 22.0 
28.0 40.0 
73.0 21.0 
46.0 9.0 
85.0 96.0 
11.0 38.0 
65.0 99.0 
24.0 70.0 
79.0 73.0 
84.0 69.0 
10.0 82.0 
75.0 96.0 
73.0 17.0 
82.0 3.0 
18.0 75.0 
78.0 75.0 
5.0 67.0 
96.0 35.0 
64.0 79.0 
99.0 10.0 
31.0 87.0 
18.0 43.0 
21.0 10.0 
53.0 17.0 
37.0 26.0 
19.0 14.0 
20.0 53.0 
47.0 46.0 
8.0 90.0 
15.0 0.0 
65.0 81.0 
87.0 5.0 
0.0 89.0 
79.0 98.0 
49.0 39.0 
91.0 46.0 
99.0 16.0 
71.0 81.0 
84.0 8.0 
79.0 99.0 
31.0 17.0 
35.0 92.0 
81.0 96.0 
8.0 0.0 
58.0 26.0 
70.0 44.0 
89.0 36.0 
82.0 45.0 
5.0 5.0 
16.0 85.0 
31.0 78.0 
94.0 60.0 
2.0 5.0 
1.0 20.0 
41.0 9.0 
32.0 49.0 
55.0 5.0 
22.0 64.0 
54.0 11.0 
54.0 87.0 
9.0 49.0 
63.0 43.0 
89.0 28.0 
18.0 58.0 
23.0 94.0 
83.0 32.0 
72.0 78.0 
32.0 33.0 
6.0 82.0 
14.0 67.0 
66.0 77.0 
25.0 87.0 
87.0 31.0 
79.0 86.0 
46.0 90.0 
65.0 75.0 
69.0 3.0 
25.0 12.0 
55.0 2.0 
41.0 97.0 
46.0 70.0 
46.0 94.0 
18.0 93.0 
65.0 24.0 
93.0 85.0 
38.0 32.0 
1.0 57.0 
7.0 19.0 
46.0 66.0 
44.0 58.0 
27.0 78.0 
37.0 66.0 
49.0 11.0 
73.0 49.0 
88.0 12.0 
98.0 85.0 
34.0 34.0 
42.0 93.0 
85.0 54.0 
89.0 89.0 
91.0 99.0 
22.0 54.0 
95.0 67.0 
28.0 91.0 
41.0 88.0 
45.0 92.0 
19.0 69.0 
54.0 86.0 
76.0 41.0 
66.0 85.0 
11.0 20.0 
69.0 74.0 
0.0 74.0 
86.0 31.0 
55.0 65.0 
20.0 65.0 
50.0 35.0 
22.0 32.0 
67.0 37.0 
90.0 19.0 
59.0 58.0 
51.0 28.0 
95.0 29.0 
36.0 59.0 
29.0 15.0 
61.0 75.0 
31.0 25.0 
6.0 77.0 
78.0 49.0 
87.0 86.0 
94.0 7.0 
70.0 87.0 
40.0 51.0 
97.0 12.0 
47.0 58.0 
67.0 22.0 
