1.0
0.3333333333333333
75
0.06578003830199053 0.014722771987154548 
12.0 14.0 
31.0 20.0 
79.0 22.0 
67.0 84.0 
24.0 52.0 
71.0 25.0 
5.0 54.0 
22.0 51.0 
14.0 71.0 
24.0 18.0 
55.0 27.0 
25.0 8.0 
64.0 11.0 
69.0 10.0 
28.0 69.0 
46.0 50.0 
65.0 76.0 
37.0 93.0 
98.0 48.0 
96.0 40.0 
33.0 18.0 
53.0 89.0 
84.0 12.0 
56.0 46.0 
74.0 68.0 
84.0 0.0 
26.0 66.0 
23.0 18.0 
95.0 4.0 
73.0 73.0 
45.0 78.0 
22.0 56.0 
41.0 46.0 
31.0 7.0 
0.0 98.0 
17.0 8.0 
72.0 86.0 
0.0 54.0 
71.0 69.0 
4.0 44.0 
62.0 73.0 
21.0 78.0 
63.0 35.0 
76.0 73.0 
12.0 48.0 
95.0 21.0 
23.0 89.0 
70.0 97.0 
7.0 41.0 
5.0 61.0 
68.0 71.0 
34.0 39.0 
8.0 67.0 
35.0 49.0 
18.0 99.0 
93.0 24.0 
19.0 99.0 
68.0 59.0 
56.0 29.0 
23.0 58.0 
3.0 43.0 
24.0 8.0 
27.0 10.0 
81.0 40.0 
59.0 61.0 
50.0 49.0 
32.0 23.0 
71.0 82.0 
70.0 50.0 
95.0 50.0 
28.0 5.0 
99.0 87.0 
88.0 29.0 
68.0 35.0 
