1.0
1.0
50
0.21337485424297087 0.6393251015409809 
55.0 10.0 
7.0 32.0 
48.0 15.0 
68.0 61.0 
19.0 34.0 
54.0 95.0 
6.0 59.0 
78.0 68.0 
97.0 93.0 
73.0 37.0 
67.0 39.0 
75.0 69.0 
84.0 95.0 
17.0 44.0 
8.0 73.0 
3.0 36.0 
25.0 56.0 
5.0 83.0 
44.0 52.0 
51.0 47.0 
29.0 12.0 
60.0 71.0 
48.0 46.0 
4.0 60.0 
20.0 22.0 
19.0 13.0 
95.0 60.0 
38.0 83.0 
61.0 51.0 
76.0 64.0 
70.0 78.0 
82.0 58.0 
43.0 73.0 
44.0 17.0 
41.0 74.0 
32.0 46.0 
81.0 17.0 
82.0 56.0 
67.0 71.0 
53.0 94.0 
74.0 11.0 
8.0 37.0 
50.0 92.0 
70.0 80.0 
13.0 27.0 
40.0 22.0 
16.0 92.0 
18.0 61.0 
69.0 68.0 
