1.0
0.5
50
0.7339627783276398 0.17524511155119138 
86.0 43.0 
26.0 78.0 
59.0 50.0 
3.0 95.0 
96.0 5.0 
22.0 10.0 
87.0 48.0 
97.0 2.0 
4.0 82.0 
11.0 50.0 
23.0 81.0 
67.0 15.0 
13.0 13.0 
83.0 89.0 
78.0 66.0 
24.0 53.0 
81.0 89.0 
54.0 0.0 
13.0 34.0 
48.0 62.0 
71.0 62.0 
15.0 29.0 
41.0 32.0 
83.0 5.0 
54.0 17.0 
40.0 70.0 
69.0 61.0 
22.0 42.0 
0.0 81.0 
41.0 61.0 
44.0 68.0 
5.0 61.0 
3.0 42.0 
41.0 70.0 
23.0 40.0 
51.0 48.0 
98.0 57.0 
19.0 70.0 
88.0 97.0 
45.0 76.0 
96.0 41.0 
10.0 68.0 
39.0 28.0 
19.0 69.0 
44.0 34.0 
72.0 84.0 
9.0 50.0 
0.0 56.0 
35.0 69.0 
