1.0
1.0
100
0.7432475045288823 0.06475827937294809 
1.0 60.0 
99.0 37.0 
60.0 40.0 
48.0 88.0 
81.0 16.0 
79.0 17.0 
25.0 72.0 
11.0 57.0 
87.0 35.0 
25.0 78.0 
28.0 21.0 
59.0 72.0 
76.0 71.0 
0.0 52.0 
73.0 91.0 
46.0 25.0 
18.0 62.0 
26.0 4.0 
13.0 63.0 
53.0 20.0 
78.0 6.0 
5.0 14.0 
28.0 88.0 
6.0 8.0 
11.0 98.0 
11.0 93.0 
56.0 1.0 
77.0 33.0 
96.0 69.0 
73.0 28.0 
39.0 69.0 
27.0 68.0 
82.0 71.0 
75.0 69.0 
49.0 33.0 
81.0 95.0 
14.0 29.0 
74.0 87.0 
7.0 26.0 
41.0 72.0 
51.0 88.0 
92.0 45.0 
56.0 78.0 
6.0 45.0 
54.0 90.0 
19.0 14.0 
20.0 69.0 
52.0 78.0 
27.0 37.0 
46.0 48.0 
67.0 53.0 
66.0 56.0 
34.0 49.0 
10.0 79.0 
34.0 60.0 
90.0 6.0 
64.0 15.0 
45.0 96.0 
78.0 79.0 
25.0 11.0 
85.0 14.0 
6.0 68.0 
14.0 18.0 
31.0 28.0 
60.0 95.0 
38.0 1.0 
53.0 32.0 
6.0 37.0 
90.0 10.0 
92.0 85.0 
85.0 73.0 
0.0 53.0 
61.0 56.0 
14.0 96.0 
57.0 56.0 
91.0 8.0 
94.0 36.0 
5.0 72.0 
31.0 96.0 
28.0 14.0 
75.0 80.0 
17.0 96.0 
34.0 21.0 
20.0 82.0 
37.0 59.0 
29.0 35.0 
68.0 30.0 
76.0 42.0 
42.0 75.0 
79.0 92.0 
61.0 21.0 
78.0 39.0 
12.0 42.0 
77.0 13.0 
38.0 76.0 
1.0 47.0 
20.0 74.0 
88.0 61.0 
30.0 64.0 
