1.0
1.0
500
0.6221525996645044 0.49264665187984924 
82.0 44.0 
62.0 50.0 
96.0 42.0 
3.0 3.0 
55.0 6.0 
24.0 69.0 
60.0 50.0 
17.0 37.0 
29.0 59.0 
49.0 3.0 
5.0 33.0 
16.0 84.0 
18.0 95.0 
57.0 20.0 
78.0 63.0 
50.0 33.0 
36.0 5.0 
50.0 10.0 
43.0 83.0 
91.0 56.0 
6.0 17.0 
83.0 73.0 
30.0 58.0 
46.0 94.0 
93.0 91.0 
74.0 23.0 
7.0 99.0 
43.0 75.0 
42.0 29.0 
7.0 70.0 
17.0 66.0 
81.0 68.0 
6.0 15.0 
10.0 34.0 
18.0 59.0 
21.0 76.0 
61.0 97.0 
0.0 6.0 
90.0 62.0 
45.0 76.0 
34.0 98.0 
34.0 94.0 
60.0 66.0 
42.0 20.0 
46.0 89.0 
12.0 95.0 
35.0 55.0 
17.0 21.0 
28.0 36.0 
68.0 79.0 
94.0 17.0 
53.0 90.0 
45.0 79.0 
16.0 56.0 
55.0 41.0 
22.0 73.0 
21.0 79.0 
62.0 70.0 
59.0 69.0 
80.0 33.0 
28.0 89.0 
62.0 3.0 
36.0 30.0 
17.0 51.0 
89.0 82.0 
54.0 37.0 
49.0 91.0 
2.0 95.0 
54.0 10.0 
29.0 87.0 
73.0 20.0 
82.0 14.0 
1.0 50.0 
29.0 41.0 
40.0 45.0 
5.0 11.0 
69.0 36.0 
16.0 55.0 
16.0 70.0 
98.0 28.0 
6.0 76.0 
90.0 31.0 
97.0 67.0 
81.0 0.0 
72.0 22.0 
76.0 96.0 
73.0 67.0 
29.0 67.0 
4.0 40.0 
54.0 59.0 
92.0 54.0 
26.0 3.0 
76.0 6.0 
70.0 22.0 
32.0 20.0 
68.0 35.0 
99.0 57.0 
38.0 73.0 
25.0 81.0 
21.0 7.0 
58.0 7.0 
74.0 63.0 
46.0 49.0 
14.0 36.0 
68.0 27.0 
91.0 3.0 
2.0 75.0 
79.0 75.0 
18.0 31.0 
64.0 9.0 
7.0 4.0 
90.0 59.0 
36.0 71.0 
4.0 71.0 
14.0 22.0 
91.0 37.0 
89.0 25.0 
69.0 63.0 
24.0 99.0 
78.0 21.0 
38.0 97.0 
74.0 37.0 
70.0 73.0 
95.0 84.0 
36.0 71.0 
98.0 95.0 
53.0 49.0 
8.0 26.0 
28.0 26.0 
14.0 70.0 
2.0 82.0 
82.0 82.0 
93.0 4.0 
3.0 84.0 
27.0 37.0 
85.0 54.0 
46.0 21.0 
45.0 2.0 
16.0 44.0 
26.0 98.0 
44.0 15.0 
48.0 40.0 
59.0 4.0 
87.0 42.0 
65.0 52.0 
26.0 42.0 
43.0 13.0 
11.0 18.0 
22.0 25.0 
54.0 43.0 
28.0 82.0 
85.0 83.0 
60.0 35.0 
39.0 69.0 
61.0 63.0 
13.0 61.0 
50.0 97.0 
86.0 13.0 
79.0 33.0 
43.0 40.0 
17.0 43.0 
71.0 50.0 
97.0 22.0 
17.0 29.0 
32.0 10.0 
28.0 7.0 
78.0 43.0 
9.0 12.0 
59.0 43.0 
7.0 34.0 
76.0 71.0 
44.0 24.0 
76.0 63.0 
44.0 77.0 
88.0 19.0 
79.0 96.0 
60.0 57.0 
29.0 18.0 
18.0 26.0 
41.0 38.0 
86.0 33.0 
16.0 24.0 
37.0 0.0 
43.0 72.0 
40.0 65.0 
43.0 70.0 
65.0 20.0 
26.0 13.0 
36.0 36.0 
90.0 53.0 
39.0 7.0 
0.0 34.0 
52.0 0.0 
91.0 91.0 
36.0 96.0 
47.0 75.0 
25.0 93.0 
73.0 55.0 
42.0 40.0 
59.0 97.0 
95.0 41.0 
46.0 97.0 
92.0 97.0 
44.0 98.0 
63.0 88.0 
45.0 80.0 
38.0 81.0 
93.0 6.0 
23.0 83.0 
7.0 8.0 
70.0 62.0 
70.0 70.0 
65.0 47.0 
65.0 99.0 
11.0 16.0 
94.0 33.0 
52.0 24.0 
32.0 61.0 
58.0 47.0 
25.0 81.0 
13.0 15.0 
19.0 23.0 
20.0 52.0 
51.0 68.0 
86.0 14.0 
52.0 97.0 
36.0 5.0 
10.0 9.0 
90.0 13.0 
7.0 45.0 
27.0 84.0 
96.0 61.0 
71.0 69.0 
97.0 17.0 
78.0 62.0 
54.0 12.0 
49.0 10.0 
73.0 65.0 
97.0 69.0 
73.0 15.0 
49.0 98.0 
38.0 51.0 
51.0 64.0 
4.0 94.0 
8.0 40.0 
94.0 56.0 
27.0 75.0 
44.0 37.0 
75.0 24.0 
64.0 34.0 
28.0 85.0 
74.0 21.0 
5.0 39.0 
59.0 90.0 
49.0 88.0 
32.0 77.0 
52.0 17.0 
65.0 17.0 
74.0 21.0 
48.0 30.0 
10.0 93.0 
24.0 24.0 
29.0 46.0 
26.0 57.0 
53.0 9.0 
39.0 94.0 
21.0 13.0 
50.0 38.0 
87.0 80.0 
42.0 19.0 
89.0 76.0 
3.0 73.0 
7.0 65.0 
29.0 24.0 
25.0 9.0 
25.0 69.0 
81.0 43.0 
4.0 14.0 
24.0 61.0 
3.0 45.0 
37.0 60.0 
1.0 77.0 
64.0 86.0 
21.0 84.0 
48.0 44.0 
88.0 19.0 
80.0 66.0 
79.0 58.0 
5.0 48.0 
98.0 3.0 
81.0 51.0 
59.0 15.0 
45.0 38.0 
98.0 74.0 
84.0 3.0 
63.0 41.0 
55.0 33.0 
38.0 17.0 
37.0 55.0 
16.0 43.0 
0.0 71.0 
90.0 70.0 
15.0 42.0 
7.0 49.0 
83.0 28.0 
88.0 22.0 
9.0 60.0 
75.0 96.0 
45.0 22.0 
18.0 42.0 
5.0 17.0 
69.0 41.0 
10.0 1.0 
50.0 17.0 
8.0 53.0 
42.0 47.0 
6.0 17.0 
65.0 65.0 
52.0 35.0 
76.0 99.0 
13.0 45.0 
47.0 54.0 
1.0 80.0 
61.0 48.0 
55.0 87.0 
0.0 17.0 
64.0 38.0 
58.0 25.0 
31.0 98.0 
1.0 26.0 
22.0 84.0 
48.0 0.0 
7.0 38.0 
23.0 7.0 
65.0 46.0 
50.0 14.0 
34.0 17.0 
55.0 95.0 
37.0 83.0 
48.0 15.0 
77.0 69.0 
60.0 12.0 
48.0 84.0 
57.0 24.0 
10.0 62.0 
27.0 70.0 
66.0 59.0 
78.0 73.0 
16.0 43.0 
77.0 37.0 
53.0 22.0 
72.0 55.0 
24.0 97.0 
20.0 87.0 
54.0 8.0 
13.0 5.0 
44.0 37.0 
17.0 45.0 
5.0 60.0 
35.0 4.0 
95.0 72.0 
32.0 5.0 
24.0 71.0 
59.0 80.0 
14.0 26.0 
64.0 70.0 
45.0 20.0 
6.0 22.0 
5.0 90.0 
94.0 84.0 
39.0 16.0 
63.0 77.0 
64.0 14.0 
73.0 51.0 
80.0 1.0 
43.0 59.0 
30.0 72.0 
77.0 57.0 
93.0 0.0 
59.0 11.0 
68.0 85.0 
2.0 63.0 
96.0 20.0 
49.0 7.0 
38.0 10.0 
37.0 18.0 
72.0 66.0 
11.0 65.0 
52.0 88.0 
55.0 67.0 
92.0 89.0 
2.0 43.0 
94.0 67.0 
72.0 17.0 
36.0 9.0 
31.0 76.0 
72.0 3.0 
73.0 67.0 
2.0 66.0 
89.0 13.0 
7.0 79.0 
1.0 4.0 
69.0 71.0 
0.0 39.0 
65.0 83.0 
80.0 64.0 
69.0 9.0 
27.0 50.0 
4.0 27.0 
58.0 30.0 
69.0 31.0 
63.0 33.0 
84.0 12.0 
32.0 86.0 
15.0 81.0 
17.0 2.0 
39.0 0.0 
54.0 58.0 
39.0 83.0 
35.0 16.0 
72.0 87.0 
74.0 43.0 
36.0 32.0 
55.0 77.0 
96.0 82.0 
35.0 22.0 
72.0 33.0 
62.0 35.0 
86.0 97.0 
82.0 73.0 
32.0 34.0 
98.0 37.0 
63.0 66.0 
29.0 49.0 
13.0 33.0 
76.0 49.0 
74.0 48.0 
22.0 63.0 
71.0 28.0 
49.0 12.0 
74.0 70.0 
91.0 61.0 
66.0 68.0 
61.0 58.0 
74.0 4.0 
53.0 3.0 
67.0 36.0 
51.0 41.0 
99.0 11.0 
72.0 60.0 
40.0 74.0 
58.0 48.0 
18.0 43.0 
12.0 56.0 
48.0 54.0 
62.0 19.0 
93.0 65.0 
63.0 94.0 
46.0 84.0 
47.0 3.0 
42.0 51.0 
27.0 21.0 
79.0 16.0 
20.0 12.0 
55.0 28.0 
4.0 88.0 
90.0 70.0 
45.0 62.0 
2.0 2.0 
52.0 11.0 
43.0 41.0 
30.0 22.0 
22.0 82.0 
13.0 45.0 
4.0 33.0 
13.0 72.0 
28.0 96.0 
58.0 82.0 
97.0 78.0 
15.0 92.0 
83.0 46.0 
33.0 96.0 
37.0 32.0 
26.0 75.0 
76.0 55.0 
10.0 39.0 
2.0 35.0 
8.0 33.0 
17.0 86.0 
34.0 6.0 
29.0 54.0 
34.0 73.0 
57.0 93.0 
13.0 38.0 
67.0 66.0 
97.0 82.0 
50.0 8.0 
84.0 60.0 
88.0 13.0 
