1.0
0.5
100
0.817703815157299 0.47103955486090887 
5.0 22.0 
83.0 59.0 
66.0 21.0 
78.0 74.0 
94.0 0.0 
7.0 13.0 
55.0 3.0 
61.0 49.0 
21.0 0.0 
44.0 36.0 
4.0 50.0 
73.0 39.0 
69.0 61.0 
42.0 48.0 
94.0 35.0 
31.0 9.0 
63.0 12.0 
49.0 86.0 
76.0 71.0 
20.0 41.0 
39.0 66.0 
58.0 60.0 
24.0 17.0 
23.0 81.0 
18.0 30.0 
0.0 58.0 
98.0 12.0 
89.0 58.0 
98.0 9.0 
28.0 85.0 
99.0 94.0 
67.0 96.0 
19.0 64.0 
86.0 1.0 
18.0 69.0 
1.0 82.0 
82.0 30.0 
1.0 40.0 
66.0 71.0 
22.0 96.0 
48.0 87.0 
34.0 21.0 
90.0 51.0 
77.0 6.0 
74.0 58.0 
76.0 64.0 
39.0 20.0 
53.0 83.0 
16.0 36.0 
13.0 6.0 
41.0 43.0 
33.0 88.0 
60.0 67.0 
92.0 7.0 
77.0 81.0 
81.0 37.0 
55.0 40.0 
40.0 18.0 
75.0 19.0 
71.0 89.0 
81.0 78.0 
95.0 29.0 
42.0 16.0 
62.0 7.0 
11.0 89.0 
95.0 71.0 
3.0 63.0 
85.0 53.0 
64.0 19.0 
70.0 55.0 
61.0 72.0 
12.0 13.0 
16.0 99.0 
3.0 52.0 
3.0 45.0 
62.0 95.0 
58.0 74.0 
90.0 4.0 
59.0 54.0 
17.0 40.0 
35.0 43.0 
20.0 95.0 
49.0 35.0 
48.0 59.0 
32.0 56.0 
88.0 91.0 
58.0 83.0 
36.0 67.0 
75.0 33.0 
19.0 75.0 
1.0 61.0 
62.0 49.0 
98.0 54.0 
80.0 33.0 
56.0 3.0 
66.0 1.0 
2.0 90.0 
60.0 62.0 
7.0 91.0 
