1.0
0.5
250
0.5227900054478684 0.22814895500069388 
40.0 74.0 
58.0 48.0 
18.0 43.0 
12.0 56.0 
48.0 54.0 
62.0 19.0 
93.0 65.0 
63.0 94.0 
46.0 84.0 
47.0 3.0 
42.0 51.0 
27.0 21.0 
79.0 16.0 
20.0 12.0 
55.0 28.0 
4.0 88.0 
90.0 70.0 
45.0 62.0 
2.0 2.0 
52.0 11.0 
43.0 41.0 
30.0 22.0 
22.0 82.0 
13.0 45.0 
4.0 33.0 
13.0 72.0 
28.0 96.0 
58.0 82.0 
97.0 78.0 
15.0 92.0 
83.0 46.0 
33.0 96.0 
37.0 32.0 
26.0 75.0 
76.0 55.0 
10.0 39.0 
2.0 35.0 
8.0 33.0 
17.0 86.0 
34.0 6.0 
29.0 54.0 
34.0 73.0 
57.0 93.0 
13.0 38.0 
67.0 66.0 
97.0 82.0 
50.0 8.0 
84.0 60.0 
88.0 13.0 
45.0 6.0 
78.0 81.0 
51.0 81.0 
67.0 45.0 
12.0 15.0 
70.0 35.0 
7.0 66.0 
80.0 20.0 
71.0 60.0 
9.0 25.0 
92.0 74.0 
64.0 31.0 
81.0 54.0 
26.0 14.0 
71.0 29.0 
0.0 37.0 
5.0 97.0 
36.0 44.0 
53.0 64.0 
17.0 50.0 
83.0 66.0 
9.0 3.0 
2.0 21.0 
89.0 30.0 
39.0 68.0 
20.0 61.0 
22.0 53.0 
84.0 6.0 
65.0 56.0 
73.0 28.0 
56.0 46.0 
39.0 99.0 
34.0 27.0 
40.0 21.0 
77.0 28.0 
97.0 55.0 
65.0 56.0 
33.0 0.0 
28.0 74.0 
52.0 37.0 
59.0 16.0 
13.0 39.0 
33.0 8.0 
88.0 70.0 
61.0 48.0 
63.0 78.0 
73.0 63.0 
87.0 84.0 
61.0 71.0 
68.0 10.0 
63.0 86.0 
2.0 64.0 
5.0 7.0 
63.0 32.0 
78.0 9.0 
34.0 61.0 
78.0 54.0 
14.0 88.0 
52.0 10.0 
19.0 12.0 
82.0 26.0 
46.0 85.0 
60.0 73.0 
76.0 20.0 
50.0 19.0 
14.0 45.0 
28.0 61.0 
96.0 36.0 
16.0 21.0 
35.0 30.0 
58.0 71.0 
6.0 42.0 
61.0 0.0 
93.0 65.0 
31.0 87.0 
49.0 76.0 
19.0 10.0 
84.0 75.0 
51.0 48.0 
68.0 6.0 
44.0 81.0 
39.0 84.0 
78.0 58.0 
55.0 85.0 
5.0 91.0 
33.0 90.0 
38.0 59.0 
20.0 79.0 
60.0 48.0 
90.0 69.0 
50.0 92.0 
30.0 13.0 
49.0 44.0 
50.0 90.0 
68.0 23.0 
37.0 43.0 
80.0 98.0 
94.0 5.0 
3.0 48.0 
59.0 32.0 
77.0 81.0 
5.0 49.0 
13.0 69.0 
53.0 52.0 
58.0 12.0 
83.0 48.0 
49.0 92.0 
7.0 12.0 
68.0 39.0 
92.0 1.0 
85.0 38.0 
74.0 78.0 
53.0 78.0 
6.0 67.0 
61.0 11.0 
45.0 76.0 
3.0 19.0 
82.0 17.0 
90.0 18.0 
75.0 87.0 
83.0 21.0 
14.0 14.0 
24.0 24.0 
23.0 93.0 
15.0 53.0 
94.0 88.0 
28.0 13.0 
48.0 81.0 
96.0 70.0 
34.0 43.0 
98.0 72.0 
36.0 11.0 
44.0 17.0 
1.0 96.0 
55.0 2.0 
64.0 54.0 
96.0 79.0 
64.0 47.0 
27.0 15.0 
74.0 15.0 
6.0 84.0 
75.0 91.0 
15.0 33.0 
94.0 77.0 
24.0 40.0 
55.0 11.0 
8.0 94.0 
37.0 93.0 
15.0 51.0 
22.0 9.0 
94.0 87.0 
76.0 58.0 
9.0 10.0 
61.0 32.0 
58.0 17.0 
73.0 63.0 
18.0 57.0 
29.0 79.0 
68.0 22.0 
52.0 37.0 
38.0 60.0 
53.0 9.0 
37.0 38.0 
66.0 84.0 
49.0 77.0 
44.0 52.0 
97.0 47.0 
65.0 98.0 
9.0 10.0 
53.0 47.0 
61.0 27.0 
62.0 93.0 
95.0 8.0 
42.0 38.0 
66.0 19.0 
98.0 47.0 
37.0 76.0 
31.0 63.0 
27.0 63.0 
37.0 70.0 
77.0 98.0 
41.0 21.0 
19.0 74.0 
5.0 95.0 
36.0 6.0 
36.0 70.0 
88.0 88.0 
24.0 48.0 
76.0 65.0 
6.0 50.0 
73.0 52.0 
56.0 56.0 
90.0 15.0 
3.0 31.0 
40.0 25.0 
34.0 19.0 
40.0 16.0 
59.0 56.0 
80.0 79.0 
27.0 77.0 
