1.0
0.3333333333333333
250
0.7293824380492845 0.8791251896301311 
98.0 97.0 
23.0 9.0 
17.0 20.0 
75.0 24.0 
90.0 45.0 
89.0 42.0 
20.0 74.0 
47.0 26.0 
79.0 7.0 
70.0 44.0 
21.0 26.0 
75.0 22.0 
91.0 63.0 
21.0 53.0 
42.0 47.0 
84.0 5.0 
55.0 92.0 
56.0 49.0 
38.0 37.0 
28.0 29.0 
34.0 32.0 
9.0 78.0 
78.0 14.0 
71.0 16.0 
55.0 31.0 
70.0 92.0 
67.0 71.0 
15.0 11.0 
52.0 93.0 
22.0 36.0 
69.0 82.0 
48.0 50.0 
37.0 38.0 
5.0 39.0 
1.0 84.0 
56.0 57.0 
32.0 91.0 
55.0 21.0 
87.0 65.0 
22.0 26.0 
48.0 23.0 
29.0 12.0 
64.0 88.0 
66.0 23.0 
37.0 5.0 
14.0 64.0 
13.0 2.0 
71.0 6.0 
29.0 30.0 
11.0 13.0 
42.0 44.0 
8.0 9.0 
45.0 13.0 
75.0 38.0 
27.0 15.0 
24.0 45.0 
36.0 65.0 
67.0 50.0 
25.0 88.0 
49.0 88.0 
38.0 55.0 
78.0 67.0 
86.0 54.0 
83.0 13.0 
42.0 94.0 
86.0 17.0 
76.0 65.0 
66.0 8.0 
44.0 32.0 
68.0 85.0 
34.0 87.0 
79.0 93.0 
51.0 68.0 
56.0 40.0 
51.0 44.0 
11.0 59.0 
68.0 71.0 
70.0 7.0 
64.0 95.0 
12.0 98.0 
61.0 36.0 
5.0 2.0 
6.0 40.0 
76.0 11.0 
10.0 90.0 
0.0 43.0 
56.0 9.0 
5.0 5.0 
75.0 43.0 
43.0 45.0 
21.0 87.0 
40.0 32.0 
75.0 56.0 
34.0 11.0 
91.0 88.0 
88.0 26.0 
25.0 74.0 
10.0 36.0 
1.0 32.0 
77.0 58.0 
86.0 20.0 
61.0 22.0 
6.0 25.0 
73.0 10.0 
73.0 83.0 
49.0 13.0 
22.0 57.0 
12.0 54.0 
94.0 52.0 
81.0 47.0 
68.0 17.0 
89.0 69.0 
95.0 62.0 
3.0 35.0 
90.0 5.0 
66.0 93.0 
65.0 94.0 
24.0 40.0 
62.0 81.0 
48.0 47.0 
87.0 5.0 
50.0 68.0 
60.0 95.0 
32.0 46.0 
69.0 10.0 
25.0 75.0 
25.0 79.0 
66.0 51.0 
6.0 45.0 
32.0 52.0 
77.0 16.0 
21.0 27.0 
71.0 56.0 
13.0 76.0 
5.0 10.0 
32.0 9.0 
21.0 63.0 
86.0 19.0 
81.0 4.0 
58.0 79.0 
10.0 45.0 
36.0 35.0 
35.0 37.0 
27.0 79.0 
59.0 63.0 
23.0 29.0 
2.0 45.0 
69.0 73.0 
79.0 62.0 
7.0 81.0 
15.0 98.0 
67.0 36.0 
74.0 2.0 
5.0 9.0 
87.0 41.0 
41.0 94.0 
78.0 95.0 
51.0 24.0 
50.0 15.0 
49.0 77.0 
42.0 36.0 
3.0 32.0 
33.0 98.0 
90.0 66.0 
41.0 88.0 
59.0 82.0 
1.0 24.0 
29.0 80.0 
23.0 78.0 
90.0 29.0 
13.0 17.0 
90.0 23.0 
52.0 86.0 
9.0 93.0 
23.0 54.0 
23.0 67.0 
38.0 44.0 
71.0 20.0 
70.0 54.0 
1.0 59.0 
38.0 74.0 
1.0 36.0 
77.0 53.0 
84.0 72.0 
67.0 99.0 
18.0 69.0 
34.0 52.0 
19.0 21.0 
73.0 47.0 
88.0 89.0 
60.0 86.0 
69.0 51.0 
39.0 23.0 
60.0 61.0 
50.0 66.0 
77.0 60.0 
30.0 64.0 
61.0 20.0 
96.0 56.0 
50.0 21.0 
39.0 64.0 
93.0 44.0 
68.0 23.0 
31.0 42.0 
24.0 94.0 
6.0 38.0 
18.0 93.0 
7.0 49.0 
10.0 49.0 
94.0 43.0 
87.0 68.0 
42.0 28.0 
0.0 33.0 
75.0 83.0 
71.0 57.0 
50.0 46.0 
58.0 95.0 
63.0 42.0 
78.0 1.0 
94.0 3.0 
74.0 55.0 
36.0 88.0 
70.0 34.0 
50.0 18.0 
23.0 45.0 
40.0 58.0 
6.0 88.0 
92.0 81.0 
0.0 39.0 
94.0 79.0 
76.0 37.0 
36.0 44.0 
33.0 79.0 
31.0 56.0 
64.0 75.0 
81.0 47.0 
78.0 82.0 
34.0 61.0 
10.0 38.0 
5.0 46.0 
49.0 93.0 
95.0 94.0 
59.0 8.0 
72.0 4.0 
11.0 16.0 
51.0 54.0 
29.0 47.0 
49.0 3.0 
67.0 3.0 
