1.0
0.5
50
0.01983571217907698 0.09392959003464241 
82.0 74.0 
28.0 29.0 
14.0 43.0 
2.0 44.0 
25.0 49.0 
42.0 92.0 
32.0 75.0 
81.0 40.0 
63.0 55.0 
74.0 42.0 
10.0 87.0 
36.0 38.0 
55.0 41.0 
26.0 62.0 
33.0 85.0 
57.0 87.0 
36.0 3.0 
20.0 58.0 
25.0 23.0 
43.0 66.0 
27.0 90.0 
58.0 50.0 
24.0 10.0 
90.0 38.0 
38.0 97.0 
74.0 75.0 
21.0 3.0 
76.0 81.0 
65.0 90.0 
86.0 2.0 
10.0 83.0 
56.0 5.0 
40.0 16.0 
73.0 16.0 
14.0 32.0 
82.0 39.0 
75.0 15.0 
80.0 53.0 
35.0 76.0 
85.0 57.0 
96.0 29.0 
33.0 28.0 
36.0 78.0 
27.0 13.0 
92.0 73.0 
82.0 94.0 
43.0 86.0 
84.0 70.0 
66.0 95.0 
