1.0
0.3333333333333333
75
0.9431587282203138 0.014223184127593602 
77.0 74.0 
53.0 16.0 
32.0 39.0 
96.0 14.0 
35.0 10.0 
38.0 51.0 
68.0 46.0 
13.0 90.0 
88.0 26.0 
67.0 7.0 
67.0 49.0 
97.0 19.0 
69.0 44.0 
87.0 51.0 
67.0 75.0 
75.0 4.0 
5.0 97.0 
77.0 7.0 
72.0 52.0 
32.0 72.0 
35.0 13.0 
3.0 65.0 
74.0 76.0 
42.0 45.0 
0.0 33.0 
3.0 38.0 
97.0 23.0 
30.0 40.0 
86.0 26.0 
49.0 48.0 
44.0 80.0 
86.0 77.0 
95.0 12.0 
47.0 63.0 
24.0 21.0 
59.0 86.0 
85.0 34.0 
67.0 13.0 
51.0 98.0 
96.0 45.0 
23.0 98.0 
48.0 60.0 
98.0 19.0 
16.0 8.0 
42.0 84.0 
4.0 29.0 
97.0 97.0 
75.0 1.0 
68.0 97.0 
99.0 0.0 
35.0 57.0 
49.0 44.0 
77.0 33.0 
42.0 0.0 
10.0 86.0 
69.0 26.0 
60.0 79.0 
76.0 49.0 
7.0 89.0 
82.0 89.0 
10.0 26.0 
92.0 26.0 
99.0 28.0 
93.0 68.0 
99.0 71.0 
61.0 31.0 
10.0 85.0 
9.0 46.0 
58.0 55.0 
12.0 97.0 
28.0 66.0 
73.0 36.0 
77.0 96.0 
64.0 46.0 
