1.0
0.5
75
0.9833164046114183 0.5277399029617119 
88.0 86.0 
95.0 28.0 
47.0 70.0 
45.0 28.0 
51.0 76.0 
30.0 83.0 
22.0 25.0 
77.0 60.0 
72.0 1.0 
69.0 7.0 
74.0 75.0 
21.0 33.0 
2.0 14.0 
31.0 13.0 
77.0 79.0 
57.0 51.0 
74.0 59.0 
58.0 90.0 
71.0 18.0 
71.0 18.0 
43.0 60.0 
30.0 32.0 
27.0 27.0 
9.0 31.0 
27.0 5.0 
28.0 43.0 
36.0 98.0 
24.0 13.0 
43.0 11.0 
24.0 59.0 
77.0 19.0 
86.0 82.0 
11.0 43.0 
76.0 58.0 
69.0 62.0 
45.0 21.0 
26.0 18.0 
90.0 96.0 
39.0 66.0 
81.0 23.0 
69.0 69.0 
85.0 56.0 
63.0 60.0 
42.0 60.0 
13.0 80.0 
40.0 78.0 
2.0 43.0 
71.0 45.0 
12.0 33.0 
36.0 89.0 
77.0 74.0 
15.0 9.0 
12.0 43.0 
90.0 40.0 
19.0 27.0 
6.0 13.0 
72.0 77.0 
34.0 26.0 
74.0 0.0 
77.0 46.0 
84.0 2.0 
29.0 7.0 
49.0 62.0 
65.0 3.0 
20.0 89.0 
72.0 46.0 
76.0 8.0 
68.0 26.0 
89.0 56.0 
10.0 18.0 
37.0 46.0 
64.0 45.0 
18.0 86.0 
57.0 87.0 
