1.0
0.5
50
0.14504417255903446 0.2184104403363245 
37.0 71.0 
36.0 70.0 
93.0 28.0 
94.0 13.0 
88.0 64.0 
77.0 94.0 
90.0 77.0 
66.0 63.0 
22.0 57.0 
96.0 33.0 
0.0 43.0 
82.0 1.0 
98.0 70.0 
26.0 15.0 
89.0 15.0 
25.0 74.0 
97.0 20.0 
86.0 36.0 
65.0 93.0 
58.0 79.0 
98.0 88.0 
30.0 9.0 
64.0 12.0 
54.0 21.0 
47.0 7.0 
35.0 91.0 
27.0 25.0 
99.0 71.0 
5.0 29.0 
8.0 93.0 
10.0 27.0 
45.0 9.0 
74.0 19.0 
22.0 35.0 
23.0 70.0 
73.0 42.0 
54.0 54.0 
35.0 50.0 
56.0 37.0 
53.0 3.0 
30.0 59.0 
37.0 89.0 
73.0 41.0 
49.0 75.0 
35.0 83.0 
3.0 31.0 
98.0 65.0 
8.0 80.0 
4.0 27.0 
