1.0
0.3333333333333333
250
0.34129991822453065 0.7894351410286806 
78.0 54.0 
0.0 28.0 
91.0 29.0 
6.0 23.0 
98.0 38.0 
84.0 79.0 
64.0 30.0 
8.0 49.0 
77.0 33.0 
53.0 91.0 
39.0 34.0 
13.0 69.0 
67.0 90.0 
67.0 30.0 
16.0 42.0 
18.0 36.0 
58.0 62.0 
92.0 89.0 
30.0 21.0 
13.0 50.0 
48.0 34.0 
92.0 34.0 
97.0 28.0 
12.0 81.0 
68.0 31.0 
69.0 79.0 
89.0 84.0 
87.0 13.0 
40.0 23.0 
36.0 75.0 
61.0 7.0 
21.0 83.0 
12.0 91.0 
45.0 66.0 
56.0 93.0 
66.0 88.0 
97.0 64.0 
82.0 2.0 
62.0 27.0 
11.0 37.0 
86.0 20.0 
97.0 78.0 
20.0 39.0 
64.0 54.0 
90.0 56.0 
49.0 67.0 
55.0 68.0 
13.0 52.0 
20.0 93.0 
96.0 82.0 
52.0 20.0 
73.0 4.0 
61.0 65.0 
71.0 87.0 
79.0 10.0 
45.0 91.0 
61.0 20.0 
88.0 38.0 
27.0 27.0 
45.0 55.0 
49.0 46.0 
14.0 1.0 
31.0 23.0 
1.0 62.0 
78.0 69.0 
56.0 66.0 
43.0 87.0 
13.0 7.0 
32.0 0.0 
86.0 32.0 
23.0 74.0 
9.0 81.0 
83.0 28.0 
14.0 71.0 
50.0 78.0 
66.0 96.0 
94.0 88.0 
71.0 50.0 
40.0 94.0 
42.0 49.0 
6.0 98.0 
45.0 78.0 
40.0 95.0 
39.0 15.0 
54.0 42.0 
31.0 2.0 
70.0 24.0 
93.0 67.0 
90.0 12.0 
63.0 10.0 
46.0 19.0 
14.0 93.0 
67.0 42.0 
21.0 58.0 
43.0 19.0 
52.0 21.0 
24.0 80.0 
16.0 18.0 
44.0 54.0 
71.0 82.0 
12.0 6.0 
10.0 0.0 
38.0 94.0 
83.0 27.0 
29.0 99.0 
48.0 71.0 
95.0 61.0 
54.0 18.0 
73.0 21.0 
47.0 76.0 
99.0 47.0 
87.0 94.0 
44.0 76.0 
83.0 61.0 
27.0 29.0 
29.0 11.0 
40.0 52.0 
56.0 24.0 
80.0 13.0 
63.0 82.0 
79.0 69.0 
71.0 61.0 
92.0 30.0 
54.0 47.0 
36.0 12.0 
2.0 9.0 
85.0 66.0 
99.0 9.0 
18.0 58.0 
92.0 80.0 
16.0 80.0 
36.0 30.0 
63.0 85.0 
56.0 15.0 
34.0 69.0 
39.0 97.0 
38.0 34.0 
43.0 86.0 
6.0 92.0 
82.0 21.0 
97.0 23.0 
24.0 49.0 
53.0 76.0 
91.0 9.0 
59.0 1.0 
95.0 42.0 
63.0 35.0 
53.0 35.0 
45.0 76.0 
82.0 76.0 
52.0 66.0 
37.0 43.0 
37.0 95.0 
25.0 75.0 
84.0 17.0 
66.0 74.0 
86.0 39.0 
11.0 67.0 
14.0 37.0 
25.0 81.0 
21.0 97.0 
10.0 96.0 
69.0 73.0 
32.0 62.0 
55.0 98.0 
79.0 5.0 
93.0 56.0 
54.0 19.0 
83.0 64.0 
11.0 95.0 
27.0 11.0 
17.0 24.0 
0.0 64.0 
6.0 4.0 
36.0 25.0 
55.0 19.0 
97.0 66.0 
43.0 70.0 
22.0 0.0 
97.0 79.0 
79.0 50.0 
6.0 79.0 
66.0 39.0 
66.0 68.0 
78.0 99.0 
92.0 0.0 
94.0 91.0 
61.0 98.0 
80.0 72.0 
58.0 4.0 
88.0 8.0 
21.0 38.0 
31.0 53.0 
37.0 27.0 
69.0 51.0 
44.0 51.0 
66.0 73.0 
23.0 13.0 
54.0 51.0 
29.0 47.0 
65.0 23.0 
64.0 27.0 
90.0 45.0 
36.0 4.0 
52.0 6.0 
89.0 2.0 
58.0 69.0 
37.0 71.0 
36.0 70.0 
93.0 28.0 
94.0 13.0 
88.0 64.0 
77.0 94.0 
90.0 77.0 
66.0 63.0 
22.0 57.0 
96.0 33.0 
0.0 43.0 
82.0 1.0 
98.0 70.0 
26.0 15.0 
89.0 15.0 
25.0 74.0 
97.0 20.0 
86.0 36.0 
65.0 93.0 
58.0 79.0 
98.0 88.0 
30.0 9.0 
64.0 12.0 
54.0 21.0 
47.0 7.0 
35.0 91.0 
27.0 25.0 
99.0 71.0 
5.0 29.0 
8.0 93.0 
10.0 27.0 
45.0 9.0 
74.0 19.0 
22.0 35.0 
23.0 70.0 
73.0 42.0 
54.0 54.0 
35.0 50.0 
56.0 37.0 
53.0 3.0 
30.0 59.0 
37.0 89.0 
