1.0
1.0
50
0.4320423587896036 0.9288506608367982 
83.0 11.0 
84.0 44.0 
58.0 77.0 
46.0 45.0 
2.0 31.0 
27.0 61.0 
21.0 47.0 
63.0 14.0 
82.0 30.0 
10.0 65.0 
35.0 49.0 
9.0 97.0 
33.0 64.0 
73.0 59.0 
3.0 8.0 
10.0 86.0 
93.0 63.0 
1.0 46.0 
45.0 49.0 
59.0 66.0 
39.0 62.0 
98.0 91.0 
38.0 31.0 
31.0 16.0 
50.0 39.0 
90.0 32.0 
67.0 91.0 
77.0 95.0 
32.0 86.0 
92.0 4.0 
46.0 52.0 
98.0 87.0 
20.0 77.0 
1.0 95.0 
3.0 78.0 
76.0 21.0 
78.0 43.0 
10.0 5.0 
55.0 72.0 
3.0 13.0 
74.0 75.0 
87.0 84.0 
60.0 8.0 
27.0 15.0 
64.0 45.0 
25.0 95.0 
26.0 35.0 
36.0 40.0 
77.0 29.0 
