1.0
0.3333333333333333
175
0.6056694784760104 0.7966058748959717 
92.0 32.0 
25.0 52.0 
19.0 16.0 
61.0 3.0 
41.0 85.0 
80.0 58.0 
66.0 75.0 
98.0 5.0 
4.0 16.0 
44.0 55.0 
66.0 41.0 
96.0 98.0 
36.0 0.0 
26.0 1.0 
20.0 49.0 
7.0 25.0 
47.0 45.0 
31.0 63.0 
15.0 32.0 
91.0 22.0 
45.0 6.0 
70.0 14.0 
12.0 99.0 
37.0 64.0 
32.0 29.0 
83.0 92.0 
46.0 39.0 
54.0 34.0 
49.0 87.0 
48.0 58.0 
2.0 28.0 
14.0 92.0 
45.0 39.0 
39.0 31.0 
27.0 24.0 
30.0 93.0 
8.0 62.0 
33.0 12.0 
38.0 51.0 
10.0 4.0 
61.0 97.0 
8.0 34.0 
27.0 19.0 
95.0 25.0 
44.0 20.0 
13.0 51.0 
6.0 51.0 
73.0 2.0 
10.0 82.0 
66.0 70.0 
79.0 57.0 
86.0 60.0 
8.0 40.0 
9.0 65.0 
62.0 69.0 
97.0 58.0 
88.0 37.0 
43.0 75.0 
78.0 77.0 
91.0 66.0 
6.0 21.0 
94.0 41.0 
45.0 96.0 
29.0 0.0 
99.0 64.0 
35.0 90.0 
66.0 97.0 
95.0 80.0 
61.0 37.0 
44.0 49.0 
2.0 12.0 
93.0 45.0 
20.0 9.0 
89.0 8.0 
19.0 9.0 
82.0 37.0 
86.0 86.0 
66.0 48.0 
39.0 85.0 
4.0 85.0 
79.0 6.0 
19.0 69.0 
5.0 82.0 
65.0 60.0 
5.0 84.0 
55.0 12.0 
83.0 79.0 
48.0 29.0 
49.0 40.0 
90.0 73.0 
82.0 59.0 
88.0 67.0 
16.0 53.0 
98.0 72.0 
28.0 53.0 
55.0 98.0 
55.0 51.0 
13.0 73.0 
76.0 7.0 
92.0 84.0 
74.0 18.0 
88.0 10.0 
36.0 97.0 
21.0 99.0 
96.0 67.0 
29.0 81.0 
94.0 28.0 
41.0 51.0 
52.0 27.0 
30.0 53.0 
20.0 0.0 
95.0 58.0 
77.0 21.0 
95.0 75.0 
91.0 68.0 
72.0 93.0 
91.0 27.0 
55.0 87.0 
39.0 63.0 
48.0 70.0 
68.0 21.0 
35.0 78.0 
92.0 74.0 
29.0 38.0 
3.0 87.0 
13.0 39.0 
66.0 95.0 
46.0 33.0 
27.0 85.0 
49.0 8.0 
14.0 65.0 
85.0 66.0 
44.0 94.0 
47.0 39.0 
6.0 62.0 
81.0 66.0 
53.0 83.0 
19.0 47.0 
48.0 7.0 
20.0 15.0 
12.0 63.0 
35.0 34.0 
31.0 64.0 
85.0 72.0 
56.0 55.0 
48.0 38.0 
52.0 59.0 
15.0 92.0 
2.0 8.0 
13.0 22.0 
58.0 99.0 
36.0 4.0 
79.0 33.0 
2.0 55.0 
42.0 34.0 
50.0 18.0 
55.0 32.0 
61.0 37.0 
23.0 53.0 
89.0 38.0 
77.0 46.0 
20.0 38.0 
58.0 92.0 
58.0 86.0 
68.0 57.0 
36.0 47.0 
6.0 33.0 
9.0 15.0 
91.0 15.0 
99.0 4.0 
86.0 47.0 
91.0 32.0 
77.0 14.0 
3.0 86.0 
