1.0
1.0
375
0.6465821602909256 0.9513577109193919 
10.0 93.0 
29.0 49.0 
97.0 37.0 
60.0 38.0 
47.0 86.0 
89.0 64.0 
50.0 12.0 
97.0 27.0 
74.0 59.0 
7.0 46.0 
78.0 63.0 
72.0 96.0 
89.0 6.0 
18.0 44.0 
54.0 26.0 
50.0 54.0 
73.0 18.0 
53.0 43.0 
41.0 90.0 
76.0 23.0 
90.0 67.0 
44.0 10.0 
56.0 28.0 
97.0 0.0 
6.0 96.0 
40.0 34.0 
18.0 53.0 
20.0 79.0 
62.0 43.0 
29.0 3.0 
56.0 30.0 
3.0 28.0 
95.0 20.0 
66.0 78.0 
89.0 59.0 
84.0 97.0 
73.0 68.0 
57.0 99.0 
14.0 73.0 
76.0 51.0 
75.0 93.0 
70.0 82.0 
23.0 78.0 
54.0 28.0 
45.0 76.0 
68.0 91.0 
64.0 61.0 
84.0 57.0 
96.0 1.0 
96.0 32.0 
84.0 80.0 
70.0 3.0 
5.0 6.0 
59.0 11.0 
53.0 56.0 
60.0 11.0 
86.0 10.0 
20.0 54.0 
49.0 69.0 
64.0 8.0 
74.0 6.0 
91.0 92.0 
91.0 68.0 
17.0 13.0 
89.0 7.0 
34.0 51.0 
71.0 46.0 
65.0 17.0 
1.0 4.0 
87.0 6.0 
5.0 19.0 
35.0 29.0 
81.0 70.0 
99.0 34.0 
82.0 2.0 
69.0 26.0 
98.0 44.0 
73.0 34.0 
96.0 17.0 
10.0 69.0 
16.0 50.0 
77.0 76.0 
86.0 23.0 
48.0 68.0 
37.0 56.0 
77.0 20.0 
25.0 0.0 
23.0 48.0 
78.0 18.0 
90.0 81.0 
49.0 61.0 
8.0 35.0 
96.0 7.0 
3.0 69.0 
37.0 74.0 
79.0 44.0 
44.0 28.0 
12.0 67.0 
69.0 37.0 
13.0 44.0 
26.0 47.0 
28.0 12.0 
99.0 14.0 
54.0 68.0 
21.0 66.0 
79.0 25.0 
69.0 22.0 
27.0 26.0 
44.0 51.0 
60.0 24.0 
8.0 86.0 
48.0 51.0 
18.0 83.0 
55.0 88.0 
48.0 95.0 
15.0 7.0 
39.0 69.0 
32.0 8.0 
37.0 37.0 
71.0 30.0 
48.0 9.0 
18.0 52.0 
79.0 50.0 
77.0 43.0 
26.0 95.0 
53.0 37.0 
54.0 77.0 
33.0 17.0 
72.0 3.0 
92.0 43.0 
10.0 85.0 
66.0 43.0 
60.0 93.0 
98.0 2.0 
88.0 65.0 
21.0 34.0 
57.0 84.0 
4.0 96.0 
18.0 35.0 
26.0 3.0 
71.0 24.0 
93.0 50.0 
63.0 91.0 
43.0 59.0 
69.0 70.0 
84.0 80.0 
12.0 27.0 
1.0 20.0 
5.0 80.0 
57.0 84.0 
64.0 42.0 
2.0 30.0 
3.0 55.0 
21.0 63.0 
8.0 91.0 
6.0 81.0 
66.0 94.0 
33.0 17.0 
54.0 29.0 
16.0 99.0 
17.0 98.0 
22.0 95.0 
38.0 41.0 
30.0 41.0 
47.0 57.0 
66.0 28.0 
84.0 81.0 
69.0 48.0 
14.0 65.0 
88.0 58.0 
47.0 61.0 
20.0 93.0 
44.0 0.0 
32.0 80.0 
25.0 1.0 
77.0 16.0 
24.0 15.0 
87.0 87.0 
76.0 56.0 
24.0 38.0 
61.0 21.0 
25.0 83.0 
45.0 80.0 
61.0 56.0 
31.0 95.0 
9.0 57.0 
32.0 21.0 
70.0 60.0 
59.0 59.0 
3.0 80.0 
2.0 25.0 
78.0 43.0 
43.0 90.0 
10.0 42.0 
49.0 98.0 
83.0 83.0 
47.0 16.0 
1.0 53.0 
59.0 81.0 
52.0 77.0 
17.0 84.0 
1.0 12.0 
99.0 39.0 
11.0 10.0 
85.0 55.0 
9.0 53.0 
14.0 80.0 
52.0 51.0 
97.0 7.0 
97.0 42.0 
27.0 25.0 
43.0 74.0 
46.0 41.0 
35.0 98.0 
2.0 55.0 
89.0 63.0 
40.0 30.0 
64.0 23.0 
60.0 99.0 
71.0 5.0 
89.0 39.0 
71.0 71.0 
37.0 54.0 
13.0 37.0 
83.0 66.0 
48.0 21.0 
28.0 20.0 
0.0 24.0 
92.0 14.0 
70.0 98.0 
34.0 42.0 
24.0 35.0 
85.0 87.0 
9.0 26.0 
82.0 18.0 
42.0 32.0 
36.0 0.0 
56.0 50.0 
86.0 11.0 
10.0 39.0 
23.0 94.0 
96.0 81.0 
1.0 51.0 
42.0 71.0 
71.0 36.0 
91.0 89.0 
50.0 70.0 
41.0 4.0 
70.0 67.0 
57.0 57.0 
23.0 11.0 
92.0 84.0 
76.0 93.0 
33.0 50.0 
39.0 91.0 
92.0 0.0 
91.0 48.0 
28.0 63.0 
57.0 86.0 
81.0 98.0 
43.0 14.0 
69.0 43.0 
87.0 28.0 
52.0 58.0 
2.0 11.0 
99.0 27.0 
73.0 93.0 
1.0 19.0 
59.0 84.0 
10.0 19.0 
66.0 83.0 
45.0 69.0 
74.0 96.0 
89.0 39.0 
30.0 10.0 
57.0 82.0 
90.0 6.0 
72.0 36.0 
49.0 6.0 
9.0 62.0 
54.0 95.0 
88.0 82.0 
32.0 42.0 
13.0 33.0 
17.0 39.0 
30.0 52.0 
27.0 25.0 
27.0 9.0 
73.0 61.0 
11.0 33.0 
78.0 61.0 
90.0 22.0 
14.0 45.0 
94.0 55.0 
64.0 54.0 
40.0 44.0 
91.0 51.0 
27.0 12.0 
98.0 50.0 
4.0 16.0 
32.0 10.0 
65.0 51.0 
80.0 87.0 
56.0 65.0 
87.0 48.0 
21.0 85.0 
22.0 21.0 
88.0 35.0 
75.0 98.0 
73.0 42.0 
96.0 55.0 
17.0 90.0 
58.0 6.0 
45.0 42.0 
5.0 15.0 
39.0 11.0 
94.0 42.0 
8.0 10.0 
15.0 28.0 
90.0 60.0 
20.0 56.0 
95.0 79.0 
25.0 61.0 
24.0 63.0 
63.0 26.0 
45.0 75.0 
28.0 57.0 
88.0 19.0 
47.0 1.0 
25.0 53.0 
6.0 90.0 
72.0 83.0 
18.0 75.0 
59.0 43.0 
86.0 28.0 
75.0 10.0 
0.0 6.0 
15.0 86.0 
49.0 53.0 
52.0 85.0 
64.0 41.0 
95.0 43.0 
33.0 28.0 
17.0 8.0 
72.0 43.0 
12.0 91.0 
9.0 28.0 
92.0 2.0 
45.0 33.0 
57.0 24.0 
15.0 0.0 
81.0 36.0 
0.0 34.0 
26.0 96.0 
16.0 41.0 
13.0 59.0 
29.0 74.0 
26.0 55.0 
31.0 21.0 
40.0 83.0 
43.0 89.0 
73.0 85.0 
66.0 4.0 
27.0 84.0 
81.0 51.0 
39.0 54.0 
78.0 86.0 
3.0 65.0 
66.0 4.0 
70.0 72.0 
39.0 2.0 
59.0 21.0 
10.0 26.0 
75.0 37.0 
