1.0
1.0
50
0.6827590389804444 0.242347737349892 
37.0 86.0 
35.0 87.0 
16.0 35.0 
1.0 28.0 
53.0 76.0 
64.0 96.0 
67.0 18.0 
45.0 37.0 
47.0 76.0 
47.0 70.0 
81.0 93.0 
7.0 95.0 
6.0 29.0 
77.0 70.0 
40.0 32.0 
24.0 64.0 
84.0 67.0 
11.0 56.0 
30.0 80.0 
96.0 69.0 
32.0 12.0 
9.0 14.0 
20.0 60.0 
55.0 86.0 
92.0 1.0 
66.0 5.0 
76.0 78.0 
92.0 20.0 
47.0 9.0 
65.0 49.0 
3.0 49.0 
16.0 7.0 
48.0 43.0 
69.0 62.0 
72.0 42.0 
39.0 78.0 
88.0 17.0 
18.0 15.0 
3.0 97.0 
93.0 60.0 
87.0 41.0 
73.0 0.0 
25.0 30.0 
94.0 3.0 
19.0 27.0 
36.0 81.0 
70.0 50.0 
2.0 98.0 
47.0 22.0 
