1.0
0.5
250
0.041583698566167726 0.3653921762565622 
62.0 90.0 
67.0 69.0 
97.0 4.0 
24.0 41.0 
87.0 91.0 
71.0 51.0 
19.0 99.0 
16.0 80.0 
67.0 39.0 
19.0 4.0 
32.0 8.0 
65.0 60.0 
71.0 30.0 
92.0 42.0 
49.0 39.0 
68.0 65.0 
25.0 56.0 
98.0 88.0 
25.0 89.0 
3.0 7.0 
18.0 69.0 
28.0 53.0 
18.0 56.0 
28.0 53.0 
89.0 34.0 
92.0 72.0 
4.0 70.0 
80.0 32.0 
97.0 43.0 
12.0 55.0 
75.0 46.0 
97.0 62.0 
19.0 17.0 
94.0 97.0 
81.0 12.0 
91.0 9.0 
29.0 31.0 
16.0 18.0 
45.0 56.0 
16.0 83.0 
79.0 15.0 
12.0 44.0 
81.0 84.0 
95.0 98.0 
81.0 88.0 
13.0 57.0 
48.0 8.0 
44.0 63.0 
35.0 86.0 
75.0 93.0 
28.0 94.0 
50.0 64.0 
15.0 75.0 
95.0 30.0 
44.0 72.0 
11.0 48.0 
34.0 70.0 
40.0 48.0 
31.0 38.0 
51.0 47.0 
26.0 39.0 
35.0 60.0 
63.0 98.0 
92.0 16.0 
21.0 88.0 
55.0 35.0 
14.0 50.0 
55.0 80.0 
33.0 87.0 
85.0 26.0 
68.0 70.0 
69.0 70.0 
41.0 43.0 
0.0 36.0 
70.0 1.0 
86.0 26.0 
17.0 33.0 
41.0 5.0 
99.0 30.0 
5.0 84.0 
34.0 17.0 
56.0 62.0 
31.0 53.0 
70.0 76.0 
50.0 48.0 
49.0 12.0 
67.0 53.0 
54.0 89.0 
85.0 33.0 
64.0 68.0 
89.0 16.0 
94.0 93.0 
86.0 31.0 
89.0 3.0 
82.0 40.0 
76.0 36.0 
94.0 58.0 
31.0 12.0 
79.0 34.0 
4.0 97.0 
27.0 51.0 
32.0 74.0 
30.0 90.0 
31.0 78.0 
85.0 2.0 
11.0 57.0 
10.0 28.0 
43.0 21.0 
20.0 35.0 
33.0 89.0 
63.0 63.0 
4.0 59.0 
24.0 71.0 
96.0 81.0 
53.0 77.0 
0.0 51.0 
63.0 42.0 
62.0 95.0 
65.0 0.0 
15.0 97.0 
18.0 28.0 
26.0 62.0 
24.0 28.0 
15.0 53.0 
52.0 42.0 
82.0 41.0 
10.0 87.0 
85.0 43.0 
4.0 0.0 
87.0 35.0 
3.0 87.0 
2.0 33.0 
27.0 58.0 
51.0 59.0 
89.0 4.0 
27.0 86.0 
19.0 96.0 
94.0 55.0 
15.0 73.0 
80.0 51.0 
29.0 80.0 
3.0 66.0 
59.0 21.0 
92.0 18.0 
80.0 5.0 
95.0 4.0 
16.0 95.0 
42.0 56.0 
90.0 63.0 
11.0 98.0 
24.0 52.0 
21.0 68.0 
53.0 15.0 
8.0 88.0 
63.0 73.0 
41.0 96.0 
36.0 41.0 
2.0 45.0 
42.0 60.0 
40.0 44.0 
5.0 5.0 
29.0 42.0 
8.0 62.0 
17.0 48.0 
69.0 32.0 
9.0 24.0 
40.0 11.0 
55.0 80.0 
36.0 51.0 
59.0 57.0 
36.0 67.0 
98.0 91.0 
36.0 92.0 
17.0 96.0 
70.0 68.0 
29.0 66.0 
85.0 54.0 
97.0 75.0 
4.0 99.0 
78.0 84.0 
0.0 99.0 
10.0 2.0 
91.0 6.0 
36.0 58.0 
11.0 33.0 
13.0 11.0 
2.0 96.0 
36.0 13.0 
61.0 35.0 
45.0 9.0 
77.0 46.0 
51.0 56.0 
60.0 66.0 
19.0 34.0 
22.0 34.0 
73.0 85.0 
74.0 35.0 
86.0 75.0 
26.0 16.0 
61.0 93.0 
78.0 37.0 
12.0 72.0 
50.0 23.0 
50.0 6.0 
29.0 45.0 
18.0 86.0 
94.0 26.0 
15.0 86.0 
25.0 87.0 
63.0 47.0 
35.0 12.0 
39.0 59.0 
63.0 3.0 
64.0 42.0 
78.0 82.0 
33.0 18.0 
86.0 11.0 
46.0 54.0 
58.0 65.0 
32.0 33.0 
50.0 61.0 
19.0 1.0 
57.0 43.0 
8.0 83.0 
5.0 55.0 
4.0 38.0 
55.0 28.0 
47.0 21.0 
4.0 41.0 
18.0 5.0 
13.0 35.0 
68.0 48.0 
71.0 27.0 
15.0 68.0 
23.0 92.0 
23.0 79.0 
28.0 48.0 
93.0 21.0 
75.0 41.0 
18.0 52.0 
56.0 67.0 
55.0 88.0 
38.0 59.0 
1.0 72.0 
69.0 3.0 
18.0 75.0 
89.0 55.0 
38.0 96.0 
96.0 56.0 
