1.0
0.3333333333333333
75
0.8876685319898495 0.8272248866054869 
70.0 65.0 
30.0 25.0 
15.0 11.0 
33.0 22.0 
29.0 94.0 
12.0 41.0 
66.0 95.0 
20.0 43.0 
23.0 46.0 
71.0 5.0 
92.0 32.0 
80.0 26.0 
0.0 36.0 
32.0 40.0 
25.0 10.0 
36.0 29.0 
43.0 84.0 
43.0 0.0 
67.0 41.0 
92.0 83.0 
9.0 50.0 
69.0 70.0 
89.0 75.0 
40.0 35.0 
19.0 40.0 
91.0 24.0 
78.0 58.0 
31.0 78.0 
27.0 14.0 
77.0 38.0 
53.0 97.0 
40.0 91.0 
55.0 10.0 
80.0 95.0 
94.0 40.0 
56.0 7.0 
66.0 75.0 
8.0 26.0 
44.0 90.0 
73.0 42.0 
56.0 55.0 
21.0 56.0 
0.0 36.0 
1.0 38.0 
61.0 91.0 
70.0 98.0 
32.0 93.0 
36.0 29.0 
66.0 31.0 
65.0 5.0 
33.0 17.0 
33.0 57.0 
45.0 52.0 
20.0 64.0 
87.0 68.0 
25.0 45.0 
81.0 75.0 
78.0 53.0 
36.0 65.0 
29.0 10.0 
88.0 33.0 
93.0 73.0 
45.0 29.0 
80.0 68.0 
99.0 95.0 
90.0 87.0 
27.0 60.0 
2.0 40.0 
21.0 45.0 
76.0 57.0 
94.0 40.0 
81.0 18.0 
44.0 96.0 
96.0 56.0 
