1.0
0.5
50
0.3436381337878901 0.27412938377528684 
70.0 36.0 
84.0 1.0 
82.0 67.0 
20.0 33.0 
67.0 21.0 
20.0 90.0 
68.0 65.0 
55.0 68.0 
65.0 34.0 
88.0 48.0 
17.0 85.0 
91.0 43.0 
42.0 97.0 
8.0 33.0 
50.0 70.0 
16.0 51.0 
97.0 96.0 
8.0 14.0 
32.0 27.0 
65.0 62.0 
33.0 80.0 
61.0 35.0 
42.0 11.0 
27.0 72.0 
70.0 9.0 
94.0 37.0 
87.0 60.0 
58.0 19.0 
47.0 57.0 
32.0 60.0 
42.0 86.0 
87.0 81.0 
82.0 30.0 
56.0 1.0 
41.0 22.0 
74.0 82.0 
64.0 42.0 
61.0 99.0 
92.0 69.0 
86.0 21.0 
29.0 47.0 
79.0 3.0 
8.0 69.0 
63.0 10.0 
99.0 10.0 
56.0 93.0 
81.0 72.0 
70.0 6.0 
8.0 53.0 
