1.0
0.3333333333333333
375
0.9246285305290387 0.0029717098611710124 
37.0 93.0 
15.0 51.0 
22.0 9.0 
94.0 87.0 
76.0 58.0 
9.0 10.0 
61.0 32.0 
58.0 17.0 
73.0 63.0 
18.0 57.0 
29.0 79.0 
68.0 22.0 
52.0 37.0 
38.0 60.0 
53.0 9.0 
37.0 38.0 
66.0 84.0 
49.0 77.0 
44.0 52.0 
97.0 47.0 
65.0 98.0 
9.0 10.0 
53.0 47.0 
61.0 27.0 
62.0 93.0 
95.0 8.0 
42.0 38.0 
66.0 19.0 
98.0 47.0 
37.0 76.0 
31.0 63.0 
27.0 63.0 
37.0 70.0 
77.0 98.0 
41.0 21.0 
19.0 74.0 
5.0 95.0 
36.0 6.0 
36.0 70.0 
88.0 88.0 
24.0 48.0 
76.0 65.0 
6.0 50.0 
73.0 52.0 
56.0 56.0 
90.0 15.0 
3.0 31.0 
40.0 25.0 
34.0 19.0 
40.0 16.0 
59.0 56.0 
80.0 79.0 
27.0 77.0 
52.0 4.0 
37.0 72.0 
31.0 45.0 
36.0 41.0 
14.0 0.0 
71.0 2.0 
60.0 66.0 
63.0 40.0 
25.0 72.0 
95.0 92.0 
78.0 53.0 
43.0 21.0 
57.0 89.0 
15.0 13.0 
71.0 26.0 
92.0 15.0 
50.0 47.0 
1.0 21.0 
98.0 89.0 
60.0 20.0 
80.0 29.0 
23.0 30.0 
53.0 76.0 
6.0 42.0 
77.0 9.0 
56.0 78.0 
91.0 11.0 
26.0 90.0 
61.0 79.0 
89.0 49.0 
90.0 56.0 
39.0 42.0 
44.0 22.0 
96.0 33.0 
54.0 80.0 
23.0 68.0 
23.0 24.0 
20.0 42.0 
63.0 54.0 
78.0 3.0 
98.0 12.0 
17.0 2.0 
78.0 9.0 
78.0 18.0 
8.0 40.0 
20.0 83.0 
36.0 96.0 
4.0 70.0 
14.0 18.0 
61.0 85.0 
81.0 43.0 
65.0 66.0 
34.0 29.0 
43.0 42.0 
2.0 77.0 
45.0 30.0 
69.0 67.0 
36.0 54.0 
67.0 41.0 
11.0 54.0 
97.0 9.0 
6.0 79.0 
37.0 47.0 
83.0 18.0 
40.0 84.0 
66.0 67.0 
40.0 66.0 
46.0 30.0 
78.0 88.0 
3.0 59.0 
30.0 52.0 
77.0 44.0 
38.0 44.0 
83.0 72.0 
1.0 7.0 
6.0 6.0 
64.0 90.0 
49.0 93.0 
89.0 56.0 
13.0 59.0 
48.0 82.0 
77.0 49.0 
87.0 11.0 
11.0 3.0 
14.0 72.0 
23.0 39.0 
39.0 68.0 
58.0 85.0 
8.0 48.0 
35.0 14.0 
90.0 46.0 
30.0 82.0 
35.0 67.0 
50.0 5.0 
24.0 47.0 
25.0 29.0 
41.0 9.0 
83.0 94.0 
75.0 32.0 
19.0 38.0 
31.0 78.0 
18.0 0.0 
65.0 60.0 
34.0 4.0 
91.0 39.0 
96.0 62.0 
77.0 22.0 
87.0 5.0 
3.0 48.0 
8.0 59.0 
42.0 45.0 
47.0 39.0 
97.0 45.0 
68.0 26.0 
78.0 93.0 
15.0 14.0 
28.0 15.0 
5.0 33.0 
88.0 60.0 
67.0 91.0 
25.0 45.0 
78.0 63.0 
26.0 68.0 
38.0 20.0 
78.0 57.0 
21.0 84.0 
11.0 81.0 
11.0 54.0 
88.0 30.0 
7.0 97.0 
97.0 69.0 
41.0 69.0 
66.0 61.0 
52.0 78.0 
8.0 9.0 
60.0 39.0 
91.0 70.0 
60.0 22.0 
57.0 31.0 
82.0 11.0 
84.0 10.0 
71.0 74.0 
47.0 44.0 
54.0 41.0 
83.0 64.0 
49.0 12.0 
97.0 64.0 
79.0 89.0 
9.0 29.0 
22.0 43.0 
9.0 3.0 
45.0 83.0 
7.0 86.0 
55.0 77.0 
14.0 15.0 
23.0 25.0 
44.0 66.0 
87.0 7.0 
10.0 45.0 
39.0 18.0 
57.0 26.0 
66.0 53.0 
52.0 27.0 
20.0 86.0 
23.0 79.0 
41.0 97.0 
7.0 92.0 
83.0 13.0 
25.0 56.0 
59.0 14.0 
37.0 41.0 
61.0 7.0 
75.0 27.0 
33.0 66.0 
12.0 52.0 
62.0 67.0 
99.0 42.0 
66.0 50.0 
40.0 65.0 
33.0 29.0 
39.0 99.0 
67.0 6.0 
82.0 82.0 
89.0 62.0 
80.0 66.0 
8.0 75.0 
46.0 5.0 
85.0 72.0 
44.0 79.0 
8.0 99.0 
65.0 22.0 
80.0 68.0 
17.0 47.0 
93.0 74.0 
47.0 39.0 
49.0 42.0 
63.0 81.0 
89.0 96.0 
82.0 77.0 
19.0 61.0 
77.0 14.0 
62.0 6.0 
1.0 81.0 
57.0 53.0 
60.0 40.0 
46.0 87.0 
77.0 98.0 
24.0 82.0 
86.0 4.0 
2.0 56.0 
11.0 8.0 
4.0 29.0 
84.0 69.0 
67.0 6.0 
23.0 28.0 
10.0 87.0 
4.0 26.0 
48.0 86.0 
10.0 0.0 
16.0 50.0 
54.0 84.0 
13.0 88.0 
36.0 17.0 
26.0 57.0 
7.0 74.0 
35.0 31.0 
82.0 60.0 
42.0 61.0 
57.0 99.0 
56.0 60.0 
25.0 15.0 
16.0 60.0 
31.0 20.0 
87.0 68.0 
69.0 99.0 
39.0 71.0 
59.0 32.0 
54.0 4.0 
55.0 82.0 
50.0 85.0 
51.0 78.0 
42.0 16.0 
14.0 88.0 
76.0 91.0 
74.0 6.0 
26.0 54.0 
53.0 47.0 
23.0 83.0 
21.0 49.0 
67.0 78.0 
50.0 20.0 
52.0 99.0 
31.0 12.0 
96.0 21.0 
92.0 37.0 
77.0 81.0 
14.0 26.0 
27.0 60.0 
82.0 59.0 
0.0 18.0 
41.0 92.0 
7.0 80.0 
85.0 87.0 
63.0 57.0 
80.0 41.0 
15.0 85.0 
65.0 70.0 
30.0 99.0 
1.0 36.0 
93.0 13.0 
88.0 7.0 
30.0 18.0 
14.0 31.0 
92.0 32.0 
81.0 65.0 
37.0 39.0 
71.0 31.0 
35.0 91.0 
70.0 0.0 
66.0 54.0 
40.0 68.0 
13.0 98.0 
86.0 58.0 
93.0 34.0 
41.0 16.0 
75.0 19.0 
75.0 99.0 
73.0 31.0 
32.0 89.0 
31.0 11.0 
93.0 35.0 
12.0 6.0 
18.0 60.0 
24.0 38.0 
0.0 25.0 
2.0 29.0 
98.0 74.0 
91.0 88.0 
37.0 83.0 
18.0 53.0 
56.0 12.0 
3.0 4.0 
58.0 58.0 
95.0 70.0 
15.0 36.0 
37.0 93.0 
89.0 9.0 
15.0 11.0 
30.0 52.0 
85.0 96.0 
0.0 58.0 
71.0 55.0 
10.0 99.0 
46.0 35.0 
47.0 22.0 
20.0 4.0 
70.0 91.0 
61.0 18.0 
67.0 91.0 
10.0 24.0 
60.0 95.0 
