1.0
1.0
75
0.10410182458252282 0.6470206251182772 
23.0 87.0 
33.0 43.0 
43.0 24.0 
3.0 63.0 
86.0 18.0 
73.0 92.0 
56.0 91.0 
74.0 86.0 
90.0 70.0 
25.0 52.0 
75.0 58.0 
26.0 85.0 
11.0 50.0 
90.0 79.0 
65.0 77.0 
79.0 0.0 
15.0 31.0 
90.0 0.0 
1.0 47.0 
34.0 31.0 
11.0 23.0 
26.0 21.0 
15.0 6.0 
44.0 16.0 
7.0 52.0 
97.0 22.0 
41.0 1.0 
33.0 88.0 
25.0 20.0 
83.0 66.0 
64.0 94.0 
22.0 20.0 
78.0 40.0 
38.0 95.0 
30.0 50.0 
62.0 26.0 
67.0 26.0 
96.0 24.0 
63.0 45.0 
16.0 15.0 
84.0 13.0 
3.0 74.0 
31.0 85.0 
86.0 32.0 
28.0 37.0 
50.0 58.0 
97.0 5.0 
23.0 43.0 
6.0 49.0 
26.0 42.0 
2.0 36.0 
86.0 12.0 
58.0 51.0 
42.0 17.0 
38.0 29.0 
88.0 59.0 
2.0 64.0 
26.0 17.0 
26.0 21.0 
2.0 70.0 
64.0 66.0 
45.0 93.0 
4.0 15.0 
12.0 8.0 
22.0 75.0 
18.0 14.0 
33.0 24.0 
62.0 74.0 
16.0 13.0 
93.0 44.0 
73.0 81.0 
42.0 22.0 
35.0 62.0 
14.0 56.0 
