1.0
0.5
375
0.2863646786178823 0.3450617965159998 
35.0 18.0 
44.0 87.0 
53.0 73.0 
73.0 67.0 
88.0 56.0 
39.0 91.0 
89.0 16.0 
33.0 21.0 
78.0 31.0 
32.0 80.0 
92.0 47.0 
57.0 52.0 
80.0 72.0 
48.0 40.0 
60.0 31.0 
78.0 74.0 
5.0 28.0 
58.0 45.0 
80.0 70.0 
90.0 77.0 
48.0 87.0 
72.0 42.0 
87.0 31.0 
81.0 31.0 
7.0 86.0 
43.0 7.0 
1.0 63.0 
39.0 43.0 
53.0 47.0 
37.0 8.0 
32.0 63.0 
59.0 70.0 
46.0 98.0 
74.0 38.0 
36.0 22.0 
5.0 29.0 
94.0 7.0 
16.0 51.0 
59.0 45.0 
52.0 56.0 
49.0 24.0 
96.0 21.0 
85.0 79.0 
48.0 18.0 
77.0 41.0 
7.0 23.0 
84.0 81.0 
96.0 89.0 
95.0 64.0 
34.0 97.0 
4.0 57.0 
1.0 36.0 
45.0 28.0 
69.0 14.0 
56.0 20.0 
69.0 41.0 
94.0 51.0 
29.0 49.0 
39.0 13.0 
96.0 46.0 
59.0 94.0 
5.0 14.0 
67.0 57.0 
62.0 21.0 
95.0 86.0 
76.0 55.0 
81.0 18.0 
99.0 22.0 
88.0 22.0 
9.0 66.0 
58.0 54.0 
73.0 26.0 
28.0 85.0 
45.0 51.0 
43.0 63.0 
40.0 3.0 
68.0 10.0 
31.0 28.0 
89.0 82.0 
45.0 36.0 
20.0 0.0 
75.0 98.0 
89.0 94.0 
22.0 91.0 
88.0 5.0 
30.0 31.0 
65.0 96.0 
47.0 58.0 
0.0 81.0 
63.0 16.0 
37.0 98.0 
56.0 81.0 
12.0 30.0 
5.0 97.0 
11.0 65.0 
48.0 4.0 
20.0 94.0 
90.0 26.0 
30.0 92.0 
99.0 19.0 
41.0 50.0 
2.0 5.0 
58.0 25.0 
8.0 23.0 
89.0 79.0 
41.0 79.0 
74.0 65.0 
43.0 72.0 
31.0 80.0 
79.0 2.0 
23.0 54.0 
12.0 74.0 
68.0 69.0 
83.0 13.0 
32.0 74.0 
69.0 6.0 
10.0 92.0 
39.0 61.0 
0.0 26.0 
55.0 80.0 
9.0 67.0 
58.0 84.0 
57.0 93.0 
58.0 28.0 
36.0 58.0 
22.0 18.0 
76.0 8.0 
64.0 98.0 
96.0 83.0 
61.0 46.0 
85.0 14.0 
57.0 80.0 
85.0 62.0 
91.0 3.0 
31.0 27.0 
93.0 80.0 
26.0 85.0 
77.0 28.0 
34.0 94.0 
12.0 44.0 
76.0 27.0 
20.0 74.0 
3.0 20.0 
61.0 24.0 
99.0 34.0 
20.0 18.0 
15.0 40.0 
94.0 32.0 
92.0 46.0 
37.0 6.0 
64.0 83.0 
30.0 57.0 
29.0 69.0 
76.0 87.0 
57.0 23.0 
5.0 22.0 
83.0 59.0 
66.0 21.0 
78.0 74.0 
94.0 0.0 
7.0 13.0 
55.0 3.0 
61.0 49.0 
21.0 0.0 
44.0 36.0 
4.0 50.0 
73.0 39.0 
69.0 61.0 
42.0 48.0 
94.0 35.0 
31.0 9.0 
63.0 12.0 
49.0 86.0 
76.0 71.0 
20.0 41.0 
39.0 66.0 
58.0 60.0 
24.0 17.0 
23.0 81.0 
18.0 30.0 
0.0 58.0 
98.0 12.0 
89.0 58.0 
98.0 9.0 
28.0 85.0 
99.0 94.0 
67.0 96.0 
19.0 64.0 
86.0 1.0 
18.0 69.0 
1.0 82.0 
82.0 30.0 
1.0 40.0 
66.0 71.0 
22.0 96.0 
48.0 87.0 
34.0 21.0 
90.0 51.0 
77.0 6.0 
74.0 58.0 
76.0 64.0 
39.0 20.0 
53.0 83.0 
16.0 36.0 
13.0 6.0 
41.0 43.0 
33.0 88.0 
60.0 67.0 
92.0 7.0 
77.0 81.0 
81.0 37.0 
55.0 40.0 
40.0 18.0 
75.0 19.0 
71.0 89.0 
81.0 78.0 
95.0 29.0 
42.0 16.0 
62.0 7.0 
11.0 89.0 
95.0 71.0 
3.0 63.0 
85.0 53.0 
64.0 19.0 
70.0 55.0 
61.0 72.0 
12.0 13.0 
16.0 99.0 
3.0 52.0 
3.0 45.0 
62.0 95.0 
58.0 74.0 
90.0 4.0 
59.0 54.0 
17.0 40.0 
35.0 43.0 
20.0 95.0 
49.0 35.0 
48.0 59.0 
32.0 56.0 
88.0 91.0 
58.0 83.0 
36.0 67.0 
75.0 33.0 
19.0 75.0 
1.0 61.0 
62.0 49.0 
98.0 54.0 
80.0 33.0 
56.0 3.0 
66.0 1.0 
2.0 90.0 
60.0 62.0 
7.0 91.0 
19.0 86.0 
60.0 84.0 
50.0 63.0 
60.0 10.0 
0.0 88.0 
67.0 82.0 
16.0 35.0 
77.0 85.0 
39.0 67.0 
52.0 85.0 
8.0 41.0 
48.0 14.0 
57.0 39.0 
0.0 86.0 
71.0 56.0 
62.0 2.0 
76.0 31.0 
9.0 25.0 
28.0 95.0 
67.0 58.0 
72.0 44.0 
65.0 98.0 
65.0 0.0 
43.0 67.0 
30.0 13.0 
8.0 1.0 
5.0 6.0 
79.0 24.0 
59.0 97.0 
66.0 19.0 
48.0 29.0 
92.0 16.0 
1.0 54.0 
74.0 92.0 
18.0 83.0 
7.0 42.0 
96.0 38.0 
84.0 36.0 
27.0 35.0 
31.0 79.0 
14.0 70.0 
96.0 97.0 
68.0 82.0 
54.0 16.0 
51.0 85.0 
60.0 13.0 
56.0 66.0 
15.0 6.0 
53.0 91.0 
4.0 85.0 
87.0 51.0 
68.0 19.0 
69.0 91.0 
53.0 26.0 
18.0 58.0 
93.0 8.0 
75.0 11.0 
89.0 76.0 
65.0 0.0 
99.0 42.0 
45.0 69.0 
41.0 39.0 
87.0 58.0 
25.0 71.0 
69.0 21.0 
75.0 16.0 
56.0 60.0 
74.0 40.0 
26.0 47.0 
75.0 87.0 
78.0 39.0 
57.0 58.0 
14.0 76.0 
46.0 88.0 
59.0 32.0 
95.0 95.0 
38.0 1.0 
93.0 71.0 
52.0 72.0 
84.0 40.0 
60.0 77.0 
18.0 85.0 
17.0 37.0 
37.0 86.0 
95.0 45.0 
43.0 22.0 
31.0 97.0 
95.0 62.0 
62.0 60.0 
48.0 63.0 
67.0 95.0 
82.0 66.0 
37.0 2.0 
89.0 99.0 
65.0 34.0 
14.0 0.0 
26.0 98.0 
10.0 68.0 
42.0 37.0 
5.0 48.0 
16.0 95.0 
12.0 16.0 
96.0 24.0 
67.0 83.0 
27.0 48.0 
74.0 38.0 
38.0 95.0 
60.0 76.0 
66.0 4.0 
25.0 92.0 
32.0 51.0 
49.0 23.0 
71.0 22.0 
62.0 97.0 
27.0 18.0 
75.0 78.0 
82.0 78.0 
27.0 10.0 
78.0 52.0 
5.0 34.0 
