1.0
0.3333333333333333
100
0.9877251671270187 0.029890556760838183 
68.0 23.0 
31.0 42.0 
24.0 94.0 
6.0 38.0 
18.0 93.0 
7.0 49.0 
10.0 49.0 
94.0 43.0 
87.0 68.0 
42.0 28.0 
0.0 33.0 
75.0 83.0 
71.0 57.0 
50.0 46.0 
58.0 95.0 
63.0 42.0 
78.0 1.0 
94.0 3.0 
74.0 55.0 
36.0 88.0 
70.0 34.0 
50.0 18.0 
23.0 45.0 
40.0 58.0 
6.0 88.0 
92.0 81.0 
0.0 39.0 
94.0 79.0 
76.0 37.0 
36.0 44.0 
33.0 79.0 
31.0 56.0 
64.0 75.0 
81.0 47.0 
78.0 82.0 
34.0 61.0 
10.0 38.0 
5.0 46.0 
49.0 93.0 
95.0 94.0 
59.0 8.0 
72.0 4.0 
11.0 16.0 
51.0 54.0 
29.0 47.0 
49.0 3.0 
67.0 3.0 
78.0 48.0 
34.0 76.0 
71.0 44.0 
86.0 79.0 
35.0 18.0 
44.0 87.0 
53.0 73.0 
73.0 67.0 
88.0 56.0 
39.0 91.0 
89.0 16.0 
33.0 21.0 
78.0 31.0 
32.0 80.0 
92.0 47.0 
57.0 52.0 
80.0 72.0 
48.0 40.0 
60.0 31.0 
78.0 74.0 
5.0 28.0 
58.0 45.0 
80.0 70.0 
90.0 77.0 
48.0 87.0 
72.0 42.0 
87.0 31.0 
81.0 31.0 
7.0 86.0 
43.0 7.0 
1.0 63.0 
39.0 43.0 
53.0 47.0 
37.0 8.0 
32.0 63.0 
59.0 70.0 
46.0 98.0 
74.0 38.0 
36.0 22.0 
5.0 29.0 
94.0 7.0 
16.0 51.0 
59.0 45.0 
52.0 56.0 
49.0 24.0 
96.0 21.0 
85.0 79.0 
48.0 18.0 
77.0 41.0 
7.0 23.0 
84.0 81.0 
96.0 89.0 
