1.0
1.0
75
0.27900698296986537 0.8718412956013716 
63.0 15.0 
68.0 53.0 
92.0 85.0 
76.0 41.0 
58.0 17.0 
98.0 53.0 
43.0 95.0 
95.0 1.0 
53.0 97.0 
22.0 3.0 
8.0 26.0 
86.0 21.0 
86.0 88.0 
55.0 8.0 
94.0 74.0 
47.0 21.0 
75.0 77.0 
40.0 38.0 
6.0 9.0 
88.0 16.0 
43.0 76.0 
22.0 94.0 
47.0 71.0 
73.0 41.0 
64.0 33.0 
80.0 72.0 
78.0 49.0 
8.0 59.0 
19.0 44.0 
97.0 45.0 
24.0 96.0 
15.0 55.0 
2.0 16.0 
2.0 92.0 
19.0 37.0 
90.0 70.0 
48.0 26.0 
0.0 35.0 
64.0 92.0 
38.0 90.0 
0.0 52.0 
57.0 88.0 
95.0 15.0 
49.0 24.0 
6.0 65.0 
0.0 99.0 
37.0 5.0 
24.0 12.0 
4.0 8.0 
12.0 80.0 
8.0 29.0 
20.0 34.0 
30.0 18.0 
84.0 75.0 
2.0 2.0 
44.0 64.0 
14.0 51.0 
5.0 85.0 
57.0 46.0 
94.0 95.0 
72.0 6.0 
13.0 57.0 
36.0 90.0 
77.0 17.0 
94.0 55.0 
50.0 70.0 
21.0 65.0 
59.0 25.0 
72.0 17.0 
53.0 61.0 
72.0 58.0 
96.0 44.0 
32.0 14.0 
19.0 89.0 
