1.0
0.5
500
0.40890160982435064 0.04054074692524379 
28.0 37.0 
50.0 58.0 
97.0 5.0 
23.0 43.0 
6.0 49.0 
26.0 42.0 
2.0 36.0 
86.0 12.0 
58.0 51.0 
42.0 17.0 
38.0 29.0 
88.0 59.0 
2.0 64.0 
26.0 17.0 
26.0 21.0 
2.0 70.0 
64.0 66.0 
45.0 93.0 
4.0 15.0 
12.0 8.0 
22.0 75.0 
18.0 14.0 
33.0 24.0 
62.0 74.0 
16.0 13.0 
93.0 44.0 
73.0 81.0 
42.0 22.0 
35.0 62.0 
14.0 56.0 
97.0 75.0 
7.0 5.0 
74.0 39.0 
1.0 40.0 
88.0 86.0 
95.0 28.0 
47.0 70.0 
45.0 28.0 
51.0 76.0 
30.0 83.0 
22.0 25.0 
77.0 60.0 
72.0 1.0 
69.0 7.0 
74.0 75.0 
21.0 33.0 
2.0 14.0 
31.0 13.0 
77.0 79.0 
57.0 51.0 
74.0 59.0 
58.0 90.0 
71.0 18.0 
71.0 18.0 
43.0 60.0 
30.0 32.0 
27.0 27.0 
9.0 31.0 
27.0 5.0 
28.0 43.0 
36.0 98.0 
24.0 13.0 
43.0 11.0 
24.0 59.0 
77.0 19.0 
86.0 82.0 
11.0 43.0 
76.0 58.0 
69.0 62.0 
45.0 21.0 
26.0 18.0 
90.0 96.0 
39.0 66.0 
81.0 23.0 
69.0 69.0 
85.0 56.0 
63.0 60.0 
42.0 60.0 
13.0 80.0 
40.0 78.0 
2.0 43.0 
71.0 45.0 
12.0 33.0 
36.0 89.0 
77.0 74.0 
15.0 9.0 
12.0 43.0 
90.0 40.0 
19.0 27.0 
6.0 13.0 
72.0 77.0 
34.0 26.0 
74.0 0.0 
77.0 46.0 
84.0 2.0 
29.0 7.0 
49.0 62.0 
65.0 3.0 
20.0 89.0 
72.0 46.0 
76.0 8.0 
68.0 26.0 
89.0 56.0 
10.0 18.0 
37.0 46.0 
64.0 45.0 
18.0 86.0 
57.0 87.0 
81.0 71.0 
97.0 99.0 
44.0 94.0 
97.0 65.0 
69.0 61.0 
43.0 74.0 
49.0 43.0 
11.0 45.0 
65.0 90.0 
8.0 11.0 
4.0 72.0 
90.0 69.0 
36.0 18.0 
10.0 16.0 
24.0 46.0 
9.0 98.0 
33.0 57.0 
59.0 94.0 
16.0 67.0 
26.0 4.0 
50.0 48.0 
51.0 61.0 
89.0 87.0 
84.0 91.0 
0.0 1.0 
85.0 54.0 
55.0 99.0 
90.0 38.0 
1.0 8.0 
81.0 28.0 
89.0 71.0 
98.0 24.0 
60.0 82.0 
54.0 29.0 
41.0 69.0 
22.0 37.0 
5.0 54.0 
93.0 95.0 
58.0 54.0 
41.0 36.0 
38.0 32.0 
56.0 9.0 
32.0 57.0 
94.0 7.0 
2.0 44.0 
56.0 97.0 
50.0 44.0 
31.0 59.0 
1.0 21.0 
15.0 90.0 
83.0 80.0 
52.0 95.0 
96.0 92.0 
74.0 53.0 
60.0 54.0 
89.0 90.0 
17.0 0.0 
87.0 54.0 
76.0 18.0 
35.0 64.0 
30.0 49.0 
92.0 33.0 
96.0 89.0 
62.0 3.0 
25.0 15.0 
22.0 55.0 
98.0 28.0 
72.0 79.0 
58.0 78.0 
58.0 44.0 
29.0 57.0 
0.0 55.0 
59.0 21.0 
50.0 59.0 
86.0 42.0 
91.0 48.0 
49.0 92.0 
68.0 39.0 
53.0 3.0 
54.0 27.0 
42.0 83.0 
34.0 34.0 
77.0 74.0 
53.0 16.0 
32.0 39.0 
96.0 14.0 
35.0 10.0 
38.0 51.0 
68.0 46.0 
13.0 90.0 
88.0 26.0 
67.0 7.0 
67.0 49.0 
97.0 19.0 
69.0 44.0 
87.0 51.0 
67.0 75.0 
75.0 4.0 
5.0 97.0 
77.0 7.0 
72.0 52.0 
32.0 72.0 
35.0 13.0 
3.0 65.0 
74.0 76.0 
42.0 45.0 
0.0 33.0 
3.0 38.0 
97.0 23.0 
30.0 40.0 
86.0 26.0 
49.0 48.0 
44.0 80.0 
86.0 77.0 
95.0 12.0 
47.0 63.0 
24.0 21.0 
59.0 86.0 
85.0 34.0 
67.0 13.0 
51.0 98.0 
96.0 45.0 
23.0 98.0 
48.0 60.0 
98.0 19.0 
16.0 8.0 
42.0 84.0 
4.0 29.0 
97.0 97.0 
75.0 1.0 
68.0 97.0 
99.0 0.0 
35.0 57.0 
49.0 44.0 
77.0 33.0 
42.0 0.0 
10.0 86.0 
69.0 26.0 
60.0 79.0 
76.0 49.0 
7.0 89.0 
82.0 89.0 
10.0 26.0 
92.0 26.0 
99.0 28.0 
93.0 68.0 
99.0 71.0 
61.0 31.0 
10.0 85.0 
9.0 46.0 
58.0 55.0 
12.0 97.0 
28.0 66.0 
73.0 36.0 
77.0 96.0 
64.0 46.0 
46.0 32.0 
89.0 44.0 
46.0 20.0 
69.0 88.0 
93.0 46.0 
65.0 34.0 
74.0 15.0 
32.0 75.0 
83.0 80.0 
92.0 47.0 
77.0 51.0 
97.0 37.0 
92.0 30.0 
49.0 23.0 
32.0 91.0 
17.0 15.0 
81.0 89.0 
81.0 29.0 
34.0 14.0 
31.0 2.0 
36.0 98.0 
82.0 11.0 
63.0 27.0 
66.0 0.0 
9.0 27.0 
29.0 49.0 
86.0 24.0 
61.0 51.0 
34.0 28.0 
72.0 86.0 
46.0 37.0 
81.0 34.0 
91.0 27.0 
89.0 40.0 
73.0 48.0 
2.0 37.0 
66.0 57.0 
5.0 7.0 
32.0 73.0 
38.0 55.0 
24.0 86.0 
89.0 70.0 
53.0 84.0 
40.0 83.0 
94.0 9.0 
79.0 67.0 
3.0 43.0 
94.0 1.0 
97.0 19.0 
5.0 13.0 
88.0 79.0 
86.0 12.0 
73.0 91.0 
29.0 41.0 
97.0 71.0 
52.0 52.0 
97.0 93.0 
87.0 36.0 
54.0 34.0 
26.0 62.0 
52.0 40.0 
70.0 8.0 
23.0 12.0 
42.0 0.0 
2.0 65.0 
42.0 52.0 
99.0 62.0 
27.0 76.0 
96.0 47.0 
59.0 79.0 
24.0 23.0 
88.0 13.0 
67.0 47.0 
24.0 33.0 
36.0 71.0 
31.0 23.0 
97.0 7.0 
64.0 35.0 
81.0 60.0 
11.0 30.0 
86.0 53.0 
4.0 41.0 
6.0 44.0 
57.0 36.0 
72.0 78.0 
98.0 7.0 
67.0 76.0 
82.0 72.0 
98.0 29.0 
39.0 42.0 
24.0 69.0 
27.0 47.0 
64.0 71.0 
70.0 66.0 
50.0 31.0 
3.0 71.0 
69.0 22.0 
22.0 68.0 
72.0 27.0 
45.0 80.0 
72.0 32.0 
95.0 46.0 
15.0 90.0 
58.0 21.0 
63.0 86.0 
37.0 35.0 
66.0 66.0 
42.0 17.0 
18.0 40.0 
79.0 10.0 
70.0 9.0 
84.0 36.0 
76.0 61.0 
25.0 24.0 
7.0 15.0 
89.0 37.0 
28.0 56.0 
1.0 65.0 
60.0 26.0 
89.0 59.0 
84.0 16.0 
61.0 37.0 
46.0 89.0 
41.0 21.0 
90.0 45.0 
31.0 24.0 
53.0 99.0 
65.0 20.0 
65.0 1.0 
92.0 39.0 
57.0 30.0 
50.0 62.0 
48.0 11.0 
49.0 6.0 
82.0 38.0 
97.0 10.0 
15.0 72.0 
64.0 21.0 
35.0 93.0 
66.0 32.0 
20.0 91.0 
68.0 98.0 
83.0 91.0 
37.0 96.0 
15.0 11.0 
75.0 27.0 
63.0 14.0 
52.0 35.0 
81.0 57.0 
19.0 38.0 
60.0 56.0 
99.0 87.0 
84.0 49.0 
70.0 58.0 
51.0 69.0 
58.0 22.0 
52.0 97.0 
79.0 29.0 
15.0 99.0 
18.0 79.0 
63.0 15.0 
68.0 53.0 
92.0 85.0 
76.0 41.0 
58.0 17.0 
98.0 53.0 
43.0 95.0 
95.0 1.0 
53.0 97.0 
22.0 3.0 
8.0 26.0 
86.0 21.0 
86.0 88.0 
55.0 8.0 
94.0 74.0 
47.0 21.0 
75.0 77.0 
40.0 38.0 
6.0 9.0 
88.0 16.0 
43.0 76.0 
22.0 94.0 
47.0 71.0 
73.0 41.0 
64.0 33.0 
80.0 72.0 
78.0 49.0 
8.0 59.0 
19.0 44.0 
97.0 45.0 
24.0 96.0 
15.0 55.0 
2.0 16.0 
2.0 92.0 
19.0 37.0 
90.0 70.0 
48.0 26.0 
0.0 35.0 
64.0 92.0 
38.0 90.0 
0.0 52.0 
57.0 88.0 
95.0 15.0 
49.0 24.0 
6.0 65.0 
0.0 99.0 
37.0 5.0 
24.0 12.0 
4.0 8.0 
12.0 80.0 
8.0 29.0 
20.0 34.0 
30.0 18.0 
84.0 75.0 
2.0 2.0 
44.0 64.0 
14.0 51.0 
5.0 85.0 
57.0 46.0 
94.0 95.0 
72.0 6.0 
13.0 57.0 
36.0 90.0 
77.0 17.0 
94.0 55.0 
50.0 70.0 
21.0 65.0 
59.0 25.0 
72.0 17.0 
53.0 61.0 
72.0 58.0 
96.0 44.0 
32.0 14.0 
19.0 89.0 
42.0 76.0 
