1.0
1.0
250
0.9109767983474275 0.19428341341570132 
71.0 85.0 
60.0 7.0 
98.0 70.0 
53.0 79.0 
0.0 66.0 
7.0 38.0 
45.0 89.0 
36.0 36.0 
84.0 17.0 
59.0 9.0 
60.0 16.0 
7.0 77.0 
97.0 69.0 
28.0 87.0 
0.0 94.0 
83.0 77.0 
53.0 96.0 
43.0 63.0 
63.0 84.0 
36.0 42.0 
63.0 63.0 
1.0 57.0 
91.0 81.0 
63.0 72.0 
10.0 20.0 
60.0 34.0 
56.0 16.0 
10.0 21.0 
12.0 3.0 
91.0 84.0 
46.0 11.0 
11.0 65.0 
39.0 59.0 
14.0 92.0 
48.0 72.0 
72.0 41.0 
95.0 52.0 
3.0 6.0 
50.0 65.0 
99.0 49.0 
78.0 12.0 
74.0 78.0 
11.0 77.0 
71.0 84.0 
37.0 56.0 
41.0 58.0 
39.0 62.0 
40.0 32.0 
14.0 62.0 
8.0 68.0 
42.0 25.0 
67.0 24.0 
68.0 1.0 
85.0 34.0 
70.0 27.0 
84.0 8.0 
91.0 14.0 
49.0 25.0 
13.0 17.0 
9.0 73.0 
6.0 87.0 
77.0 21.0 
80.0 65.0 
65.0 95.0 
48.0 56.0 
93.0 97.0 
28.0 9.0 
70.0 56.0 
98.0 11.0 
76.0 80.0 
36.0 45.0 
73.0 11.0 
47.0 73.0 
85.0 89.0 
33.0 21.0 
26.0 87.0 
6.0 60.0 
83.0 28.0 
0.0 1.0 
0.0 64.0 
82.0 57.0 
49.0 83.0 
95.0 27.0 
77.0 27.0 
52.0 37.0 
47.0 94.0 
68.0 77.0 
91.0 20.0 
17.0 90.0 
95.0 59.0 
99.0 37.0 
48.0 49.0 
81.0 4.0 
96.0 20.0 
88.0 98.0 
27.0 41.0 
4.0 6.0 
1.0 88.0 
22.0 50.0 
95.0 11.0 
4.0 76.0 
54.0 53.0 
81.0 48.0 
94.0 46.0 
93.0 96.0 
2.0 90.0 
4.0 73.0 
67.0 68.0 
75.0 83.0 
71.0 24.0 
27.0 0.0 
31.0 33.0 
79.0 6.0 
68.0 69.0 
86.0 96.0 
33.0 30.0 
69.0 91.0 
50.0 92.0 
12.0 14.0 
6.0 61.0 
7.0 27.0 
58.0 8.0 
20.0 37.0 
93.0 49.0 
72.0 23.0 
0.0 6.0 
74.0 11.0 
95.0 60.0 
89.0 17.0 
55.0 93.0 
59.0 71.0 
83.0 38.0 
63.0 39.0 
54.0 17.0 
40.0 23.0 
67.0 29.0 
86.0 20.0 
71.0 10.0 
38.0 21.0 
69.0 81.0 
72.0 55.0 
43.0 52.0 
37.0 55.0 
14.0 18.0 
11.0 20.0 
80.0 98.0 
80.0 72.0 
45.0 10.0 
6.0 30.0 
50.0 25.0 
45.0 63.0 
68.0 38.0 
24.0 86.0 
22.0 24.0 
19.0 80.0 
38.0 34.0 
43.0 12.0 
53.0 98.0 
51.0 36.0 
91.0 99.0 
10.0 51.0 
85.0 1.0 
9.0 87.0 
75.0 23.0 
6.0 27.0 
86.0 79.0 
9.0 98.0 
34.0 24.0 
48.0 73.0 
42.0 33.0 
70.0 8.0 
69.0 6.0 
29.0 40.0 
97.0 38.0 
16.0 94.0 
71.0 4.0 
20.0 0.0 
25.0 38.0 
59.0 5.0 
84.0 27.0 
67.0 79.0 
55.0 72.0 
69.0 39.0 
93.0 32.0 
66.0 42.0 
63.0 94.0 
72.0 4.0 
10.0 92.0 
78.0 71.0 
51.0 65.0 
1.0 56.0 
2.0 67.0 
43.0 69.0 
61.0 64.0 
9.0 91.0 
21.0 44.0 
46.0 69.0 
80.0 44.0 
64.0 60.0 
41.0 57.0 
78.0 36.0 
94.0 10.0 
0.0 87.0 
12.0 40.0 
62.0 95.0 
88.0 10.0 
42.0 12.0 
72.0 30.0 
33.0 14.0 
4.0 32.0 
45.0 60.0 
94.0 8.0 
25.0 50.0 
65.0 6.0 
11.0 43.0 
10.0 43.0 
36.0 20.0 
22.0 79.0 
31.0 2.0 
97.0 63.0 
89.0 19.0 
59.0 11.0 
38.0 12.0 
88.0 12.0 
52.0 78.0 
82.0 17.0 
84.0 7.0 
75.0 21.0 
29.0 36.0 
74.0 99.0 
9.0 82.0 
19.0 14.0 
48.0 53.0 
71.0 14.0 
52.0 33.0 
71.0 23.0 
60.0 96.0 
92.0 17.0 
45.0 82.0 
79.0 45.0 
50.0 25.0 
59.0 0.0 
80.0 4.0 
92.0 18.0 
78.0 86.0 
8.0 67.0 
44.0 87.0 
77.0 34.0 
6.0 44.0 
