1.0
0.5
375
0.8688704074375085 0.6057499256303062 
83.0 79.0 
48.0 29.0 
49.0 40.0 
90.0 73.0 
82.0 59.0 
88.0 67.0 
16.0 53.0 
98.0 72.0 
28.0 53.0 
55.0 98.0 
55.0 51.0 
13.0 73.0 
76.0 7.0 
92.0 84.0 
74.0 18.0 
88.0 10.0 
36.0 97.0 
21.0 99.0 
96.0 67.0 
29.0 81.0 
94.0 28.0 
41.0 51.0 
52.0 27.0 
30.0 53.0 
20.0 0.0 
95.0 58.0 
77.0 21.0 
95.0 75.0 
91.0 68.0 
72.0 93.0 
91.0 27.0 
55.0 87.0 
39.0 63.0 
48.0 70.0 
68.0 21.0 
35.0 78.0 
92.0 74.0 
29.0 38.0 
3.0 87.0 
13.0 39.0 
66.0 95.0 
46.0 33.0 
27.0 85.0 
49.0 8.0 
14.0 65.0 
85.0 66.0 
44.0 94.0 
47.0 39.0 
6.0 62.0 
81.0 66.0 
53.0 83.0 
19.0 47.0 
48.0 7.0 
20.0 15.0 
12.0 63.0 
35.0 34.0 
31.0 64.0 
85.0 72.0 
56.0 55.0 
48.0 38.0 
52.0 59.0 
15.0 92.0 
2.0 8.0 
13.0 22.0 
58.0 99.0 
36.0 4.0 
79.0 33.0 
2.0 55.0 
42.0 34.0 
50.0 18.0 
55.0 32.0 
61.0 37.0 
23.0 53.0 
89.0 38.0 
77.0 46.0 
20.0 38.0 
58.0 92.0 
58.0 86.0 
68.0 57.0 
36.0 47.0 
6.0 33.0 
9.0 15.0 
91.0 15.0 
99.0 4.0 
86.0 47.0 
91.0 32.0 
77.0 14.0 
3.0 86.0 
33.0 73.0 
32.0 79.0 
29.0 51.0 
4.0 23.0 
92.0 18.0 
10.0 29.0 
86.0 21.0 
29.0 8.0 
16.0 3.0 
96.0 92.0 
99.0 44.0 
27.0 12.0 
91.0 59.0 
71.0 24.0 
45.0 92.0 
4.0 43.0 
23.0 16.0 
88.0 12.0 
88.0 37.0 
72.0 83.0 
98.0 36.0 
79.0 60.0 
21.0 87.0 
95.0 3.0 
70.0 31.0 
41.0 66.0 
70.0 29.0 
17.0 12.0 
2.0 32.0 
39.0 23.0 
47.0 35.0 
68.0 98.0 
27.0 58.0 
79.0 9.0 
50.0 65.0 
93.0 89.0 
96.0 34.0 
1.0 67.0 
99.0 79.0 
43.0 1.0 
65.0 33.0 
88.0 18.0 
57.0 9.0 
22.0 12.0 
59.0 16.0 
25.0 64.0 
87.0 34.0 
24.0 97.0 
62.0 75.0 
35.0 60.0 
64.0 67.0 
23.0 89.0 
77.0 52.0 
65.0 35.0 
62.0 71.0 
61.0 83.0 
77.0 51.0 
9.0 11.0 
26.0 18.0 
1.0 36.0 
82.0 10.0 
50.0 31.0 
58.0 63.0 
16.0 53.0 
28.0 7.0 
39.0 12.0 
76.0 91.0 
9.0 30.0 
26.0 86.0 
85.0 63.0 
2.0 13.0 
55.0 19.0 
94.0 95.0 
76.0 57.0 
52.0 41.0 
59.0 28.0 
82.0 89.0 
74.0 97.0 
35.0 19.0 
59.0 34.0 
36.0 75.0 
50.0 2.0 
93.0 84.0 
12.0 65.0 
39.0 65.0 
6.0 23.0 
41.0 49.0 
12.0 14.0 
51.0 3.0 
21.0 17.0 
19.0 89.0 
36.0 76.0 
5.0 24.0 
90.0 65.0 
54.0 21.0 
78.0 64.0 
36.0 50.0 
46.0 80.0 
36.0 67.0 
59.0 43.0 
76.0 80.0 
41.0 24.0 
41.0 49.0 
98.0 4.0 
70.0 17.0 
45.0 58.0 
76.0 68.0 
7.0 12.0 
81.0 40.0 
20.0 32.0 
64.0 75.0 
12.0 59.0 
34.0 28.0 
46.0 30.0 
23.0 43.0 
23.0 74.0 
52.0 74.0 
24.0 58.0 
73.0 7.0 
29.0 16.0 
33.0 24.0 
42.0 81.0 
70.0 15.0 
68.0 24.0 
18.0 26.0 
53.0 65.0 
7.0 34.0 
46.0 47.0 
47.0 53.0 
66.0 14.0 
49.0 77.0 
47.0 39.0 
56.0 37.0 
36.0 8.0 
14.0 35.0 
22.0 4.0 
44.0 48.0 
97.0 21.0 
97.0 69.0 
28.0 91.0 
70.0 95.0 
30.0 16.0 
42.0 53.0 
15.0 99.0 
34.0 45.0 
85.0 47.0 
34.0 77.0 
64.0 74.0 
32.0 21.0 
18.0 98.0 
31.0 59.0 
69.0 27.0 
53.0 41.0 
87.0 42.0 
41.0 35.0 
63.0 87.0 
63.0 77.0 
65.0 30.0 
14.0 62.0 
88.0 89.0 
57.0 84.0 
69.0 58.0 
75.0 6.0 
1.0 31.0 
68.0 44.0 
44.0 44.0 
72.0 53.0 
57.0 16.0 
54.0 96.0 
98.0 1.0 
51.0 57.0 
0.0 58.0 
19.0 86.0 
32.0 86.0 
37.0 42.0 
13.0 91.0 
78.0 31.0 
21.0 49.0 
51.0 17.0 
55.0 38.0 
44.0 31.0 
80.0 3.0 
33.0 49.0 
79.0 41.0 
92.0 59.0 
75.0 29.0 
38.0 90.0 
16.0 9.0 
27.0 89.0 
69.0 13.0 
86.0 36.0 
92.0 91.0 
82.0 28.0 
17.0 48.0 
58.0 90.0 
90.0 23.0 
55.0 31.0 
56.0 59.0 
23.0 57.0 
62.0 32.0 
7.0 92.0 
47.0 23.0 
94.0 43.0 
42.0 32.0 
82.0 70.0 
10.0 54.0 
17.0 90.0 
44.0 27.0 
89.0 77.0 
25.0 41.0 
36.0 53.0 
89.0 33.0 
90.0 19.0 
90.0 26.0 
64.0 22.0 
63.0 34.0 
67.0 50.0 
12.0 86.0 
28.0 52.0 
51.0 72.0 
47.0 50.0 
37.0 14.0 
26.0 81.0 
7.0 56.0 
42.0 29.0 
65.0 19.0 
58.0 5.0 
12.0 26.0 
69.0 42.0 
32.0 31.0 
95.0 59.0 
61.0 63.0 
11.0 73.0 
95.0 62.0 
83.0 45.0 
54.0 39.0 
81.0 35.0 
84.0 80.0 
74.0 92.0 
5.0 6.0 
23.0 84.0 
1.0 35.0 
31.0 26.0 
48.0 4.0 
48.0 87.0 
48.0 55.0 
97.0 46.0 
73.0 76.0 
17.0 9.0 
61.0 44.0 
59.0 69.0 
8.0 34.0 
25.0 83.0 
97.0 48.0 
48.0 64.0 
55.0 77.0 
10.0 31.0 
9.0 35.0 
11.0 90.0 
37.0 21.0 
86.0 35.0 
41.0 72.0 
24.0 56.0 
78.0 7.0 
79.0 19.0 
97.0 19.0 
40.0 16.0 
64.0 36.0 
15.0 93.0 
74.0 19.0 
4.0 37.0 
65.0 57.0 
60.0 92.0 
5.0 99.0 
23.0 7.0 
82.0 27.0 
28.0 3.0 
34.0 78.0 
75.0 57.0 
93.0 12.0 
65.0 81.0 
46.0 32.0 
51.0 76.0 
51.0 67.0 
23.0 65.0 
62.0 32.0 
