1.0
0.3333333333333333
75
0.150900438667936 0.9783518348621937 
93.0 46.0 
65.0 34.0 
74.0 15.0 
32.0 75.0 
83.0 80.0 
92.0 47.0 
77.0 51.0 
97.0 37.0 
92.0 30.0 
49.0 23.0 
32.0 91.0 
17.0 15.0 
81.0 89.0 
81.0 29.0 
34.0 14.0 
31.0 2.0 
36.0 98.0 
82.0 11.0 
63.0 27.0 
66.0 0.0 
9.0 27.0 
29.0 49.0 
86.0 24.0 
61.0 51.0 
34.0 28.0 
72.0 86.0 
46.0 37.0 
81.0 34.0 
91.0 27.0 
89.0 40.0 
73.0 48.0 
2.0 37.0 
66.0 57.0 
5.0 7.0 
32.0 73.0 
38.0 55.0 
24.0 86.0 
89.0 70.0 
53.0 84.0 
40.0 83.0 
94.0 9.0 
79.0 67.0 
3.0 43.0 
94.0 1.0 
97.0 19.0 
5.0 13.0 
88.0 79.0 
86.0 12.0 
73.0 91.0 
29.0 41.0 
97.0 71.0 
52.0 52.0 
97.0 93.0 
87.0 36.0 
54.0 34.0 
26.0 62.0 
52.0 40.0 
70.0 8.0 
23.0 12.0 
42.0 0.0 
2.0 65.0 
42.0 52.0 
99.0 62.0 
27.0 76.0 
96.0 47.0 
59.0 79.0 
24.0 23.0 
88.0 13.0 
67.0 47.0 
24.0 33.0 
36.0 71.0 
31.0 23.0 
97.0 7.0 
64.0 35.0 
