1.0
0.5
250
0.6872808619047478 0.09382647225774199 
80.0 75.0 
2.0 49.0 
1.0 99.0 
18.0 80.0 
8.0 29.0 
41.0 71.0 
39.0 11.0 
90.0 35.0 
85.0 37.0 
46.0 79.0 
79.0 38.0 
56.0 15.0 
52.0 80.0 
29.0 49.0 
60.0 6.0 
91.0 17.0 
49.0 88.0 
4.0 57.0 
81.0 3.0 
39.0 10.0 
88.0 90.0 
94.0 31.0 
43.0 57.0 
36.0 48.0 
83.0 64.0 
15.0 14.0 
36.0 40.0 
78.0 34.0 
37.0 22.0 
96.0 7.0 
37.0 61.0 
89.0 62.0 
45.0 55.0 
23.0 37.0 
68.0 15.0 
11.0 0.0 
12.0 58.0 
10.0 28.0 
6.0 13.0 
61.0 45.0 
22.0 39.0 
55.0 64.0 
86.0 48.0 
41.0 50.0 
61.0 53.0 
14.0 73.0 
72.0 39.0 
74.0 9.0 
27.0 92.0 
90.0 45.0 
79.0 57.0 
77.0 16.0 
96.0 10.0 
73.0 51.0 
99.0 70.0 
66.0 95.0 
10.0 43.0 
12.0 52.0 
82.0 15.0 
92.0 8.0 
39.0 67.0 
20.0 2.0 
10.0 97.0 
52.0 46.0 
29.0 51.0 
30.0 71.0 
45.0 91.0 
91.0 32.0 
57.0 57.0 
91.0 64.0 
95.0 82.0 
14.0 20.0 
79.0 63.0 
73.0 55.0 
56.0 34.0 
69.0 74.0 
7.0 37.0 
32.0 27.0 
7.0 39.0 
76.0 73.0 
42.0 25.0 
64.0 93.0 
39.0 6.0 
15.0 18.0 
41.0 36.0 
1.0 66.0 
69.0 71.0 
87.0 86.0 
61.0 20.0 
46.0 65.0 
3.0 51.0 
34.0 54.0 
84.0 53.0 
49.0 39.0 
86.0 17.0 
10.0 26.0 
2.0 42.0 
21.0 23.0 
96.0 22.0 
62.0 96.0 
41.0 94.0 
66.0 10.0 
27.0 15.0 
59.0 19.0 
67.0 69.0 
67.0 90.0 
99.0 79.0 
55.0 63.0 
40.0 62.0 
31.0 32.0 
75.0 39.0 
62.0 93.0 
65.0 40.0 
36.0 59.0 
81.0 63.0 
31.0 29.0 
14.0 60.0 
59.0 59.0 
1.0 8.0 
15.0 9.0 
35.0 34.0 
5.0 77.0 
22.0 42.0 
54.0 17.0 
42.0 13.0 
54.0 31.0 
48.0 61.0 
59.0 15.0 
79.0 50.0 
18.0 42.0 
98.0 69.0 
96.0 29.0 
50.0 5.0 
62.0 31.0 
4.0 55.0 
11.0 47.0 
24.0 40.0 
43.0 54.0 
25.0 60.0 
53.0 40.0 
2.0 17.0 
67.0 59.0 
46.0 79.0 
31.0 54.0 
8.0 21.0 
62.0 31.0 
61.0 76.0 
51.0 1.0 
62.0 57.0 
81.0 91.0 
67.0 21.0 
19.0 94.0 
75.0 51.0 
18.0 51.0 
35.0 72.0 
66.0 81.0 
88.0 95.0 
1.0 70.0 
16.0 68.0 
80.0 88.0 
36.0 19.0 
68.0 32.0 
13.0 28.0 
73.0 63.0 
47.0 41.0 
67.0 94.0 
15.0 56.0 
54.0 84.0 
62.0 97.0 
88.0 90.0 
9.0 0.0 
95.0 98.0 
60.0 42.0 
68.0 81.0 
99.0 70.0 
26.0 60.0 
39.0 52.0 
12.0 2.0 
24.0 0.0 
22.0 37.0 
67.0 76.0 
33.0 54.0 
68.0 33.0 
1.0 63.0 
38.0 56.0 
59.0 60.0 
90.0 91.0 
36.0 65.0 
66.0 30.0 
65.0 72.0 
58.0 3.0 
15.0 30.0 
77.0 62.0 
75.0 53.0 
18.0 70.0 
22.0 26.0 
84.0 2.0 
62.0 20.0 
13.0 88.0 
12.0 17.0 
47.0 80.0 
70.0 0.0 
91.0 12.0 
39.0 81.0 
42.0 96.0 
71.0 62.0 
10.0 48.0 
17.0 63.0 
11.0 28.0 
63.0 72.0 
21.0 0.0 
72.0 66.0 
88.0 52.0 
86.0 40.0 
26.0 4.0 
15.0 16.0 
25.0 68.0 
54.0 75.0 
27.0 32.0 
86.0 6.0 
96.0 39.0 
82.0 40.0 
34.0 54.0 
93.0 9.0 
27.0 91.0 
47.0 8.0 
22.0 95.0 
37.0 1.0 
81.0 18.0 
61.0 69.0 
1.0 83.0 
33.0 11.0 
84.0 40.0 
14.0 17.0 
19.0 72.0 
38.0 48.0 
40.0 23.0 
63.0 93.0 
32.0 7.0 
83.0 10.0 
50.0 9.0 
88.0 60.0 
35.0 96.0 
25.0 91.0 
62.0 6.0 
72.0 24.0 
23.0 88.0 
16.0 58.0 
32.0 9.0 
