1.0
1.0
250
0.29181144003414694 0.2028556949149627 
14.0 31.0 
88.0 35.0 
24.0 31.0 
91.0 71.0 
0.0 25.0 
10.0 51.0 
33.0 38.0 
81.0 56.0 
86.0 43.0 
53.0 18.0 
10.0 90.0 
9.0 68.0 
81.0 37.0 
47.0 78.0 
71.0 74.0 
52.0 33.0 
97.0 59.0 
79.0 1.0 
89.0 55.0 
24.0 85.0 
14.0 67.0 
35.0 15.0 
93.0 19.0 
65.0 62.0 
24.0 49.0 
63.0 98.0 
53.0 57.0 
79.0 35.0 
20.0 66.0 
85.0 31.0 
49.0 77.0 
81.0 22.0 
48.0 88.0 
78.0 64.0 
47.0 54.0 
70.0 54.0 
82.0 2.0 
27.0 9.0 
10.0 69.0 
68.0 84.0 
4.0 77.0 
96.0 0.0 
71.0 57.0 
35.0 99.0 
41.0 75.0 
50.0 19.0 
70.0 6.0 
62.0 97.0 
14.0 48.0 
2.0 31.0 
1.0 27.0 
22.0 70.0 
26.0 25.0 
76.0 12.0 
65.0 26.0 
57.0 69.0 
58.0 0.0 
37.0 97.0 
6.0 49.0 
80.0 56.0 
41.0 55.0 
68.0 86.0 
87.0 88.0 
36.0 62.0 
21.0 9.0 
76.0 94.0 
23.0 27.0 
36.0 4.0 
7.0 78.0 
35.0 93.0 
61.0 15.0 
60.0 23.0 
18.0 72.0 
64.0 32.0 
68.0 74.0 
87.0 46.0 
16.0 38.0 
90.0 69.0 
67.0 52.0 
18.0 78.0 
11.0 50.0 
70.0 94.0 
81.0 90.0 
99.0 90.0 
17.0 32.0 
40.0 95.0 
90.0 99.0 
42.0 61.0 
32.0 91.0 
98.0 78.0 
40.0 19.0 
43.0 76.0 
30.0 68.0 
52.0 75.0 
74.0 62.0 
25.0 23.0 
77.0 63.0 
73.0 30.0 
16.0 71.0 
59.0 83.0 
91.0 12.0 
8.0 70.0 
32.0 79.0 
3.0 14.0 
83.0 19.0 
56.0 73.0 
46.0 57.0 
58.0 24.0 
18.0 66.0 
69.0 61.0 
53.0 46.0 
84.0 62.0 
75.0 9.0 
98.0 75.0 
15.0 63.0 
82.0 66.0 
47.0 40.0 
81.0 27.0 
8.0 11.0 
98.0 31.0 
88.0 78.0 
12.0 0.0 
19.0 40.0 
68.0 60.0 
73.0 94.0 
95.0 54.0 
87.0 83.0 
16.0 74.0 
20.0 22.0 
67.0 36.0 
27.0 90.0 
33.0 1.0 
71.0 6.0 
20.0 9.0 
13.0 11.0 
12.0 21.0 
71.0 27.0 
56.0 96.0 
66.0 51.0 
34.0 58.0 
47.0 90.0 
33.0 18.0 
4.0 69.0 
77.0 73.0 
98.0 88.0 
82.0 5.0 
42.0 27.0 
18.0 90.0 
8.0 93.0 
26.0 9.0 
27.0 34.0 
20.0 90.0 
24.0 50.0 
50.0 48.0 
99.0 87.0 
91.0 16.0 
60.0 81.0 
83.0 2.0 
92.0 34.0 
26.0 14.0 
67.0 17.0 
33.0 79.0 
14.0 83.0 
89.0 74.0 
29.0 12.0 
41.0 6.0 
87.0 88.0 
98.0 27.0 
19.0 16.0 
76.0 81.0 
63.0 28.0 
48.0 59.0 
72.0 71.0 
69.0 33.0 
92.0 92.0 
39.0 72.0 
0.0 39.0 
34.0 89.0 
14.0 26.0 
45.0 65.0 
64.0 70.0 
71.0 92.0 
44.0 39.0 
68.0 32.0 
71.0 11.0 
76.0 17.0 
57.0 38.0 
29.0 87.0 
82.0 12.0 
87.0 64.0 
67.0 51.0 
37.0 9.0 
64.0 45.0 
84.0 76.0 
19.0 19.0 
27.0 60.0 
47.0 28.0 
2.0 56.0 
18.0 17.0 
80.0 85.0 
1.0 57.0 
92.0 87.0 
81.0 12.0 
81.0 8.0 
83.0 96.0 
25.0 34.0 
69.0 53.0 
56.0 27.0 
41.0 48.0 
82.0 19.0 
23.0 35.0 
78.0 13.0 
47.0 3.0 
8.0 25.0 
17.0 90.0 
6.0 26.0 
5.0 61.0 
55.0 12.0 
11.0 6.0 
0.0 42.0 
19.0 32.0 
31.0 7.0 
35.0 52.0 
87.0 39.0 
73.0 94.0 
58.0 2.0 
44.0 37.0 
15.0 20.0 
52.0 64.0 
95.0 12.0 
30.0 40.0 
67.0 95.0 
10.0 94.0 
64.0 31.0 
56.0 6.0 
91.0 9.0 
98.0 38.0 
25.0 68.0 
56.0 60.0 
98.0 98.0 
13.0 89.0 
87.0 34.0 
10.0 63.0 
14.0 31.0 
73.0 45.0 
33.0 52.0 
76.0 81.0 
86.0 11.0 
98.0 87.0 
