1.0
0.5
100
0.9817901576332624 0.5037036329582638 
77.0 58.0 
86.0 20.0 
61.0 22.0 
6.0 25.0 
73.0 10.0 
73.0 83.0 
49.0 13.0 
22.0 57.0 
12.0 54.0 
94.0 52.0 
81.0 47.0 
68.0 17.0 
89.0 69.0 
95.0 62.0 
3.0 35.0 
90.0 5.0 
66.0 93.0 
65.0 94.0 
24.0 40.0 
62.0 81.0 
48.0 47.0 
87.0 5.0 
50.0 68.0 
60.0 95.0 
32.0 46.0 
69.0 10.0 
25.0 75.0 
25.0 79.0 
66.0 51.0 
6.0 45.0 
32.0 52.0 
77.0 16.0 
21.0 27.0 
71.0 56.0 
13.0 76.0 
5.0 10.0 
32.0 9.0 
21.0 63.0 
86.0 19.0 
81.0 4.0 
58.0 79.0 
10.0 45.0 
36.0 35.0 
35.0 37.0 
27.0 79.0 
59.0 63.0 
23.0 29.0 
2.0 45.0 
69.0 73.0 
79.0 62.0 
7.0 81.0 
15.0 98.0 
67.0 36.0 
74.0 2.0 
5.0 9.0 
87.0 41.0 
41.0 94.0 
78.0 95.0 
51.0 24.0 
50.0 15.0 
49.0 77.0 
42.0 36.0 
3.0 32.0 
33.0 98.0 
90.0 66.0 
41.0 88.0 
59.0 82.0 
1.0 24.0 
29.0 80.0 
23.0 78.0 
90.0 29.0 
13.0 17.0 
90.0 23.0 
52.0 86.0 
9.0 93.0 
23.0 54.0 
23.0 67.0 
38.0 44.0 
71.0 20.0 
70.0 54.0 
1.0 59.0 
38.0 74.0 
1.0 36.0 
77.0 53.0 
84.0 72.0 
67.0 99.0 
18.0 69.0 
34.0 52.0 
19.0 21.0 
73.0 47.0 
88.0 89.0 
60.0 86.0 
69.0 51.0 
39.0 23.0 
60.0 61.0 
50.0 66.0 
77.0 60.0 
30.0 64.0 
61.0 20.0 
