1.0
1.0
75
0.17764354767093782 0.231772295406649 
52.0 30.0 
16.0 0.0 
56.0 55.0 
2.0 44.0 
82.0 65.0 
25.0 75.0 
29.0 80.0 
27.0 0.0 
28.0 52.0 
20.0 96.0 
94.0 40.0 
18.0 17.0 
48.0 94.0 
8.0 83.0 
40.0 45.0 
1.0 1.0 
69.0 6.0 
72.0 3.0 
89.0 0.0 
69.0 16.0 
14.0 71.0 
31.0 47.0 
20.0 81.0 
80.0 91.0 
90.0 20.0 
49.0 96.0 
33.0 99.0 
10.0 48.0 
50.0 76.0 
28.0 75.0 
11.0 39.0 
64.0 95.0 
8.0 65.0 
95.0 33.0 
52.0 95.0 
48.0 61.0 
7.0 18.0 
81.0 84.0 
28.0 24.0 
86.0 9.0 
20.0 2.0 
28.0 49.0 
18.0 63.0 
25.0 80.0 
50.0 60.0 
62.0 2.0 
77.0 73.0 
54.0 6.0 
18.0 75.0 
31.0 34.0 
71.0 32.0 
12.0 4.0 
51.0 37.0 
56.0 94.0 
68.0 6.0 
57.0 34.0 
67.0 77.0 
97.0 48.0 
60.0 81.0 
47.0 48.0 
4.0 98.0 
32.0 67.0 
28.0 84.0 
60.0 38.0 
95.0 48.0 
51.0 23.0 
9.0 34.0 
80.0 29.0 
48.0 19.0 
1.0 87.0 
73.0 27.0 
18.0 41.0 
71.0 25.0 
0.0 52.0 
