1.0
0.3333333333333333
50
0.054357709417166444 0.6165708602774932 
21.0 44.0 
85.0 11.0 
54.0 38.0 
82.0 38.0 
21.0 51.0 
19.0 11.0 
5.0 1.0 
84.0 38.0 
93.0 26.0 
98.0 50.0 
44.0 60.0 
64.0 62.0 
7.0 60.0 
85.0 21.0 
64.0 33.0 
36.0 40.0 
36.0 48.0 
92.0 4.0 
85.0 84.0 
60.0 21.0 
90.0 41.0 
15.0 61.0 
65.0 78.0 
46.0 98.0 
38.0 11.0 
71.0 32.0 
30.0 15.0 
6.0 59.0 
87.0 11.0 
48.0 90.0 
91.0 25.0 
7.0 40.0 
69.0 89.0 
5.0 72.0 
27.0 21.0 
80.0 24.0 
30.0 60.0 
34.0 98.0 
28.0 77.0 
64.0 44.0 
68.0 59.0 
28.0 46.0 
13.0 67.0 
69.0 70.0 
64.0 76.0 
8.0 28.0 
88.0 34.0 
12.0 0.0 
12.0 65.0 
