1.0
1.0
250
0.27425368494356983 0.7745340889031407 
92.0 32.0 
80.0 26.0 
0.0 36.0 
32.0 40.0 
25.0 10.0 
36.0 29.0 
43.0 84.0 
43.0 0.0 
67.0 41.0 
92.0 83.0 
9.0 50.0 
69.0 70.0 
89.0 75.0 
40.0 35.0 
19.0 40.0 
91.0 24.0 
78.0 58.0 
31.0 78.0 
27.0 14.0 
77.0 38.0 
53.0 97.0 
40.0 91.0 
55.0 10.0 
80.0 95.0 
94.0 40.0 
56.0 7.0 
66.0 75.0 
8.0 26.0 
44.0 90.0 
73.0 42.0 
56.0 55.0 
21.0 56.0 
0.0 36.0 
1.0 38.0 
61.0 91.0 
70.0 98.0 
32.0 93.0 
36.0 29.0 
66.0 31.0 
65.0 5.0 
33.0 17.0 
33.0 57.0 
45.0 52.0 
20.0 64.0 
87.0 68.0 
25.0 45.0 
81.0 75.0 
78.0 53.0 
36.0 65.0 
29.0 10.0 
88.0 33.0 
93.0 73.0 
45.0 29.0 
80.0 68.0 
99.0 95.0 
90.0 87.0 
27.0 60.0 
2.0 40.0 
21.0 45.0 
76.0 57.0 
94.0 40.0 
81.0 18.0 
44.0 96.0 
96.0 56.0 
97.0 99.0 
12.0 38.0 
57.0 78.0 
8.0 86.0 
12.0 14.0 
31.0 20.0 
79.0 22.0 
67.0 84.0 
24.0 52.0 
71.0 25.0 
5.0 54.0 
22.0 51.0 
14.0 71.0 
24.0 18.0 
55.0 27.0 
25.0 8.0 
64.0 11.0 
69.0 10.0 
28.0 69.0 
46.0 50.0 
65.0 76.0 
37.0 93.0 
98.0 48.0 
96.0 40.0 
33.0 18.0 
53.0 89.0 
84.0 12.0 
56.0 46.0 
74.0 68.0 
84.0 0.0 
26.0 66.0 
23.0 18.0 
95.0 4.0 
73.0 73.0 
45.0 78.0 
22.0 56.0 
41.0 46.0 
31.0 7.0 
0.0 98.0 
17.0 8.0 
72.0 86.0 
0.0 54.0 
71.0 69.0 
4.0 44.0 
62.0 73.0 
21.0 78.0 
63.0 35.0 
76.0 73.0 
12.0 48.0 
95.0 21.0 
23.0 89.0 
70.0 97.0 
7.0 41.0 
5.0 61.0 
68.0 71.0 
34.0 39.0 
8.0 67.0 
35.0 49.0 
18.0 99.0 
93.0 24.0 
19.0 99.0 
68.0 59.0 
56.0 29.0 
23.0 58.0 
3.0 43.0 
24.0 8.0 
27.0 10.0 
81.0 40.0 
59.0 61.0 
50.0 49.0 
32.0 23.0 
71.0 82.0 
70.0 50.0 
95.0 50.0 
28.0 5.0 
99.0 87.0 
88.0 29.0 
68.0 35.0 
90.0 84.0 
55.0 40.0 
90.0 66.0 
51.0 16.0 
61.0 49.0 
47.0 13.0 
17.0 89.0 
31.0 26.0 
58.0 22.0 
88.0 96.0 
44.0 19.0 
79.0 69.0 
15.0 95.0 
49.0 79.0 
1.0 9.0 
46.0 49.0 
89.0 56.0 
70.0 35.0 
43.0 5.0 
69.0 15.0 
45.0 71.0 
35.0 49.0 
22.0 30.0 
31.0 83.0 
18.0 68.0 
9.0 42.0 
81.0 37.0 
36.0 54.0 
73.0 97.0 
21.0 24.0 
62.0 88.0 
22.0 66.0 
61.0 69.0 
47.0 47.0 
81.0 8.0 
90.0 19.0 
10.0 63.0 
19.0 47.0 
85.0 76.0 
67.0 57.0 
98.0 6.0 
35.0 31.0 
41.0 97.0 
85.0 40.0 
19.0 63.0 
66.0 49.0 
4.0 61.0 
91.0 99.0 
22.0 80.0 
33.0 62.0 
80.0 30.0 
29.0 30.0 
66.0 37.0 
2.0 36.0 
43.0 10.0 
26.0 17.0 
28.0 54.0 
12.0 87.0 
76.0 91.0 
67.0 69.0 
88.0 46.0 
24.0 66.0 
14.0 62.0 
25.0 22.0 
43.0 95.0 
90.0 69.0 
25.0 48.0 
63.0 41.0 
47.0 37.0 
76.0 54.0 
66.0 57.0 
85.0 65.0 
54.0 30.0 
65.0 35.0 
99.0 6.0 
9.0 0.0 
50.0 68.0 
11.0 88.0 
60.0 48.0 
17.0 76.0 
97.0 20.0 
65.0 26.0 
3.0 62.0 
43.0 16.0 
94.0 31.0 
45.0 32.0 
20.0 57.0 
99.0 74.0 
74.0 73.0 
18.0 54.0 
21.0 15.0 
96.0 44.0 
79.0 75.0 
7.0 54.0 
63.0 98.0 
7.0 45.0 
56.0 14.0 
18.0 0.0 
58.0 79.0 
89.0 31.0 
42.0 63.0 
77.0 48.0 
80.0 89.0 
9.0 12.0 
32.0 19.0 
20.0 36.0 
7.0 17.0 
