1.0
1.0
100
0.8177359020065559 0.3579713697688063 
61.0 49.0 
47.0 13.0 
17.0 89.0 
31.0 26.0 
58.0 22.0 
88.0 96.0 
44.0 19.0 
79.0 69.0 
15.0 95.0 
49.0 79.0 
1.0 9.0 
46.0 49.0 
89.0 56.0 
70.0 35.0 
43.0 5.0 
69.0 15.0 
45.0 71.0 
35.0 49.0 
22.0 30.0 
31.0 83.0 
18.0 68.0 
9.0 42.0 
81.0 37.0 
36.0 54.0 
73.0 97.0 
21.0 24.0 
62.0 88.0 
22.0 66.0 
61.0 69.0 
47.0 47.0 
81.0 8.0 
90.0 19.0 
10.0 63.0 
19.0 47.0 
85.0 76.0 
67.0 57.0 
98.0 6.0 
35.0 31.0 
41.0 97.0 
85.0 40.0 
19.0 63.0 
66.0 49.0 
4.0 61.0 
91.0 99.0 
22.0 80.0 
33.0 62.0 
80.0 30.0 
29.0 30.0 
66.0 37.0 
2.0 36.0 
43.0 10.0 
26.0 17.0 
28.0 54.0 
12.0 87.0 
76.0 91.0 
67.0 69.0 
88.0 46.0 
24.0 66.0 
14.0 62.0 
25.0 22.0 
43.0 95.0 
90.0 69.0 
25.0 48.0 
63.0 41.0 
47.0 37.0 
76.0 54.0 
66.0 57.0 
85.0 65.0 
54.0 30.0 
65.0 35.0 
99.0 6.0 
9.0 0.0 
50.0 68.0 
11.0 88.0 
60.0 48.0 
17.0 76.0 
97.0 20.0 
65.0 26.0 
3.0 62.0 
43.0 16.0 
94.0 31.0 
45.0 32.0 
20.0 57.0 
99.0 74.0 
74.0 73.0 
18.0 54.0 
21.0 15.0 
96.0 44.0 
79.0 75.0 
7.0 54.0 
63.0 98.0 
7.0 45.0 
56.0 14.0 
18.0 0.0 
58.0 79.0 
89.0 31.0 
42.0 63.0 
77.0 48.0 
80.0 89.0 
