1.0
0.5
175
0.38769864850456404 0.1510953932752609 
10.0 85.0 
14.0 50.0 
60.0 89.0 
61.0 39.0 
53.0 53.0 
1.0 27.0 
51.0 31.0 
79.0 60.0 
66.0 90.0 
34.0 1.0 
35.0 76.0 
4.0 80.0 
11.0 67.0 
27.0 24.0 
91.0 80.0 
7.0 23.0 
26.0 52.0 
76.0 67.0 
22.0 14.0 
65.0 59.0 
24.0 29.0 
19.0 61.0 
48.0 23.0 
52.0 98.0 
17.0 96.0 
71.0 34.0 
3.0 86.0 
40.0 6.0 
78.0 29.0 
69.0 96.0 
90.0 59.0 
56.0 22.0 
64.0 49.0 
74.0 92.0 
5.0 78.0 
62.0 4.0 
59.0 2.0 
70.0 44.0 
46.0 30.0 
58.0 23.0 
12.0 79.0 
70.0 16.0 
32.0 52.0 
50.0 16.0 
42.0 53.0 
10.0 30.0 
36.0 70.0 
5.0 38.0 
97.0 14.0 
39.0 96.0 
6.0 26.0 
91.0 72.0 
38.0 31.0 
30.0 86.0 
84.0 95.0 
54.0 7.0 
0.0 30.0 
39.0 43.0 
11.0 9.0 
67.0 18.0 
96.0 16.0 
83.0 35.0 
15.0 26.0 
93.0 87.0 
21.0 26.0 
89.0 51.0 
99.0 93.0 
9.0 41.0 
72.0 31.0 
28.0 14.0 
90.0 35.0 
48.0 98.0 
17.0 91.0 
38.0 83.0 
63.0 57.0 
27.0 71.0 
32.0 48.0 
70.0 6.0 
9.0 7.0 
9.0 53.0 
20.0 93.0 
91.0 2.0 
31.0 29.0 
27.0 40.0 
82.0 44.0 
62.0 50.0 
96.0 42.0 
3.0 3.0 
55.0 6.0 
24.0 69.0 
60.0 50.0 
17.0 37.0 
29.0 59.0 
49.0 3.0 
5.0 33.0 
16.0 84.0 
18.0 95.0 
57.0 20.0 
78.0 63.0 
50.0 33.0 
36.0 5.0 
50.0 10.0 
43.0 83.0 
91.0 56.0 
6.0 17.0 
83.0 73.0 
30.0 58.0 
46.0 94.0 
93.0 91.0 
74.0 23.0 
7.0 99.0 
43.0 75.0 
42.0 29.0 
7.0 70.0 
17.0 66.0 
81.0 68.0 
6.0 15.0 
10.0 34.0 
18.0 59.0 
21.0 76.0 
61.0 97.0 
0.0 6.0 
90.0 62.0 
45.0 76.0 
34.0 98.0 
34.0 94.0 
60.0 66.0 
42.0 20.0 
46.0 89.0 
12.0 95.0 
35.0 55.0 
17.0 21.0 
28.0 36.0 
68.0 79.0 
94.0 17.0 
53.0 90.0 
45.0 79.0 
16.0 56.0 
55.0 41.0 
22.0 73.0 
21.0 79.0 
62.0 70.0 
59.0 69.0 
80.0 33.0 
28.0 89.0 
62.0 3.0 
36.0 30.0 
17.0 51.0 
89.0 82.0 
54.0 37.0 
49.0 91.0 
2.0 95.0 
54.0 10.0 
29.0 87.0 
73.0 20.0 
82.0 14.0 
1.0 50.0 
29.0 41.0 
40.0 45.0 
5.0 11.0 
69.0 36.0 
16.0 55.0 
16.0 70.0 
98.0 28.0 
6.0 76.0 
90.0 31.0 
97.0 67.0 
81.0 0.0 
72.0 22.0 
76.0 96.0 
73.0 67.0 
29.0 67.0 
4.0 40.0 
54.0 59.0 
