1.0
1.0
100
0.4725959154177344 0.06588851907829607 
1.0 68.0 
19.0 41.0 
31.0 60.0 
84.0 58.0 
15.0 1.0 
0.0 54.0 
11.0 85.0 
70.0 58.0 
14.0 19.0 
16.0 39.0 
46.0 0.0 
21.0 79.0 
36.0 96.0 
76.0 26.0 
88.0 66.0 
93.0 79.0 
52.0 54.0 
68.0 34.0 
10.0 51.0 
46.0 36.0 
23.0 94.0 
40.0 47.0 
11.0 50.0 
56.0 61.0 
11.0 44.0 
91.0 4.0 
1.0 55.0 
53.0 32.0 
62.0 38.0 
54.0 0.0 
72.0 19.0 
98.0 51.0 
35.0 60.0 
1.0 19.0 
90.0 40.0 
57.0 85.0 
79.0 31.0 
23.0 1.0 
91.0 35.0 
16.0 75.0 
29.0 8.0 
32.0 79.0 
23.0 27.0 
92.0 41.0 
34.0 12.0 
73.0 30.0 
91.0 1.0 
42.0 20.0 
37.0 75.0 
76.0 77.0 
51.0 15.0 
42.0 8.0 
24.0 86.0 
63.0 28.0 
5.0 7.0 
46.0 33.0 
57.0 30.0 
13.0 65.0 
95.0 3.0 
27.0 68.0 
93.0 88.0 
0.0 84.0 
13.0 48.0 
92.0 96.0 
44.0 53.0 
27.0 72.0 
59.0 81.0 
76.0 2.0 
46.0 77.0 
89.0 97.0 
65.0 87.0 
60.0 96.0 
15.0 82.0 
76.0 61.0 
5.0 12.0 
93.0 91.0 
63.0 96.0 
31.0 69.0 
62.0 18.0 
2.0 78.0 
54.0 32.0 
20.0 66.0 
68.0 62.0 
24.0 72.0 
73.0 46.0 
2.0 91.0 
9.0 3.0 
51.0 94.0 
18.0 1.0 
31.0 79.0 
50.0 62.0 
43.0 43.0 
31.0 91.0 
54.0 37.0 
71.0 9.0 
68.0 33.0 
80.0 51.0 
5.0 74.0 
57.0 62.0 
