1.0
0.3333333333333333
50
0.3774076558696099 0.034766940666213 
10.0 0.0 
38.0 94.0 
83.0 27.0 
29.0 99.0 
48.0 71.0 
95.0 61.0 
54.0 18.0 
73.0 21.0 
47.0 76.0 
99.0 47.0 
87.0 94.0 
44.0 76.0 
83.0 61.0 
27.0 29.0 
29.0 11.0 
40.0 52.0 
56.0 24.0 
80.0 13.0 
63.0 82.0 
79.0 69.0 
71.0 61.0 
92.0 30.0 
54.0 47.0 
36.0 12.0 
2.0 9.0 
85.0 66.0 
99.0 9.0 
18.0 58.0 
92.0 80.0 
16.0 80.0 
36.0 30.0 
63.0 85.0 
56.0 15.0 
34.0 69.0 
39.0 97.0 
38.0 34.0 
43.0 86.0 
6.0 92.0 
82.0 21.0 
97.0 23.0 
24.0 49.0 
53.0 76.0 
91.0 9.0 
59.0 1.0 
95.0 42.0 
63.0 35.0 
53.0 35.0 
45.0 76.0 
82.0 76.0 
