1.0
0.3333333333333333
100
0.918698792535453 0.2989693300935474 
0.0 88.0 
67.0 82.0 
16.0 35.0 
77.0 85.0 
39.0 67.0 
52.0 85.0 
8.0 41.0 
48.0 14.0 
57.0 39.0 
0.0 86.0 
71.0 56.0 
62.0 2.0 
76.0 31.0 
9.0 25.0 
28.0 95.0 
67.0 58.0 
72.0 44.0 
65.0 98.0 
65.0 0.0 
43.0 67.0 
30.0 13.0 
8.0 1.0 
5.0 6.0 
79.0 24.0 
59.0 97.0 
66.0 19.0 
48.0 29.0 
92.0 16.0 
1.0 54.0 
74.0 92.0 
18.0 83.0 
7.0 42.0 
96.0 38.0 
84.0 36.0 
27.0 35.0 
31.0 79.0 
14.0 70.0 
96.0 97.0 
68.0 82.0 
54.0 16.0 
51.0 85.0 
60.0 13.0 
56.0 66.0 
15.0 6.0 
53.0 91.0 
4.0 85.0 
87.0 51.0 
68.0 19.0 
69.0 91.0 
53.0 26.0 
18.0 58.0 
93.0 8.0 
75.0 11.0 
89.0 76.0 
65.0 0.0 
99.0 42.0 
45.0 69.0 
41.0 39.0 
87.0 58.0 
25.0 71.0 
69.0 21.0 
75.0 16.0 
56.0 60.0 
74.0 40.0 
26.0 47.0 
75.0 87.0 
78.0 39.0 
57.0 58.0 
14.0 76.0 
46.0 88.0 
59.0 32.0 
95.0 95.0 
38.0 1.0 
93.0 71.0 
52.0 72.0 
84.0 40.0 
60.0 77.0 
18.0 85.0 
17.0 37.0 
37.0 86.0 
95.0 45.0 
43.0 22.0 
31.0 97.0 
95.0 62.0 
62.0 60.0 
48.0 63.0 
67.0 95.0 
82.0 66.0 
37.0 2.0 
89.0 99.0 
65.0 34.0 
14.0 0.0 
26.0 98.0 
10.0 68.0 
42.0 37.0 
5.0 48.0 
16.0 95.0 
12.0 16.0 
96.0 24.0 
