1.0
0.3333333333333333
75
0.5767089492853373 0.47879275570179736 
69.0 61.0 
43.0 74.0 
49.0 43.0 
11.0 45.0 
65.0 90.0 
8.0 11.0 
4.0 72.0 
90.0 69.0 
36.0 18.0 
10.0 16.0 
24.0 46.0 
9.0 98.0 
33.0 57.0 
59.0 94.0 
16.0 67.0 
26.0 4.0 
50.0 48.0 
51.0 61.0 
89.0 87.0 
84.0 91.0 
0.0 1.0 
85.0 54.0 
55.0 99.0 
90.0 38.0 
1.0 8.0 
81.0 28.0 
89.0 71.0 
98.0 24.0 
60.0 82.0 
54.0 29.0 
41.0 69.0 
22.0 37.0 
5.0 54.0 
93.0 95.0 
58.0 54.0 
41.0 36.0 
38.0 32.0 
56.0 9.0 
32.0 57.0 
94.0 7.0 
2.0 44.0 
56.0 97.0 
50.0 44.0 
31.0 59.0 
1.0 21.0 
15.0 90.0 
83.0 80.0 
52.0 95.0 
96.0 92.0 
74.0 53.0 
60.0 54.0 
89.0 90.0 
17.0 0.0 
87.0 54.0 
76.0 18.0 
35.0 64.0 
30.0 49.0 
92.0 33.0 
96.0 89.0 
62.0 3.0 
25.0 15.0 
22.0 55.0 
98.0 28.0 
72.0 79.0 
58.0 78.0 
58.0 44.0 
29.0 57.0 
0.0 55.0 
59.0 21.0 
50.0 59.0 
86.0 42.0 
91.0 48.0 
49.0 92.0 
68.0 39.0 
