1.0
0.3333333333333333
100
0.9256638919154092 0.03276939415388336 
60.0 76.0 
66.0 4.0 
25.0 92.0 
32.0 51.0 
49.0 23.0 
71.0 22.0 
62.0 97.0 
27.0 18.0 
75.0 78.0 
82.0 78.0 
27.0 10.0 
78.0 52.0 
5.0 34.0 
62.0 63.0 
30.0 77.0 
57.0 90.0 
61.0 8.0 
53.0 55.0 
76.0 7.0 
2.0 96.0 
79.0 86.0 
88.0 30.0 
10.0 71.0 
79.0 44.0 
1.0 53.0 
88.0 77.0 
87.0 14.0 
69.0 29.0 
49.0 38.0 
53.0 62.0 
44.0 44.0 
27.0 11.0 
86.0 15.0 
39.0 94.0 
74.0 6.0 
79.0 35.0 
46.0 84.0 
99.0 73.0 
23.0 56.0 
83.0 33.0 
28.0 24.0 
99.0 78.0 
33.0 17.0 
29.0 4.0 
3.0 55.0 
18.0 5.0 
45.0 15.0 
79.0 21.0 
1.0 55.0 
23.0 26.0 
17.0 74.0 
22.0 26.0 
49.0 25.0 
3.0 1.0 
97.0 94.0 
59.0 90.0 
80.0 27.0 
29.0 49.0 
89.0 79.0 
25.0 19.0 
91.0 10.0 
13.0 95.0 
88.0 78.0 
84.0 39.0 
31.0 95.0 
29.0 70.0 
38.0 75.0 
77.0 43.0 
43.0 82.0 
29.0 19.0 
71.0 26.0 
66.0 12.0 
86.0 75.0 
52.0 96.0 
66.0 12.0 
94.0 48.0 
61.0 66.0 
4.0 22.0 
14.0 41.0 
35.0 74.0 
96.0 0.0 
10.0 4.0 
72.0 29.0 
94.0 28.0 
58.0 19.0 
11.0 70.0 
90.0 73.0 
26.0 86.0 
44.0 72.0 
55.0 25.0 
80.0 0.0 
76.0 66.0 
58.0 63.0 
29.0 15.0 
15.0 24.0 
4.0 59.0 
93.0 56.0 
13.0 89.0 
60.0 71.0 
