1.0
1.0
250
0.9796354864326933 0.42680123437227024 
95.0 92.0 
84.0 40.0 
89.0 2.0 
77.0 4.0 
64.0 65.0 
1.0 94.0 
20.0 87.0 
56.0 85.0 
62.0 69.0 
68.0 75.0 
24.0 31.0 
67.0 68.0 
85.0 5.0 
51.0 84.0 
40.0 54.0 
13.0 87.0 
45.0 31.0 
7.0 55.0 
82.0 33.0 
20.0 2.0 
84.0 16.0 
90.0 51.0 
96.0 57.0 
36.0 24.0 
93.0 94.0 
82.0 58.0 
12.0 42.0 
73.0 97.0 
50.0 56.0 
4.0 19.0 
84.0 57.0 
84.0 68.0 
53.0 43.0 
17.0 63.0 
9.0 44.0 
66.0 64.0 
7.0 72.0 
16.0 89.0 
84.0 86.0 
12.0 84.0 
51.0 30.0 
21.0 44.0 
48.0 49.0 
45.0 16.0 
81.0 78.0 
47.0 69.0 
97.0 86.0 
99.0 19.0 
11.0 95.0 
87.0 88.0 
24.0 97.0 
45.0 17.0 
89.0 14.0 
34.0 78.0 
60.0 8.0 
97.0 52.0 
86.0 20.0 
22.0 21.0 
13.0 62.0 
43.0 56.0 
76.0 8.0 
81.0 76.0 
80.0 86.0 
0.0 81.0 
64.0 12.0 
68.0 50.0 
5.0 38.0 
40.0 65.0 
67.0 69.0 
45.0 32.0 
7.0 94.0 
64.0 60.0 
45.0 37.0 
77.0 17.0 
31.0 48.0 
79.0 82.0 
53.0 6.0 
18.0 75.0 
73.0 27.0 
28.0 77.0 
59.0 98.0 
5.0 89.0 
97.0 6.0 
38.0 69.0 
84.0 42.0 
28.0 80.0 
26.0 68.0 
7.0 93.0 
81.0 33.0 
73.0 68.0 
30.0 79.0 
66.0 73.0 
27.0 96.0 
37.0 97.0 
27.0 95.0 
56.0 39.0 
80.0 61.0 
93.0 76.0 
39.0 13.0 
97.0 4.0 
84.0 33.0 
48.0 70.0 
57.0 34.0 
11.0 70.0 
20.0 63.0 
71.0 13.0 
54.0 39.0 
50.0 21.0 
95.0 45.0 
26.0 52.0 
80.0 48.0 
50.0 96.0 
51.0 4.0 
49.0 1.0 
13.0 56.0 
48.0 27.0 
8.0 5.0 
44.0 62.0 
20.0 56.0 
17.0 52.0 
1.0 44.0 
10.0 30.0 
10.0 17.0 
36.0 27.0 
68.0 5.0 
10.0 6.0 
10.0 4.0 
52.0 67.0 
25.0 24.0 
53.0 19.0 
93.0 9.0 
59.0 29.0 
43.0 51.0 
13.0 80.0 
42.0 63.0 
59.0 66.0 
29.0 60.0 
70.0 9.0 
15.0 32.0 
21.0 42.0 
42.0 62.0 
37.0 57.0 
66.0 26.0 
32.0 61.0 
49.0 36.0 
67.0 85.0 
8.0 38.0 
46.0 70.0 
45.0 83.0 
46.0 84.0 
97.0 33.0 
3.0 64.0 
45.0 30.0 
36.0 12.0 
29.0 3.0 
15.0 87.0 
29.0 34.0 
42.0 59.0 
84.0 6.0 
8.0 57.0 
99.0 37.0 
94.0 80.0 
46.0 42.0 
45.0 27.0 
14.0 85.0 
72.0 85.0 
99.0 76.0 
95.0 35.0 
62.0 11.0 
44.0 33.0 
0.0 24.0 
71.0 97.0 
81.0 26.0 
62.0 81.0 
7.0 13.0 
86.0 8.0 
20.0 51.0 
16.0 76.0 
39.0 29.0 
20.0 3.0 
79.0 0.0 
59.0 69.0 
9.0 31.0 
65.0 18.0 
63.0 67.0 
61.0 25.0 
27.0 46.0 
42.0 40.0 
95.0 1.0 
80.0 23.0 
56.0 37.0 
76.0 96.0 
50.0 73.0 
13.0 14.0 
70.0 59.0 
39.0 11.0 
43.0 12.0 
62.0 94.0 
66.0 14.0 
92.0 50.0 
73.0 65.0 
48.0 44.0 
91.0 30.0 
70.0 37.0 
42.0 92.0 
41.0 13.0 
95.0 52.0 
25.0 24.0 
23.0 88.0 
62.0 32.0 
76.0 80.0 
90.0 70.0 
86.0 23.0 
89.0 18.0 
12.0 41.0 
19.0 34.0 
31.0 98.0 
32.0 46.0 
12.0 22.0 
89.0 27.0 
19.0 83.0 
68.0 15.0 
4.0 49.0 
16.0 69.0 
7.0 40.0 
27.0 83.0 
21.0 73.0 
57.0 72.0 
29.0 63.0 
57.0 59.0 
9.0 84.0 
0.0 78.0 
9.0 77.0 
66.0 15.0 
10.0 75.0 
29.0 91.0 
16.0 25.0 
62.0 56.0 
55.0 35.0 
55.0 98.0 
96.0 64.0 
19.0 26.0 
61.0 36.0 
36.0 2.0 
11.0 56.0 
18.0 98.0 
70.0 72.0 
66.0 59.0 
47.0 52.0 
