1.0
1.0
100
0.06141081369203716 0.20108735338581962 
45.0 28.0 
69.0 14.0 
56.0 20.0 
69.0 41.0 
94.0 51.0 
29.0 49.0 
39.0 13.0 
96.0 46.0 
59.0 94.0 
5.0 14.0 
67.0 57.0 
62.0 21.0 
95.0 86.0 
76.0 55.0 
81.0 18.0 
99.0 22.0 
88.0 22.0 
9.0 66.0 
58.0 54.0 
73.0 26.0 
28.0 85.0 
45.0 51.0 
43.0 63.0 
40.0 3.0 
68.0 10.0 
31.0 28.0 
89.0 82.0 
45.0 36.0 
20.0 0.0 
75.0 98.0 
89.0 94.0 
22.0 91.0 
88.0 5.0 
30.0 31.0 
65.0 96.0 
47.0 58.0 
0.0 81.0 
63.0 16.0 
37.0 98.0 
56.0 81.0 
12.0 30.0 
5.0 97.0 
11.0 65.0 
48.0 4.0 
20.0 94.0 
90.0 26.0 
30.0 92.0 
99.0 19.0 
41.0 50.0 
2.0 5.0 
58.0 25.0 
8.0 23.0 
89.0 79.0 
41.0 79.0 
74.0 65.0 
43.0 72.0 
31.0 80.0 
79.0 2.0 
23.0 54.0 
12.0 74.0 
68.0 69.0 
83.0 13.0 
32.0 74.0 
69.0 6.0 
10.0 92.0 
39.0 61.0 
0.0 26.0 
55.0 80.0 
9.0 67.0 
58.0 84.0 
57.0 93.0 
58.0 28.0 
36.0 58.0 
22.0 18.0 
76.0 8.0 
64.0 98.0 
96.0 83.0 
61.0 46.0 
85.0 14.0 
57.0 80.0 
85.0 62.0 
91.0 3.0 
31.0 27.0 
93.0 80.0 
26.0 85.0 
77.0 28.0 
34.0 94.0 
12.0 44.0 
76.0 27.0 
20.0 74.0 
3.0 20.0 
61.0 24.0 
99.0 34.0 
20.0 18.0 
15.0 40.0 
94.0 32.0 
92.0 46.0 
37.0 6.0 
64.0 83.0 
