1.0
0.3333333333333333
175
0.3992266424183244 0.3133177854628103 
7.0 65.0 
29.0 24.0 
25.0 9.0 
25.0 69.0 
81.0 43.0 
4.0 14.0 
24.0 61.0 
3.0 45.0 
37.0 60.0 
1.0 77.0 
64.0 86.0 
21.0 84.0 
48.0 44.0 
88.0 19.0 
80.0 66.0 
79.0 58.0 
5.0 48.0 
98.0 3.0 
81.0 51.0 
59.0 15.0 
45.0 38.0 
98.0 74.0 
84.0 3.0 
63.0 41.0 
55.0 33.0 
38.0 17.0 
37.0 55.0 
16.0 43.0 
0.0 71.0 
90.0 70.0 
15.0 42.0 
7.0 49.0 
83.0 28.0 
88.0 22.0 
9.0 60.0 
75.0 96.0 
45.0 22.0 
18.0 42.0 
5.0 17.0 
69.0 41.0 
10.0 1.0 
50.0 17.0 
8.0 53.0 
42.0 47.0 
6.0 17.0 
65.0 65.0 
52.0 35.0 
76.0 99.0 
13.0 45.0 
47.0 54.0 
1.0 80.0 
61.0 48.0 
55.0 87.0 
0.0 17.0 
64.0 38.0 
58.0 25.0 
31.0 98.0 
1.0 26.0 
22.0 84.0 
48.0 0.0 
7.0 38.0 
23.0 7.0 
65.0 46.0 
50.0 14.0 
34.0 17.0 
55.0 95.0 
37.0 83.0 
48.0 15.0 
77.0 69.0 
60.0 12.0 
48.0 84.0 
57.0 24.0 
10.0 62.0 
27.0 70.0 
66.0 59.0 
78.0 73.0 
16.0 43.0 
77.0 37.0 
53.0 22.0 
72.0 55.0 
24.0 97.0 
20.0 87.0 
54.0 8.0 
13.0 5.0 
44.0 37.0 
17.0 45.0 
5.0 60.0 
35.0 4.0 
95.0 72.0 
32.0 5.0 
24.0 71.0 
59.0 80.0 
14.0 26.0 
64.0 70.0 
45.0 20.0 
6.0 22.0 
5.0 90.0 
94.0 84.0 
39.0 16.0 
63.0 77.0 
64.0 14.0 
73.0 51.0 
80.0 1.0 
43.0 59.0 
30.0 72.0 
77.0 57.0 
93.0 0.0 
59.0 11.0 
68.0 85.0 
2.0 63.0 
96.0 20.0 
49.0 7.0 
38.0 10.0 
37.0 18.0 
72.0 66.0 
11.0 65.0 
52.0 88.0 
55.0 67.0 
92.0 89.0 
2.0 43.0 
94.0 67.0 
72.0 17.0 
36.0 9.0 
31.0 76.0 
72.0 3.0 
73.0 67.0 
2.0 66.0 
89.0 13.0 
7.0 79.0 
1.0 4.0 
69.0 71.0 
0.0 39.0 
65.0 83.0 
80.0 64.0 
69.0 9.0 
27.0 50.0 
4.0 27.0 
58.0 30.0 
69.0 31.0 
63.0 33.0 
84.0 12.0 
32.0 86.0 
15.0 81.0 
17.0 2.0 
39.0 0.0 
54.0 58.0 
39.0 83.0 
35.0 16.0 
72.0 87.0 
74.0 43.0 
36.0 32.0 
55.0 77.0 
96.0 82.0 
35.0 22.0 
72.0 33.0 
62.0 35.0 
86.0 97.0 
82.0 73.0 
32.0 34.0 
98.0 37.0 
63.0 66.0 
29.0 49.0 
13.0 33.0 
76.0 49.0 
74.0 48.0 
22.0 63.0 
71.0 28.0 
49.0 12.0 
74.0 70.0 
91.0 61.0 
66.0 68.0 
61.0 58.0 
74.0 4.0 
53.0 3.0 
