1.0
0.5
250
0.8345636702497838 0.05761798483032776 
72.0 56.0 
95.0 19.0 
44.0 80.0 
75.0 6.0 
55.0 80.0 
56.0 70.0 
36.0 4.0 
9.0 94.0 
19.0 94.0 
43.0 61.0 
77.0 92.0 
6.0 93.0 
69.0 17.0 
9.0 9.0 
90.0 88.0 
2.0 66.0 
61.0 72.0 
22.0 94.0 
93.0 42.0 
46.0 93.0 
82.0 31.0 
66.0 77.0 
50.0 13.0 
91.0 26.0 
63.0 83.0 
49.0 80.0 
14.0 27.0 
52.0 18.0 
77.0 72.0 
76.0 83.0 
81.0 20.0 
31.0 42.0 
67.0 6.0 
24.0 94.0 
72.0 21.0 
11.0 68.0 
68.0 75.0 
98.0 91.0 
3.0 25.0 
80.0 23.0 
72.0 96.0 
29.0 62.0 
95.0 48.0 
9.0 88.0 
58.0 53.0 
94.0 9.0 
21.0 64.0 
84.0 25.0 
10.0 52.0 
84.0 39.0 
48.0 46.0 
57.0 79.0 
60.0 10.0 
72.0 87.0 
67.0 63.0 
3.0 29.0 
59.0 83.0 
81.0 75.0 
64.0 61.0 
65.0 36.0 
23.0 44.0 
20.0 23.0 
70.0 25.0 
38.0 30.0 
51.0 76.0 
33.0 29.0 
23.0 76.0 
68.0 73.0 
84.0 9.0 
43.0 76.0 
74.0 52.0 
37.0 27.0 
43.0 66.0 
67.0 28.0 
1.0 17.0 
36.0 5.0 
93.0 96.0 
9.0 54.0 
28.0 90.0 
20.0 78.0 
74.0 31.0 
6.0 77.0 
80.0 39.0 
5.0 43.0 
37.0 28.0 
64.0 65.0 
16.0 39.0 
48.0 34.0 
65.0 58.0 
45.0 4.0 
47.0 97.0 
71.0 81.0 
80.0 87.0 
43.0 92.0 
70.0 84.0 
26.0 37.0 
46.0 5.0 
92.0 34.0 
95.0 32.0 
71.0 49.0 
69.0 23.0 
39.0 51.0 
33.0 88.0 
26.0 78.0 
76.0 91.0 
41.0 90.0 
76.0 64.0 
53.0 58.0 
86.0 15.0 
88.0 83.0 
86.0 54.0 
49.0 63.0 
36.0 58.0 
71.0 68.0 
19.0 19.0 
90.0 30.0 
64.0 54.0 
32.0 71.0 
45.0 72.0 
26.0 74.0 
94.0 33.0 
99.0 96.0 
85.0 78.0 
87.0 52.0 
2.0 62.0 
93.0 70.0 
75.0 28.0 
67.0 91.0 
35.0 58.0 
50.0 11.0 
74.0 74.0 
23.0 31.0 
41.0 97.0 
34.0 94.0 
24.0 34.0 
1.0 71.0 
87.0 68.0 
89.0 50.0 
7.0 32.0 
19.0 8.0 
14.0 50.0 
38.0 5.0 
53.0 95.0 
15.0 66.0 
95.0 81.0 
47.0 67.0 
63.0 55.0 
25.0 39.0 
41.0 79.0 
14.0 50.0 
86.0 7.0 
65.0 49.0 
44.0 20.0 
37.0 22.0 
4.0 46.0 
91.0 94.0 
54.0 84.0 
43.0 4.0 
64.0 51.0 
46.0 43.0 
82.0 87.0 
8.0 53.0 
30.0 58.0 
72.0 56.0 
47.0 42.0 
88.0 25.0 
43.0 86.0 
24.0 91.0 
45.0 29.0 
60.0 14.0 
90.0 90.0 
70.0 42.0 
79.0 16.0 
51.0 32.0 
53.0 30.0 
38.0 63.0 
81.0 88.0 
26.0 59.0 
59.0 78.0 
4.0 99.0 
60.0 53.0 
68.0 86.0 
83.0 27.0 
98.0 6.0 
25.0 26.0 
18.0 52.0 
23.0 19.0 
41.0 43.0 
25.0 38.0 
11.0 19.0 
94.0 51.0 
37.0 2.0 
71.0 99.0 
9.0 99.0 
74.0 83.0 
42.0 47.0 
11.0 59.0 
34.0 57.0 
22.0 43.0 
49.0 73.0 
96.0 73.0 
47.0 78.0 
85.0 66.0 
91.0 10.0 
91.0 26.0 
35.0 19.0 
76.0 31.0 
42.0 39.0 
49.0 2.0 
20.0 84.0 
95.0 42.0 
84.0 90.0 
61.0 53.0 
37.0 99.0 
64.0 61.0 
79.0 90.0 
59.0 28.0 
30.0 43.0 
74.0 65.0 
68.0 10.0 
9.0 52.0 
99.0 91.0 
55.0 92.0 
90.0 67.0 
38.0 99.0 
49.0 54.0 
26.0 50.0 
65.0 37.0 
49.0 52.0 
66.0 62.0 
5.0 98.0 
7.0 39.0 
78.0 33.0 
96.0 7.0 
44.0 27.0 
52.0 73.0 
88.0 75.0 
86.0 71.0 
43.0 65.0 
51.0 50.0 
76.0 11.0 
82.0 45.0 
95.0 4.0 
38.0 88.0 
36.0 2.0 
53.0 28.0 
29.0 37.0 
6.0 60.0 
24.0 94.0 
