1.0
1.0
175
0.982891806036662 0.8606947504541955 
36.0 50.0 
88.0 26.0 
67.0 85.0 
53.0 49.0 
71.0 94.0 
52.0 23.0 
30.0 4.0 
14.0 74.0 
69.0 93.0 
73.0 33.0 
93.0 97.0 
48.0 12.0 
41.0 8.0 
63.0 65.0 
57.0 77.0 
87.0 34.0 
69.0 8.0 
94.0 87.0 
85.0 86.0 
0.0 15.0 
57.0 74.0 
73.0 67.0 
26.0 2.0 
75.0 23.0 
88.0 12.0 
40.0 94.0 
91.0 37.0 
25.0 9.0 
69.0 33.0 
10.0 19.0 
82.0 17.0 
77.0 44.0 
46.0 49.0 
23.0 28.0 
20.0 48.0 
82.0 28.0 
1.0 95.0 
78.0 16.0 
37.0 52.0 
11.0 47.0 
81.0 45.0 
55.0 36.0 
5.0 72.0 
70.0 54.0 
97.0 0.0 
26.0 84.0 
67.0 53.0 
14.0 88.0 
9.0 18.0 
34.0 1.0 
14.0 25.0 
4.0 22.0 
67.0 37.0 
26.0 18.0 
58.0 96.0 
88.0 83.0 
71.0 15.0 
15.0 65.0 
47.0 11.0 
56.0 20.0 
66.0 10.0 
27.0 52.0 
14.0 87.0 
40.0 80.0 
46.0 66.0 
23.0 46.0 
57.0 92.0 
28.0 76.0 
63.0 96.0 
58.0 45.0 
30.0 64.0 
9.0 26.0 
35.0 39.0 
63.0 75.0 
21.0 99.0 
72.0 81.0 
95.0 26.0 
62.0 79.0 
13.0 74.0 
56.0 18.0 
83.0 94.0 
31.0 59.0 
18.0 46.0 
83.0 79.0 
57.0 43.0 
97.0 17.0 
14.0 59.0 
38.0 96.0 
87.0 20.0 
76.0 19.0 
14.0 39.0 
48.0 36.0 
4.0 65.0 
82.0 77.0 
25.0 30.0 
62.0 78.0 
58.0 82.0 
38.0 43.0 
81.0 93.0 
2.0 5.0 
98.0 3.0 
92.0 38.0 
35.0 33.0 
18.0 62.0 
18.0 47.0 
41.0 77.0 
91.0 67.0 
77.0 3.0 
61.0 62.0 
37.0 30.0 
10.0 31.0 
58.0 59.0 
94.0 34.0 
99.0 16.0 
14.0 91.0 
67.0 46.0 
53.0 47.0 
30.0 23.0 
44.0 78.0 
47.0 83.0 
40.0 24.0 
43.0 26.0 
60.0 47.0 
84.0 94.0 
43.0 95.0 
72.0 13.0 
39.0 97.0 
45.0 41.0 
64.0 21.0 
70.0 12.0 
64.0 74.0 
92.0 17.0 
91.0 44.0 
72.0 86.0 
16.0 54.0 
88.0 20.0 
10.0 2.0 
5.0 43.0 
85.0 11.0 
67.0 49.0 
57.0 66.0 
93.0 28.0 
14.0 33.0 
13.0 1.0 
22.0 39.0 
96.0 69.0 
80.0 92.0 
3.0 58.0 
6.0 26.0 
1.0 10.0 
10.0 90.0 
53.0 8.0 
83.0 98.0 
88.0 83.0 
78.0 72.0 
44.0 65.0 
31.0 15.0 
92.0 1.0 
21.0 73.0 
23.0 10.0 
46.0 66.0 
1.0 65.0 
94.0 28.0 
62.0 2.0 
80.0 64.0 
70.0 98.0 
3.0 5.0 
26.0 7.0 
95.0 12.0 
88.0 93.0 
34.0 80.0 
97.0 22.0 
78.0 52.0 
24.0 98.0 
