1.0
0.3333333333333333
375
-7.791992211952477 -14.952064217409777 
48.54321739824304 14.781134935451979 
169.88650313948224 77.73978308610312 
243.93548069787434 1.4326446631657805 
220.5714045139124 -86.8087133079815 
133.063140249077 40.431737243670064 
189.27794359431434 49.30368586242605 
181.3881792446403 3.723785208264993 
133.45263088352695 60.67179433850783 
165.46168049165414 72.39774172032519 
187.9500087443252 6.160669896893925 
221.0583372230502 19.984456065018854 
217.0907747734623 20.602119535220005 
-38.30206509591966 56.59480582494958 
-5.128669048488813 -7.2010770910815065 
206.3359990004496 15.705549337080221 
217.23982781802468 -16.722134146057705 
149.98935201063145 59.48005333134016 
-12.042006453267701 -26.877062072951947 
197.5553805400895 0.3140982237164412 
-1.3898370631794668 -6.870303776423755 
200.07534291530618 -18.920333259567908 
22.304685184185733 -45.53053818580734 
-3.3566315706397774 -11.282883691960329 
203.04043223062442 -2.91589784020046 
8.3684842723138 -8.910180968794583 
175.47108314571133 14.6620978464376 
185.49069557302454 -31.991659973488282 
-17.114600524826546 -44.36502934782394 
7.1128042156605 2.0595029977297323 
1.6277789529067572 22.764310179993362 
-60.81248812936758 -59.97182910761541 
154.73918692123698 -19.25294622840169 
-24.093055776079154 -21.715414347383817 
22.35828361532856 -7.9288813644168945 
206.9188837763061 -3.8627489521229195 
212.04218906584035 -5.26941537542473 
177.80994529534814 66.33926507561381 
-26.776719155455 31.631355011459977 
12.979007119171017 79.465457183453 
204.71958186970446 3.123696503428701 
6.0075375628137 11.776823964179892 
4.18220602299906 1.3154450544791236 
-75.3876194423572 -28.63626547586174 
197.27657462756497 14.76026959894335 
-14.805005726486586 42.44997074473038 
215.93453754168513 -16.760839771218507 
-36.55087006400462 -16.60754626997318 
27.952726166045256 40.680503903146594 
200.59294762602306 -9.128464298326863 
4.752003407372832 6.639697664837703 
-68.96651114191198 -24.420491368997062 
198.9022553297763 3.5663583481154304 
34.09278420437471 55.23022404343331 
267.85027299861457 49.68265279458511 
268.5737171245597 23.9878310040269 
-30.70968139839805 32.815850727643316 
78.46200917203002 -55.64831731693619 
-0.9277851343987691 36.41856783613762 
-6.233756069164674 43.675498357188786 
-9.249816399178659 37.12050434288621 
201.43873456167952 1.1614067018226393 
-11.312520398621732 0.9805369722002771 
-13.06697170815841 -24.858699292045223 
32.25298907738697 33.62202384226628 
215.5954692115436 -19.829405845556746 
-1.454188240717661 9.215660096384122 
-22.24992027178018 -20.654867941219837 
197.88931808566755 14.003661499121893 
173.3659250106569 -41.4370938432975 
209.22208375986762 -82.60599213292141 
-5.153593066055747 -33.41933578473376 
-60.05046351684346 -11.714554780736725 
216.38933453474897 5.229461463565399 
3.8874135673623913 1.7885120329316593 
-18.098497725694028 6.067966569485728 
29.460633865965963 13.158877759693944 
-11.430863555925766 -7.736612104135996 
220.14254247231557 3.030917133181672 
68.21284592562797 -28.369362707780034 
173.50100032284877 29.601305800637242 
2.0891466784611903 0.389098248368908 
-6.731768325478692 21.726547192740128 
13.333835742865453 3.496531466388922 
189.82780305507865 -7.707370610959829 
155.86220836233565 -42.86203798256455 
-35.54839308019544 -9.30801543128051 
1.5738993085534176 3.137171111971504 
-5.866792169104157 0.8820452170350884 
200.2525518944206 -0.45898854959171753 
-56.84715079414911 -31.886637239614515 
23.41773652900409 16.83007932244287 
8.455963752313737 -36.743799068779175 
-70.76211116517098 34.47643376328326 
-34.3537200695408 -25.787966109941603 
215.00883509479462 -46.2989107116919 
209.38800300869417 0.9504624832643979 
-51.8373002961537 23.508451881152858 
0.2859117415469575 -0.2336049211269395 
217.90116334662736 8.589727921388265 
-8.555856898231536 4.377249988982904 
1.0238472556983949 -15.877533296687611 
-13.173609782872342 76.23073157531336 
24.814359327794858 38.3174579559991 
199.92768509150406 0.6432702719975919 
-43.469350471849054 7.162228004949173 
200.91577252586242 -1.7218731587884737 
57.17325304802749 -74.57514284770403 
182.8156437602017 36.14087570890845 
192.98877051809998 1.168315507642068 
247.05553876980872 0.20526978104555269 
239.0058237834474 61.80008977993041 
204.70134744179083 -10.21868361179479 
238.22371318336755 3.6497457667752697 
57.959930803702626 -14.270675093307496 
199.1656778672012 1.62754830318796 
190.00970765739692 -12.404557441520373 
201.46424078669872 -0.09653757406569875 
152.01824317218606 47.53710309271612 
-0.11993444599857453 40.70788249445629 
252.29357002241153 -5.716551951376841 
-79.87035893877116 -4.363638556193921 
214.0490788214179 1.0454242415738457 
202.78441479320188 7.395261220977656 
233.91530519873785 -4.57164851140967 
189.412633499759 -18.39332141625758 
201.6475892469968 0.42510480702230097 
-48.15143504141435 25.67835722734801 
204.40685317551876 0.9311006977991839 
-20.836826677896767 -8.83446917673198 
169.93863193186243 -22.581108253311044 
199.5020729037298 20.5017629996349 
194.94091844784893 -27.942912765889282 
65.74633892660067 -63.92587091172318 
96.5166222992763 -28.791194128192927 
235.11603080127833 -28.27465583953899 
31.426440723844337 -69.75483368714868 
7.434644340641472 49.10551526666515 
190.22654061109833 -9.222979104840906 
-7.5735693903736 27.473290969612005 
-18.20937134424854 9.229110641825235 
53.49355530324997 13.657108492300807 
79.11537970140219 17.896637200198597 
193.54977218585168 -8.342145201934468 
209.84881758743603 -7.411749203557819 
197.1685810895165 5.698388613488263 
190.78000545646984 12.115494964094532 
65.51147296849976 -57.912721175483775 
-5.635688552060901 -7.497801423906817 
-43.14595069030614 -96.97820027642135 
-5.53596973165148 42.72265228290227 
-50.90425517312399 2.443857540276797 
189.01843828420206 -38.61433740519473 
197.7226042240712 -4.260889046886236 
-65.26628320133665 8.692015183604578 
-67.36958022675104 -12.335838045572906 
221.9554757862862 70.89700756928389 
27.95230486978564 61.822844116472915 
-17.337958545838845 9.307909126212227 
18.33210664793326 -15.684146760449375 
6.3480704727915995 2.1341537748104904 
-20.49159571769623 46.45391929447061 
176.95593444062877 36.64309207301482 
197.52781079556848 2.4868795831942196 
146.61395268447262 -12.023622282258204 
-31.026355863957207 -15.895057356025244 
-30.59799419497483 3.131545235481025 
-19.372929608369265 -26.097475273380404 
-1.4761471897832412 -30.959685386650467 
10.058192347120013 -15.724681633721882 
-15.221506812275623 -19.600662842317398 
77.19310295896324 -58.81727648717294 
13.92995597633832 -7.180941711535792 
200.1439461450018 -51.18101700971947 
60.07331220425405 -29.390437425993706 
11.860770063530017 12.740690044535691 
209.63661345833523 9.477550587829647 
196.1086625731263 16.95985917296093 
194.65459548426844 -17.43266492862338 
-19.344630807064856 65.45120642102285 
217.37780588650114 16.687810273915044 
222.3721345754455 76.29627776619287 
-91.49845972767464 -33.90109723145049 
0.499800942423072 1.5794859070247513 
33.63622641557172 -24.18188292229406 
224.08381393063394 -49.973372203662315 
-18.99339865837737 45.65059808028123 
5.2993991525007385 -1.8011124932838052 
198.89066652265782 5.859426135761844 
8.569961892337021 12.437867955023167 
227.1459581326332 16.9013691680118 
-29.34647552733906 7.125080246506684 
-15.608814489185233 -14.095957877489678 
61.53518615120033 -17.02912552064793 
42.24608451660697 11.856412472010813 
202.68500872328514 -1.3517631651939102 
5.984106353362782 -42.892348867255 
86.64272668600717 6.6801410827527095 
-3.722156164837639 -35.58959426329379 
1.5389168649949003 -35.47274831796386 
240.17970306946523 47.45149787960423 
195.8978888459336 11.201200779279741 
4.68952170661 12.979820260905084 
199.28036783313152 7.998860898249711 
198.2323689811354 -15.613714966255118 
-40.93067491758527 -45.193532328991324 
27.963153304311113 -17.94011484243622 
39.80250459946391 23.006735678597735 
252.429793618469 -23.536983672754445 
232.49830559711552 14.29890075986292 
314.7509271140858 -21.61447104131643 
190.45352318238625 4.623907252488827 
-36.72818435746115 4.161324798201206 
76.40026609695653 -12.580665446930972 
-35.67068205431141 -0.09154139124293895 
224.6317376314646 3.996216941012747 
-7.00286672554372 26.499082482180327 
15.677261596179225 31.994776058283072 
30.487761662934137 -62.22220966109915 
193.5176125782513 116.28440895495444 
212.34257838952837 11.475571722451585 
195.49664246315004 -12.112305922356212 
139.62541079816918 44.19927753762234 
44.669883661372765 -51.90967381509249 
-17.421712120188335 3.5915418877299805 
-1.5047790204876663 -15.915861975596208 
-42.92839727176452 -19.25688266491598 
27.915379648467027 8.573563615849386 
168.83393015959592 31.896213592459613 
31.51450601057707 45.88290714964243 
198.27243197749618 -17.909038719121426 
268.9490581202739 -51.374409916146476 
194.97124920547662 3.2522106070085983 
215.97630074546564 43.54028712857595 
184.94428560628197 -59.6629875609894 
136.95556249543267 -21.253309730106974 
10.917674873050844 39.27995123201196 
-3.8175753509448787 -0.5782643441890107 
173.45300071193515 34.55849406442003 
197.78424248040722 18.586745432694457 
-12.978196622221855 37.26938425514411 
198.17190428333808 -47.468860959042914 
221.01561258259045 -7.856078744890908 
-44.7990219043377 -33.37345967478602 
153.4466333287916 -1.985387425218399 
226.924765329897 -2.9282388534685397 
240.24932201313703 -5.411221815691878 
6.056130926211179 2.071804553480158 
196.14418432431216 -6.232620985854159 
3.5738103836973893 -45.76817644876211 
6.755868604089207 5.147557688165504 
197.07940093571185 -1.4119697677881673 
211.8293205743227 9.617117685361974 
-104.67565399024939 47.13530138301124 
248.67647497787837 8.92612909828163 
30.88484961045502 -85.29414581015331 
-1.304822439232044 -39.9359524718451 
0.47226139744479767 -0.19254917906089017 
-55.482692393878885 -50.58090682886898 
224.55433143458853 31.807029914501225 
133.39931684844998 -20.767228141753304 
-5.314445979801075 -1.6779091658309204 
5.9754960916498145 -38.037970003122986 
38.342675562549296 -19.67023281299634 
140.94948291830187 -48.27194106172068 
270.40750974546074 7.112853604655889 
189.31001974850412 5.5283677393082975 
251.36526522917563 35.456190109635344 
4.512287691334238 7.4635337413837375 
194.0859781592246 4.086395942027466 
34.3915914666894 29.005366278702816 
206.83417072237998 20.403502059911375 
175.8318121192222 6.264134644060409 
23.1261066300187 -113.17818921937861 
13.845540638914866 -4.09801846050509 
197.0960952319845 -51.302977202014574 
4.859732667380715 10.266477101051144 
239.79740958005482 -65.34474691201142 
24.59350454005601 -9.796974406228077 
256.5654381949121 -26.58773728783179 
-18.35691735459588 12.058988468058319 
187.24200036419504 11.793445449586997 
262.0634594908772 -44.8425201552719 
21.818751588369782 -1.6006340393192837 
171.37451642112734 14.050823899125426 
107.54863225132485 30.3336698232527 
-38.593499161261676 -52.66111814335984 
156.64666829320268 18.84985446748675 
-3.177210360842951 2.98879764720591 
207.8087739605089 -7.0947257216105815 
222.9379895709907 -7.891072128812529 
204.29459816462594 15.695836340879374 
7.979410814828715 12.058904640049223 
284.4109774090937 1.294974203286212 
-2.3930895969170622 7.585958782774113 
207.86324807170706 -23.52450300951729 
184.61140057172537 -25.952506627571562 
100.55125854750956 3.0149072228945055 
-10.168879145701418 19.53688228706876 
237.4399684799124 -2.3103454591335177 
168.79137679586142 9.824270091793563 
179.1973152256697 -103.28805569130265 
260.9036507154045 -26.764073706889267 
-49.65615081662777 26.109385613660802 
-11.248465224558718 3.1045614833447295 
14.43020190180034 7.525875474941008 
1.0520770746574584 -2.704773021282598 
160.40555492304395 -66.76007807589745 
227.40108853037017 -33.31148027508509 
178.32774023101416 56.13326627437072 
239.5316987031133 13.271930744276279 
8.322025222055023 -22.046096869170253 
31.3904433117318 31.746679223010513 
210.49552524269285 -50.712390971880914 
-17.006760805891606 -18.377597695232257 
160.7935150071464 0.519176142481272 
4.296290386134525 0.21164423222318532 
182.51241965308085 45.53552540247631 
207.73880877681458 -11.46015838795066 
178.25226193267721 -35.78322786539226 
137.29827779006754 -6.193476231126386 
165.01789282644208 -40.247113040502114 
21.118792402087685 -12.295062225689199 
212.8639595404674 29.18583719683465 
69.6571868508646 45.496574075265286 
207.35488303077986 -0.15427547419613485 
220.90051763962379 -19.839467938850085 
26.215899308447646 10.604177603838686 
20.286632740291033 -19.69077563737578 
9.450700982546088 -14.058871226995144 
82.18919886222399 11.753858260271882 
209.61926340446985 101.55776272545289 
34.86454533632476 -29.61702252178117 
-30.871076095178374 3.2590537031628086 
10.658714194168889 -12.641051154394924 
32.241264922782676 25.73617215816536 
-0.5186361547370234 3.53920152408378 
139.9735942503621 45.74257605535843 
-1.4685182849825793 -0.8784805025596814 
-17.821751993224026 -1.9479322765684717 
-40.21790860709174 -52.08791801336732 
235.48801043559973 9.140191450152395 
120.2690894203538 35.81447039449235 
-13.925658620235549 8.856878154179936 
196.08099041766613 -9.4580391140394 
19.324752464677058 -16.419260096746168 
231.9177294283133 -50.615906352070894 
219.7579745897032 -33.046772505632504 
108.18613828321509 -48.55123063500223 
193.08630670320193 -5.207896288239605 
-11.533048631816346 1.0447595674775483 
262.3148411425199 -38.11161710170553 
200.11245915177244 0.10377636194244463 
213.90752994218388 -24.038318970417087 
173.5770147985852 69.08375758996696 
201.98359965059626 23.845029670978242 
101.39812383041671 14.677140152748196 
136.6146599078091 -42.9223597958411 
18.840991904877498 -0.5368787973989243 
182.16463838673542 -38.17767930280101 
220.10183555582472 -45.105377669897976 
255.91366748845746 38.09565532206605 
4.913422765961849 -22.10406065739524 
-16.708503469085898 10.758179100904638 
28.3908775733996 36.53353553999703 
-21.20548306056284 -8.615206210809188 
170.7929046319238 -14.406784701396704 
122.4427858960307 4.763223357726221 
0.00312773896948133 -94.66856541557986 
198.44072360149914 -7.619630413957601 
-51.16370656391732 15.203647148836362 
4.305284175131828 -13.732376916821718 
-51.34622939969952 -85.6031969973496 
132.29357569206803 7.542666774899428 
232.3224633855976 -26.86671018603025 
