1.0
0.5
50
32.860924175697406 -27.118754727973776 
198.450890238416 -24.22910754397164 
190.03803742310225 4.215856973471322 
236.41502141409683 23.24933492575866 
-36.780757307926926 38.908217288204064 
173.65652715156955 26.372343290179302 
216.94007369362055 66.39595571356136 
200.6626240694085 21.18850389936326 
-53.05250470060519 -24.93417217430324 
182.8207666056537 12.267992021153008 
5.6579366151961175 -2.4241570499444727 
18.433924948215665 -25.782108325327265 
13.575538079600133 -31.007547038071202 
272.16122364869665 12.793368084791544 
162.41177323282335 -40.825314382624306 
12.998303988745546 5.426401061394286 
192.4430627818588 14.095276992060295 
140.6193067723541 10.306692719939887 
185.78772688487226 0.3214348899682185 
25.813105628622036 -43.580549158194614 
238.20002706480136 35.43683865184076 
167.78377825033422 -36.67723472504079 
178.82711862024968 -10.708882108068263 
128.71492863734335 12.934809622654488 
154.6286968738371 28.951525382840302 
223.5422695438611 -7.79153906319628 
236.320156865483 14.886676624519692 
194.28191281394683 18.430619923102586 
10.487280535798794 -22.930394268399233 
239.39156445831478 -12.068065604433654 
163.717735930345 0.03330835979253041 
-0.4912065315361301 -7.23621578295575 
216.45995165019613 -43.08448512303989 
230.8361513411676 24.846392295319085 
-33.25605349433485 5.698336112488205 
8.571432572665442 18.517314636552463 
-14.783758571677442 -7.286348666209849 
277.8774498882476 -25.501318100036553 
194.5173961413554 5.245018899114344 
-1.439043996144732 -4.699313796370251 
28.537176417167046 -68.06912449291752 
127.60359346111953 18.64323902110368 
-0.8904359921773825 -3.487654532682482 
16.252266643996577 4.228283856825783 
251.32660776284317 -22.551095678886185 
202.86514063588123 -11.12974580641634 
152.56689726087586 -31.916513612634237 
198.09902297425393 -78.2756090700981 
187.85523214005764 25.011834140649825 
195.32012052779413 39.38111097341981 
