1.0
0.3333333333333333
100
-9.948201026585025 -36.448125445787745 
265.5638622421121 87.96394738265464 
10.94699240890045 -7.799825093670842 
207.7657720265946 -6.9411633829033415 
58.70861159936295 -5.169139798391599 
179.6534641343342 -14.076970547307676 
189.1081814327337 -49.947473270125826 
73.2381819276735 -66.79103471846513 
284.4821918953994 -0.9876485745705252 
-66.77350914097279 18.640164774137354 
35.23508823169693 84.60848481239637 
173.93749748524783 45.508067891165766 
-2.5197971095447005 4.800434568927723 
195.32435150660388 10.044096923420739 
-8.802407378908015 41.007298614101984 
215.3281384448461 17.92743672450333 
254.2146006996991 35.455773392610425 
209.4689916486293 23.43386519301306 
249.58366196512617 86.31828737271054 
185.801660191525 -27.587917809843045 
177.93779805102795 -58.08195625617548 
8.00934666089696 12.522588481090825 
-11.574298305823422 22.237056411808755 
257.70886394927265 -33.439286107777434 
23.07838826174549 -47.10550570655183 
172.36986262790043 23.917807573417292 
237.7482743206531 74.90911007622152 
-6.675658443525336 -7.485509680228744 
8.168359114720857 15.956337944091747 
162.9923884023147 -12.372696490165467 
11.529943015786877 -3.7419977766473544 
-16.490298501998392 -41.45634946280197 
0.2539533476720863 14.016796802292745 
3.562829415098204 24.4840247681807 
254.66602577756325 -18.658531374031817 
-17.46687011139289 19.61913541732376 
273.92904456189956 -28.8775144385953 
190.6317136955511 -8.780187115074503 
35.930039713839754 -21.272471941230137 
203.69850896961677 16.926538311306356 
5.924191095283523 21.134415008544646 
-10.023087745999455 3.542543356375895 
185.46117217135256 -38.76885714750743 
198.18956230866553 -4.404329982656997 
244.8344441348075 19.760943273956368 
193.67471431608578 -4.8928453724821654 
-0.785461431392175 60.71246188141394 
-4.285261722019326 34.313822930972876 
-25.8045631566398 57.616755316432744 
-47.18756652829294 73.16315490218349 
173.3799715722284 76.7926624447213 
150.00794890218873 -92.06795394868357 
-17.788350808947094 2.1123589311852786 
171.8821174023849 -38.86479931993717 
199.14916910486644 -0.31478176897961707 
-1.6729400437123887 -0.16789091040056453 
237.2164979610501 -3.697735600105798 
-35.88746010599731 9.858497075678882 
-7.820701462361827 1.386002313784896 
174.70723761174432 -41.704025770683984 
24.818466817786103 -11.996308426808259 
0.825992266202783 0.02064414169535769 
209.29766652509198 -32.8164811787844 
12.598021066826075 -28.855061901770817 
0.6069597834850398 5.6353419585984135 
206.52697231682995 -78.7600924843258 
-62.259483983197526 -48.152318354940675 
-4.104750426122624 6.765331124869728 
2.4356873660163876 3.507881043728098 
1.3099702825723014 22.05465063072154 
36.975555223147765 -87.33151253356368 
-55.217097268826805 51.871953988583535 
218.75763824089958 5.225291927958833 
199.8047395791346 0.05356191413019604 
-0.7543659155131579 -1.0518719934086158 
-68.23493612192489 -37.03099190649149 
200.39055709202157 -7.923113140979735 
149.32742349167648 -16.933837125319506 
-0.018257448127640064 0.005898694006697589 
-23.222231478445817 11.864396234185131 
-5.67407400576996 3.2383256633866075 
-1.242944315139906 1.4435871777512272 
6.334272031545291 25.349022598544327 
-41.02832849336434 53.7549692560452 
156.40145057686195 -11.016849962585496 
212.48293138305792 -10.718818559982605 
198.2723912925841 -0.5114364431714831 
2.1510622877663756 5.605558396573699 
-63.99324576469557 -38.46775461900896 
7.9390933076551 -22.529738185459795 
-35.92460508818204 -45.01867391598971 
156.67538439008283 -20.068360710832387 
199.38129198880256 -0.8257062141231043 
43.0423492355246 -28.82838052528065 
178.80704902676152 38.24647241435061 
199.6048071230252 22.37755556153767 
6.667772131851685 18.210023942512382 
17.098877835035715 -19.98044161959512 
100.85543381470482 59.93341719293423 
-24.587757480137878 -30.196946880636848 
