1.0
1.0
100
-19.05047607604528 17.920174172767574 
203.4805872512971 -15.558355132804229 
202.58656186686426 -1.4872908412419152 
209.56006030085751 -2.5977829745991774 
244.28658812610848 -34.590086186229264 
-32.74812311886145 -7.166919011659861 
180.95104029420273 17.90834186283231 
13.78158205551818 -15.084299356084651 
-2.181728432003151 77.3069772704045 
-4.2874722882991225 2.5561692560738742 
-46.82452942798416 32.51906541167562 
150.06021955040003 -12.373555150658536 
-64.2242503603563 51.75017724777155 
198.47376906170297 -32.97870103208313 
201.9619022881903 -0.09460845492404402 
-33.89066534005225 13.488221308512431 
9.317086914616388 7.783042949568643 
246.58577657904146 -10.29672249270892 
210.69466843295714 16.66785169153547 
37.778493330496836 24.729292327723716 
-0.5400504288710367 11.36572538479656 
-28.69911433588639 27.021339952187837 
206.55800258269258 -6.053053146121073 
207.95250866352401 11.745625153466978 
176.48065191668246 -57.55816850700761 
139.8271063147749 -19.626649909695708 
221.52889319105424 1.4579019367189998 
263.39312306704346 19.85181450894004 
152.48019770880813 24.17660401994703 
41.81193194488406 -44.453183522797715 
15.89252446364426 -20.675666770671643 
198.44441368464888 -5.607073515622665 
11.228529343394868 30.118546854146125 
-46.79115519044137 16.365621573115444 
166.20258107633225 -43.91386999132486 
3.9580280431483374 -3.561800841235432 
234.38166383332592 -2.160565240151249 
136.55003173536045 21.71373400292698 
201.1665782795526 -12.240600715121188 
235.8939346596488 -10.237027950249095 
227.76750358019123 -0.6043950608123895 
221.14798410363088 5.485407591520812 
206.6311039735472 -6.500282217085155 
179.07389484575398 35.82395396781301 
-11.512133197384628 -1.5270649801413272 
232.01459664309007 16.894998795529858 
-3.052733999808406 15.540181934157088 
-44.95712543693282 41.28824524180222 
203.30565809209685 -38.11854738551871 
-23.771615365641885 13.136055495872297 
42.46846550835476 115.14716245075067 
231.72612194568214 10.493505098318913 
48.43970938645771 -1.6624391200832653 
25.135277354448984 -31.62525783986576 
20.403140040189683 53.63027748547523 
185.89956575490132 3.7907099123988557 
18.830802516820604 14.611325318267713 
-72.97847785049692 28.554525549682843 
-103.53865367241426 18.164205392295237 
-5.8171579543351735 59.618671136616264 
104.00730040218659 29.916891367770496 
213.9844656164789 24.843393327709727 
93.63425315501924 4.1709127601735 
0.5613114290395346 2.150764034297044 
204.96679268657473 -5.877740408722186 
-31.04774923010165 -9.385135168319776 
-11.186627531566174 31.034448754053425 
268.54420459248206 -17.913970206384207 
-8.3083957210589 -42.545912613081676 
195.73107567481205 -6.375955477287753 
250.2837283658167 10.199643307110552 
207.08404157044038 10.873835046052188 
23.832641541070828 40.275132505572266 
218.18715990592108 39.64206338201424 
188.26318163235325 79.13774816126687 
153.2472543358447 30.864789045918066 
-22.746385556735255 -97.40046571628494 
-14.961417902740108 -52.14584612586503 
-48.203286061710095 23.574904438991524 
204.96421237948735 39.015576514590734 
223.03247583468718 -39.413251688650234 
169.7003098404404 29.875062517742215 
32.96185962016842 -40.10541156789547 
-109.03855688026644 -6.453443148056326 
-3.9919988088737193 -5.983675619115566 
191.82515913741275 0.6219445380843425 
190.7996987984556 -22.093978119232894 
-0.18690069906531523 -0.08121641155294715 
0.614629651798542 0.6667524364051252 
38.89727310009272 7.303432625586571 
185.76577402950093 -12.576325416973129 
43.11458421580935 -27.97849089668267 
146.44248060646933 12.824678200422396 
179.95626764993904 -27.876059010942097 
167.63779281926094 -14.487928106408111 
232.35658640727894 18.700468456431906 
3.8034207552714294 -8.370730771381785 
196.2476549335055 1.9087410043012933 
-19.614909453298566 -28.367082920895157 
216.44403695533916 -21.37441838861481 
