1.0
0.3333333333333333
500
-34.781260084877424 17.023593749232823 
172.79568710471432 -6.263594765187178 
-9.524153692711858 1.5179009643533945 
216.7711583608545 -116.80684376823235 
-1.2162229806965548 -11.3461922128047 
-81.5546227892957 -8.06142157321336 
246.78358416366197 -34.706939779765584 
30.07558925475314 -30.183676621100588 
215.17475446843767 -21.074155198957772 
214.24703420930473 22.144766135644 
158.5369037994788 85.61119609554596 
-10.215103322533137 -0.7519583320624776 
223.187022674628 14.215630472929098 
177.53828990742716 16.122379110599745 
215.77724886314004 0.5861244813097021 
196.27323660729513 -36.17764974648633 
103.90670937596258 51.58807068951682 
-5.355579470957911 62.05464579357629 
58.01307124449696 23.317283457357718 
12.666242499813578 -11.511456112310405 
183.5430739843024 -0.8801410647305974 
6.094572322027912 59.829765476367825 
37.5099659355478 -39.467245372374904 
-2.246977888588594 -14.22548821627302 
217.92627744070893 -41.36866769597074 
208.21296134612874 -14.95323692496636 
265.0821061427825 37.94232714960088 
-24.505331345400425 -84.30994094502624 
162.57418032148624 -7.765011679533859 
-27.57667875610401 3.616682577649838 
169.1429927991273 84.20782501712222 
22.465425410557508 8.20191002273965 
49.89897747705166 18.44949012523533 
205.92928516866905 3.5808518569604475 
-105.29632119408717 -30.341565144044626 
-18.855233391804983 -0.9525438224831653 
219.95863436714092 61.52944074201848 
228.13166077315927 -34.05588895908604 
195.50111843110702 -6.042852913373444 
197.3268510125496 1.5942179642520287 
193.1299764936279 -83.60707158366567 
7.840277182915793 15.601445556533765 
-28.643885198056285 -25.73941793628771 
187.53532698892326 13.344491948559773 
134.51990542065312 47.774823744806945 
202.69861134941016 -10.404044404546932 
-0.44330737612255283 0.7208424296900255 
-3.2410460111742685 -2.8166416143339954 
47.27496339274982 18.137822038233086 
213.1636908455891 -11.399120582637472 
262.8966085915684 -24.014458187157206 
197.0399497022344 -14.012653183381863 
192.39956030963452 7.650289382619059 
-1.4677231799218247 0.8614000096908432 
-21.87920540715552 20.906868912953517 
195.51232451146006 1.21857826462845 
47.36323133708505 -7.797583518923503 
180.49454078504473 -28.908237414335403 
249.5489040050744 -42.17162839149987 
-16.68750953358946 9.181171482216627 
196.94169923663344 0.6782293333584006 
37.06021097258601 3.6957674997703602 
39.18584527896844 4.479142580929256 
174.8844960245464 -60.17187008507835 
-0.3931245887192934 1.102607376486611 
245.74605607285378 71.90713571503159 
181.5204675643392 -9.349825667051537 
188.66660500509224 -34.272919500093785 
125.8840745613101 -8.761106149763632 
201.02898928760337 -18.810906765207005 
242.53519273645858 -93.81974789184609 
-35.60637798161912 4.949949870731759 
-4.428784445189777 -2.9325895009142204 
-19.254606279336016 -24.18581595482186 
6.96732799879439 -3.3686438959572165 
167.45084980710482 14.51254083019391 
-83.10148956549915 47.756535161516275 
32.22157688209881 57.814301236564155 
3.9521288830177856 -5.318587528993951 
201.95512927781164 3.65390044787326 
24.179172350444997 43.134719198265465 
133.96852548401898 -3.4389093684709127 
1.6131024066302333 3.212875909427144 
-0.32877668314678304 -6.115582696021178 
178.3347118621675 -64.96870512983206 
184.7419275927753 23.214091408872502 
-3.1076056772014504 -0.9908559294183462 
245.03676080356044 10.77107237916519 
0.07136611467695968 7.522178828623612 
168.30061540288696 -8.058335357199008 
196.47646018941424 -0.2399944289106528 
-3.437554095513483 77.05198631855897 
51.12666927822281 20.84710116802266 
0.8661658253765194 -24.138990875187503 
225.37766428844589 38.000601552413116 
42.192763077483114 22.893341900888565 
8.332964399378872 4.752005140443754 
209.50506558554423 18.964448012707297 
-7.6752853387806494 12.646935216650093 
-33.683964835295626 6.243085054554698 
-4.4256955661806 -37.21292553251444 
-29.332705047380955 10.618602836173768 
205.87126789460103 -11.416548429562503 
5.55407785879777 -80.80689614138493 
-3.9187487005973356 -6.387748782999428 
-34.80718036950145 47.97083037241382 
13.065677949465636 25.63725590397797 
173.38033142032577 -2.750481495717274 
91.09710019170194 62.1313836447694 
-17.306914819818562 -2.3968010469538705 
10.150859499755128 9.984150469620422 
253.56034881442142 -37.1245848094761 
191.50682204202133 -4.679465360535546 
177.52238367342966 -34.16475962383905 
-23.236036098013905 9.476850206390154 
181.11988479657302 -13.988798255760077 
43.82826511730053 -89.85325331760973 
4.050204990335149 1.4545036830064246 
229.36784997168968 16.456507703764117 
8.396347798268373 -7.350835021628403 
11.964032123283214 -21.219659142572585 
16.12989048928762 49.272905076945875 
184.7551296630126 7.829553288161663 
-5.956348116242746 -24.978199070507706 
210.27282949056215 -12.650762296840915 
200.8993004583069 -37.772360416658955 
40.29889702047234 7.22841498421913 
231.3105165557217 2.655237438668195 
-99.99370589146481 49.3456239213511 
-35.28714417330361 16.14584490295699 
-20.097135884474863 -31.90438071143025 
12.985400897957035 39.34611431466866 
209.89339358147058 -29.58410632627118 
-37.87959064971531 -43.71873527130506 
-15.561954544717768 11.362242051495 
51.30548780017888 99.55577675105015 
200.4903146903291 0.5985118587152672 
-6.811240960730473 -5.337370198526572 
271.3189091290917 35.18487787447535 
213.9788962792604 25.640308229427053 
198.6294677572472 -47.87727641395362 
0.25548763688293025 -3.8464291659477907 
-12.40257789836627 -4.132305402553142 
195.9738136074889 -26.539235485967914 
171.78899725498007 28.514235904411432 
4.047068792724817 2.9498986881708515 
245.2425766095862 -24.229421132243722 
178.98326087848747 53.22647504783894 
208.8650053557167 -8.855039649165244 
-30.10100215905071 -5.048436887336329 
-8.194900015364277 -1.622299942043918 
8.570603103287828 -6.754607921229681 
124.86933708313688 45.63414106043637 
139.26449686883004 14.60830605523601 
204.454522026742 31.566638146141784 
190.79126755895913 -14.206931338711765 
-41.53137399320044 -17.04399308549965 
36.4780083217235 -97.16919129184855 
52.90436070762095 -83.58187715502841 
194.08594596569267 1.3004957127448071 
-7.201761749321628 5.585835328521779 
12.095985946707183 5.453155562958538 
-15.372787294876945 -21.84061261322987 
196.90627634183565 34.714526201573705 
195.83391280755018 -5.527446758165203 
225.41953807301832 -11.536101329016802 
173.6997896784299 30.275819148411465 
199.88563703509095 52.66646964644257 
207.8436766752244 -5.776669159645244 
234.5220164073242 52.48101716542492 
7.795652708326013 -69.06808650299081 
12.985259447516944 18.133253318364936 
146.4609644443283 3.8818189975099497 
-55.9846967518321 -8.974824946107818 
206.93833917549796 30.785866996044867 
-8.842983809015776 6.417430235333168 
125.30358657034553 24.719172300877034 
6.181888712360342 -17.055143874057222 
199.48148303337808 0.1667993821794705 
205.29695992351336 -35.5413601473144 
-19.012346187939535 -16.263545701402816 
-26.735063378949746 1.3060424335304397 
222.04193275972426 -75.40301511806115 
191.70256019054236 -92.86653958604003 
41.25309830087271 13.885580965703191 
160.37317477061694 -30.03632187519986 
-27.34911002319649 47.110834565959976 
18.873507676808696 -39.31793217959569 
265.9709348616769 -82.92530328132374 
228.0843517075137 -6.002857783813059 
241.7495777229924 -11.088764504944832 
-56.43516020188486 -26.906364556710667 
210.80758098661204 68.3426867466396 
193.64522086620826 -18.536606239950455 
231.26722931714627 0.4799578962951991 
208.60520833202386 22.036730724659158 
124.18560250701854 -58.38605921599666 
200.64516277825254 -17.73702232335459 
115.14460587125411 50.9621586475239 
-37.437657751332 -7.471846087409996 
-81.98311176598871 8.509577162801628 
211.72743725068284 7.2684327092262375 
213.03385352266127 80.11045137442322 
248.932862191023 -57.07002516433168 
204.26139960774478 0.5679435799055502 
34.736683681303404 -9.363499214206959 
225.1400134827236 -16.648493996925968 
-19.875085552583624 11.746087250259595 
246.39273843892633 25.555191648251427 
187.99206579804388 -39.362649858262166 
104.40589882377972 1.0116580062630989 
194.12200226233205 25.5970762066764 
-14.39882179206007 -1.1775786071279448 
236.33870190898392 15.514387635529577 
-4.96241845489576 26.76820939487696 
-20.206859932584052 -101.18572362993137 
0.9303455511307773 14.577293936636627 
-0.06601070131360044 -0.2857282963844081 
-5.668842674383425 -59.3093296402393 
-22.82575677797912 -0.6183035151942369 
296.3857296240648 64.10589856655184 
195.0087422177638 -11.786529686264124 
127.53852545315745 55.70972045120062 
285.93177063988213 39.94126204653033 
188.48494891843504 7.467322708897192 
58.17650004029485 64.69524532219745 
102.81302596602815 19.626991621348463 
163.377433120637 -42.03834350378815 
196.7278264252288 87.51760660963329 
-13.154381300471542 9.640784431228411 
245.84975867603356 -91.7027724932424 
11.97369931141475 -27.65796110275251 
-137.81018154177266 41.82270785558465 
172.8588554582352 -27.244787950291713 
182.372784054856 -5.299226103834562 
-12.257273894795658 -20.146309288339488 
-20.64391099939856 62.42536198382626 
220.60519497193263 -66.3130413612883 
-17.51112062509784 4.714399262696926 
-25.697237481857776 -13.703339135155314 
202.51948191786744 11.585571551878228 
179.32127291762185 -20.53088490584876 
202.45472472249816 0.4468426476796716 
1.62630033434814 2.4323715676780218 
-21.31436164300106 39.61490052800601 
16.30043743183125 79.31140192297185 
32.663822905553964 10.7465809790367 
210.9563641287349 -2.7708045369042393 
256.6838732298969 20.785101128969828 
0.06377297668675727 -0.7093427903323715 
208.17719685337875 -37.21064708168085 
219.60622679858028 8.324190805093373 
200.0177419551235 -69.44952029913172 
136.79915700621817 -4.930847823160672 
205.7374105761037 3.3499445361111464 
5.4949739413020815 -16.74065226136119 
97.09365251528106 -103.66888770336108 
175.80628923081878 26.420776614339843 
48.88408325823236 11.172542280017415 
197.4082056276909 -9.390067570277273 
200.27923237426612 -0.6077540600741456 
200.30924308762457 0.013184652820190755 
2.207790467626764 -9.958001592690524 
176.2726524131252 -51.29127648200005 
1.7388467209082696 -0.9918576836923938 
41.89623954322371 108.83435284852348 
198.6928845187214 0.4237975007044675 
223.1161110718516 -14.84764735179661 
150.1768281962878 17.070637222365654 
-0.16483918266638406 3.8981964273712575 
3.3518000813892854 -4.227491818009541 
33.103291407868824 -41.396597649883795 
36.93283244523021 30.41126912130707 
-12.016399350294492 13.83115960012154 
184.3663823432242 11.914492374375055 
175.5783696356381 -9.823890779041843 
259.2025948708114 -44.26849873517811 
-20.951134526455977 8.414912989920527 
206.78752456967962 -4.570837972840326 
182.26736189292134 -57.77953035366082 
141.1262276329458 -3.467122801320726 
98.46105945695508 -0.41639742596016716 
171.20675829754032 -28.830911961734248 
191.35018007426862 4.612006937922857 
-16.308658102250746 7.958162718098155 
30.11674110474252 41.07412685621206 
216.6454971158494 -98.4586540197389 
29.189573282452837 19.38551304618246 
218.84471213570316 -5.8462829417184565 
29.386512477311324 62.56681312691487 
-13.694372157029292 7.814916842382291 
-13.549594206921943 -0.20216999603895783 
26.918788867767688 -20.66458646036517 
16.684905299124534 -5.027269060664444 
-7.006931631319328 3.302701355135737 
181.50191926602747 12.218947287701264 
80.43146105230471 -9.318110550026384 
236.517920450412 10.402670862821266 
211.55645240877934 25.669606170464043 
-10.72606752975077 -70.72283236823004 
199.30761509874185 -17.362068757593814 
196.69256119599294 62.369530575193025 
50.22423689207978 -47.23987008602957 
-82.78797657516603 -25.216377613389273 
-1.6968231120504578 14.004657603744928 
216.49094657467916 -12.449967444854783 
-9.709247359884403 -10.358330725330175 
23.072241265691062 27.188660387736025 
191.2433076909685 33.93585121773673 
200.00679609325618 0.013664004232335089 
200.01270432468417 0.0038753412139846993 
204.89837691959423 -4.2575168109667425 
212.10847809992092 -23.200782967362038 
1.8874827501913372 26.72442222625702 
-6.5879265602451955 -104.22604595623129 
199.62239426784242 -0.2328903891182162 
-7.8352530754397485 2.030359808216566 
163.08105653055833 -23.39730399142453 
186.03180042352784 6.671339365239958 
-11.146979006150215 16.971276173369464 
-9.602065803509968 0.30018698487986833 
-23.411709933221157 39.69405798843333 
39.64218002455998 75.74747468537822 
136.62877563355778 16.84948556665925 
-86.59701196669683 -37.282134713522076 
146.41310253323792 -22.04141807575626 
-14.373225469170336 5.687801946554869 
226.32169029830996 8.587876372326779 
-22.82436742166696 10.350898407611707 
201.22897349417659 -7.0376177469621535 
198.65443065935645 2.2742416777149197 
183.64132808085122 -31.613203786273566 
143.35802016567084 66.06137473178731 
178.12851007225228 2.3805846002367987 
170.21627706734924 43.174705493252716 
254.13759321576651 -4.011169205634436 
-25.96405572714298 24.2406347145684 
207.74236718749964 123.08879427928497 
200.68545917106175 -0.5069161039298141 
188.5975275891822 4.558945442437289 
-38.37981554123044 44.823637890307495 
0.81575319094183 -0.6817357798510074 
171.64773828879075 59.57295583023927 
5.11249455327385 36.26428392001161 
68.74402152727382 -39.37267767258385 
249.06618068057557 -36.975150868550045 
-9.821002849614374 9.933065772078514 
182.22741568560787 -6.365808929039017 
184.48502435414943 -6.1085605228979665 
193.6141399743937 -3.99214600697663 
197.3784443021204 2.234995966122479 
204.2498622397423 19.61916104138097 
168.71863102909563 -43.25046255865862 
192.41370636958254 -4.6194382605793685 
196.22801889119984 -4.205324477224763 
196.86626015624657 35.41991342307281 
200.59041727605612 -3.2825269160335 
-57.60893954744089 19.359732070755268 
226.92755941903002 -38.339474202296906 
197.56406524326187 -0.17985702097096015 
178.9603886987522 -18.175782493056037 
15.912640080884199 -35.513910669935306 
-37.719371061750415 -9.00780835380288 
-22.13796841767893 5.085786808686175 
-4.5358995702609 -0.45538611390961165 
239.82607447374352 -78.67399456873025 
233.44059096082006 38.46004436420205 
205.26598403544787 3.696280071005518 
8.10509246088131 -17.468034213155892 
2.3067657194709525 46.23348068578498 
202.19378703878195 7.570809504997083 
153.14532896317235 -21.124944492405113 
200.51382049827615 33.559729098813705 
33.93208696835003 0.1566525453460815 
64.7628444968288 -95.4496528633381 
201.00540810011086 -0.48481779295732846 
173.52557476484614 38.30329493609602 
-9.58997682516731 -94.92439349632564 
196.06490863618015 -10.002476437150285 
64.61840473045336 -86.1898728105598 
247.02890654493308 6.246849544893488 
235.44364502031044 0.8079122765334201 
-10.573746723368195 -23.169455969798385 
1.6635149490027592 7.510478417616141 
10.6671966060791 -16.405382363218397 
206.11859738303036 8.646727974873425 
197.30004421494743 1.5439237393832597 
222.37966445895535 60.442747652274726 
200.1261318938121 -7.1089973948712855 
214.73957485439564 32.072016095882674 
219.47555044446668 -34.80615872453378 
156.1275997963403 19.927381797728252 
3.1599539144355995 -5.38292655112828 
65.1217715447419 42.12523144498395 
203.97867022617845 -1.848420862060309 
227.5448600915876 -43.74097152494021 
199.45944706691935 0.3526296011237653 
-41.8262663762429 13.114802513042708 
197.61194542208545 52.513403368186665 
172.2423527816546 -62.3694009590931 
206.02388784191317 -7.219415917617939 
233.4148635357182 51.619937367946285 
201.54216616347372 -7.046512395792367 
240.4116104550631 -99.75229297706281 
43.964279424844605 11.045018109775157 
172.009458160777 -35.90715041479561 
14.452351088209259 6.3226246579787055 
196.20397454097318 -4.163639666392409 
210.00127705623314 12.943817377132143 
259.59205505779187 -61.62901184553767 
51.5516862607218 -5.262453718364337 
1.171310622586565 -36.478138377719446 
-11.482448178858126 -1.1674599630877118 
216.66517379363802 -33.898047448296346 
-78.40128946620975 53.62502919219007 
196.1082559761441 -10.799793108563506 
-41.304902979677706 -52.29619711506955 
-64.78087558333175 29.37661494139807 
4.319484598697239 -69.4538309901782 
199.90765730837398 -8.908212346018502 
-10.135186309489487 74.28619547077992 
12.489352703492658 6.2506477562825635 
-32.88683400659764 -27.999856193204142 
197.93993773118422 -2.6786160820201017 
-5.771746272800154 78.45838705915232 
202.42226880104954 -48.59419974729068 
9.572226503955449 10.04860356453084 
-37.444054391235554 0.1694393643075474 
48.09371134555943 11.56291415351373 
-1.34587068203648 1.098460340271325 
182.96428698894115 -4.472203109572739 
10.455937505767864 -23.272345289455664 
204.32937848430944 -21.970861742261953 
2.2513468676778454 -52.14577968516572 
28.799578849793164 18.453710732256376 
237.76594122235153 14.175782540702459 
-17.967060613783843 -36.52681790180637 
213.80890105655095 -23.52728891760995 
194.6963392921541 7.723279435543551 
-19.062876894913924 -84.37807970700719 
-9.739895725827008 7.271782274182476 
0.208247771140409 0.4596574204660697 
-7.418406274272042 -5.365737175113128 
182.92606562615214 8.123037853087055 
60.12751777989034 18.52010537570842 
20.565734491744877 -10.057470008663504 
71.48542556742716 37.24631349219154 
-12.549460750995731 -90.57104932607288 
157.37326480832326 1.343648309137199 
207.90136685855137 -7.513762546321748 
95.97496130135005 2.051596139844588 
209.0088639797632 -12.066217586642589 
201.3706838531161 26.39595802078879 
223.84786120747248 19.72423519636731 
-3.0762142753004507 31.447566153107775 
33.205251572176515 24.946018371568872 
-1.4892603134650297 3.2100866490989537 
-36.917333425518535 -45.14380551047239 
7.570613441390374 -1.2306147958792182 
32.28615445235467 -38.0531668383227 
149.36950690770973 18.006307278891228 
-4.512941376154769 -3.042340524340889 
195.79325768802235 -2.1514614212245595 
32.43271198322394 11.872346878321396 
224.21071181264438 -20.501491390149788 
-27.24072629252052 -36.79132707118942 
155.05632867041413 -82.48235636108623 
10.115544462966337 -102.42405755445503 
92.31771901322698 -3.4198811003650262 
180.7576025151783 1.60137807920827 
0.4842026999064385 0.17627660625755867 
224.96927368085213 -2.9423175425702217 
-36.037776112459845 -104.50721364379007 
208.31698303703868 13.406305204295677 
253.169504159706 -5.3936139378032015 
24.847293096746252 -13.140575792081497 
197.9543252694363 0.14492316586011642 
-4.431367903138365 -3.0381594770096583 
190.0289917723811 -1.8236609967629152 
-15.694583880436607 6.095732648769132 
-12.076431111637078 10.437401138249921 
62.690419064441414 100.04518675021403 
224.37271855349405 -34.2727223895683 
145.3303646272285 0.645448706973202 
151.26383259634696 28.31482668781255 
220.78327324241064 -30.680692886704986 
0.627632203453693 31.983018465988778 
-12.1611159202973 31.430711819665284 
-4.4350439415118785 -9.253156198547725 
2.892982910465409 -8.654254451417534 
38.63559343039986 -40.67593779015817 
176.30614868005978 -16.930163924747895 
162.0797514563501 31.963936634591253 
227.66350643208023 66.04686451072531 
23.543622510053403 -20.814869491675257 
255.11804615073862 -74.49844883666042 
126.35225982737823 -42.234178117762006 
175.3290356988904 -0.5094226218697125 
48.64680880883221 -14.055451191749713 
260.62097008355977 -65.75930781100163 
