1.0
0.5
500
-74.86725284154883 -16.631541572476735 
-46.18716167074548 -39.68135953357018 
157.8282691951483 91.1293728892389 
180.49429510322636 -34.612828970122536 
0.5569230953126141 71.74246289375691 
-16.527217340021167 53.67646184455886 
202.08369294096383 -57.8742987755727 
19.95342830475928 21.419834666192482 
250.1047780276464 -56.76578722283733 
6.060052575428152 5.16003916815327 
159.87226268135464 -76.4708696128759 
198.37544978475526 -4.753712532079619 
113.83076747365793 21.064370753524248 
196.25115310619395 -5.107333262770726 
214.2184533324758 -21.71316315500662 
-19.899290830232477 -33.16713241460253 
16.55098975798121 -16.593501441412084 
147.50318068484682 -14.649198346567072 
200.31069066814885 -7.60032792538223 
64.19915667455578 -15.851182423480905 
213.17907186332167 13.391753520135026 
173.47555348234778 -2.0915080862524995 
257.16293722242585 -24.932687582781014 
167.83028853019636 -82.70227861110696 
29.009807933140213 20.881434133186364 
217.7824783646238 -38.42542353336275 
182.87436811084706 -42.18332813124267 
16.274199855358667 -3.834765726709554 
301.2870811125448 -58.08655501014764 
194.22104883612323 8.845926750569076 
222.68666240124247 -0.2799679230234682 
146.3129296973547 53.75120839428847 
198.86517539601195 -6.314623391692581 
179.62382493243712 43.19064129972956 
137.7691250077247 66.53283197025263 
-36.08031658560247 -38.98819339546321 
20.04631335667651 -16.699234012335506 
240.29457839372168 0.8715981368770573 
201.58169414428636 4.460735946123188 
205.51163323559553 -59.07720405610715 
-2.7959090351301743 -12.367169858494591 
36.66731379083001 -52.294291697376806 
194.4848994949174 3.339528939284965 
350.608622238933 -61.84273171022614 
-23.518004852686936 -16.206224836865566 
130.13781823581633 24.45773825024602 
-10.525172793226956 -11.418637218961264 
212.28537629856118 -7.898550889513424 
152.76201689237348 -2.754096164349284 
230.19940594678337 -12.627057885973262 
5.825894730833422 -4.060839902654115 
191.8846538647347 -34.052023755528104 
-13.124033942797295 4.181584022054862 
154.13104797672443 -2.890067673459271 
10.408323456874538 -3.164448613811501 
-16.904462639967576 68.05573426497318 
-51.92446279622423 -70.51834318933564 
202.81508999835953 20.377586699858316 
2.073950871246807 14.36872002121725 
133.73341571086286 60.60587906021508 
16.18275698493737 -23.493116098658124 
26.6922633805677 6.568514309877569 
234.20997246759168 92.59044327489681 
3.7068334536843 -32.62301059227093 
208.72543748859417 -12.158916405722328 
139.66449357075888 65.80643229224776 
143.41829436205188 67.53219543088439 
222.9958557809612 -9.90998899195056 
211.68910581346998 -63.475279837619574 
10.151661569522602 -65.53149236378873 
121.280446522074 -34.37468738257226 
165.09580991844504 8.191545869542537 
-4.417875753158214 16.14524748595921 
188.1379772346871 -40.93187966920736 
-7.772838754823308 24.144747438817156 
177.1865260049958 -57.95404015203526 
200.53433036674562 14.471125494149296 
46.23689693948953 -84.87826226589873 
257.5893381200233 -103.174166748566 
143.14405825363164 39.31917124382422 
217.8914001634116 5.403592870418925 
209.5941947673601 -56.424001812310294 
88.85679824335362 30.115838991274025 
201.0825454260109 -6.537727662834035 
185.40910914213683 -28.386792223482765 
232.70993713612924 -85.65582515544651 
-30.54053066234431 57.79454199141187 
121.91098037402263 -59.99944836306668 
-26.35977774371735 -79.06606210998011 
31.041803701431064 -70.31107553871593 
254.19308439799198 -34.70771973955357 
-8.985790528502141 0.18306780386078497 
7.05827334979363 5.729117525109455 
186.54153905128277 2.231978789994697 
190.7038819467812 3.7118715423667785 
185.12178873207597 -5.167220824276874 
231.0965077462644 64.11544720071518 
-23.64272247749586 -51.09717676221672 
225.12101079927618 77.03641980811159 
8.10540902200511 2.926383154944936 
2.491904830859754 5.7772110868642095 
215.94464547014226 -1.7001609857356557 
231.73747017382058 13.043699461479603 
176.844188487527 20.163419846849354 
26.649407249314127 -37.45820547720648 
-2.119206195512222 -26.225360551026633 
150.0636864054955 -54.72831939443735 
69.18379093860092 -16.792184041794503 
242.0322671427507 30.645233197398767 
200.72213310679038 5.64672116190167 
245.50728235345244 49.48720738410599 
207.2664793491797 8.651580576069977 
174.5099543801639 -56.3338920223503 
-3.4867180351120948 -12.34795178277039 
-4.2518450169974695 2.238964715264232 
241.76257001874632 13.563113805963864 
200.82060689163345 -0.5470922533533296 
191.4016792236042 88.28766159125092 
187.0511056679533 -45.41758290939981 
54.543031847674555 -2.665328725985933 
11.968011495781173 31.783662343153242 
195.39790192860255 22.075241786410707 
-8.73615615839132 -1.0797268366900112 
180.83766711163403 -5.951156889717045 
12.301590639260413 74.77749989294475 
-7.4707624778880035 -39.29536811687369 
221.10061889068015 24.356438448999693 
211.07531639127154 120.01020512636782 
186.78229822418572 56.28444295070677 
199.2665830063767 -0.5352118115255229 
208.3209314017784 -7.908811696250851 
191.15723680277787 -37.22039756922117 
203.92801400583238 -30.766633333219996 
76.26105332606808 -57.62933192712448 
-94.53005803947488 -13.64580034976517 
13.593384045064818 -70.21648185392324 
-3.241281426635613 13.1611866245629 
-15.726518854738885 25.66990404509962 
234.70726700344753 -28.939678398323558 
51.920941528745615 -24.42313312071195 
-86.66388873870791 -24.658244966191265 
212.4321867027029 -9.467837897412092 
-51.53821336551972 -35.91183932121398 
25.29516488021696 5.373834640617457 
232.20428437307066 -3.518457196317716 
-9.166909901418082 13.282699811586463 
-8.119096485801114 -81.08918125115274 
0.27952903009040164 72.93953502190438 
231.43897251939364 32.067544323939956 
214.41499687713505 -3.356647638937209 
26.026329874671415 10.674679676121483 
199.48276465204074 3.457257956192658 
-16.64694602388894 -14.697216489488875 
202.91922324075983 12.43787070517135 
196.58656129741843 -2.000920739267332 
234.3269380705852 60.02296442917446 
138.39572527793655 -0.29926996802734135 
275.41871126662227 73.86116866491156 
208.73047525944355 -8.762915914426022 
-21.275171318721032 20.06055166534835 
188.9413978486817 -21.563798494825182 
196.38801088100354 65.31694302821852 
1.2003192378449745 -0.5025264786488005 
60.246746087400886 45.7016493836045 
-2.2717118376923766 45.10000780298641 
209.24916146966711 -0.054845267707194986 
-1.9589393476098254 -0.9413665109726026 
191.63613224842135 -8.745165100491286 
13.390622659582826 26.220381989727304 
262.58749227132506 -10.517380304747105 
13.158723009006353 -129.07545475990216 
185.66871894698673 -8.212346047699175 
204.9403349816229 -9.741708577088145 
217.6779511289567 37.48805459297059 
8.620692056786694 -12.483528008900551 
166.96619033737144 2.3477274337968455 
8.076009568183876 -3.2387662293178807 
204.65642461194727 -26.648621706144375 
5.762183162798192 43.5390147743373 
298.8312321841599 -6.804925716541619 
-26.588824934204325 -18.70236313225625 
17.144451067629678 -75.60537805686931 
191.99410784596316 -11.834306963872137 
259.8039933181905 -45.296944038350844 
193.8088371097212 -5.216868366318439 
20.94706603337629 -19.616076438484072 
-7.254924344042203 -5.203396979703093 
199.44567398362076 -2.2615277011385295 
192.30067535721463 35.335983649646806 
195.5817456562769 -40.24515219081531 
202.806589535434 43.509467208495835 
200.56973699307179 -10.241968781581855 
-12.930197948201046 -48.610333647568226 
198.4714932042716 -5.835050165279553 
31.34694034048837 -30.79775110497612 
33.33410225688341 14.200720721896746 
174.41884377286684 47.10044605622693 
193.45378181811554 -6.254156003673067 
-13.411832435885783 0.18285459555995198 
-17.7900821589559 -1.7939569742020705 
162.09006012263862 61.701120737856485 
-52.02588380192369 -27.68643720324594 
186.6853176818015 42.31823191111065 
-3.2740852471515876 -50.546993331849315 
152.97795612796986 39.54488651057172 
-45.77167053664355 3.349873434635605 
6.012535167558104 13.138889832425411 
42.03717607116693 -27.468492519191752 
195.7025091538017 -2.3767081515103112 
199.25600461761707 -1.789240643565855 
191.51411208677843 27.35874349262015 
26.500517120693473 40.02214970493248 
-17.803691338946837 12.398846212694277 
161.25553615459322 53.307636723323256 
1.0058437880146058 -7.045020564880173 
150.38077579190983 12.721979450462268 
-46.7788695446975 44.13442153281421 
163.33733593312735 -26.422883973241508 
-20.019499607435822 -18.69717960078318 
30.55005291795381 -13.144604050151196 
-6.642081093583606 -4.40842405132803 
-23.757189529812024 -36.66775195800838 
18.140300173149072 -2.2641020888468084 
209.61249668298746 6.27942019818322 
34.27932364052577 6.520651075807689 
188.90409947829585 -52.70780089058413 
13.801168516377347 8.260872047076106 
7.669037422949892 2.8740972956152278 
3.0100427028861936 -35.26237139323241 
144.54155851383334 6.951137852925669 
199.66082257161662 -0.2636327669702075 
11.0579703804162 -4.822713400511931 
-78.57914138963199 45.49296331547249 
11.170472480804161 44.96829301620046 
185.18918116528246 28.44830157531708 
-5.2612354730042545 -1.2883258295416622 
205.3675621535636 -1.3258471079349716 
33.82771943869482 14.462133715323302 
-1.7785106949793177 0.2988803668903781 
27.3105331375073 44.777679770610646 
262.42831709433096 -2.413757049886944 
-41.28849600094938 -26.266326793847384 
0.5192835247137468 0.4662266658322048 
217.42433204063005 -46.14229043544865 
209.95718603386865 0.7425612086975977 
197.00596747081664 5.765534018616299 
200.0003821148921 -1.542738444134879 
41.37562575915034 -32.67510159229535 
196.78879949517582 4.44330057778891 
-74.01621648266976 68.95402348441732 
171.1777608025389 10.5211460890377 
76.72834986614573 -73.70177073491513 
251.34877790973766 -5.016988311646855 
283.62669119910333 67.57664198688535 
146.67169427354116 -137.41253207406143 
199.87107600017964 -1.465393739938059 
-3.2405064251770703 1.0938623566966037 
176.00610252180383 -16.472145209508685 
177.9569333755461 5.992596807290221 
14.283986530305134 34.94550092135781 
-1.2369419973547442 5.680380413419433 
206.19929908185193 14.445574089704433 
-30.883159378026264 18.381880221644764 
-35.27110464619896 15.466047899993049 
27.179822962671782 6.044739404088358 
209.13349798195063 -31.272379231098665 
193.85774158874705 22.496800790835795 
-9.375845095144971 -3.0145824125939904 
-21.55334645372318 36.245073919401065 
202.58009284193713 5.571022977312623 
204.95942680572662 -4.08124878965473 
24.69476311565625 21.22149278470961 
173.82260053938356 0.7333827439475624 
94.11209449334363 23.47673233966035 
204.02202892180009 -28.94475839660706 
-28.031007659862503 32.38835685659169 
214.5492306639692 -34.02487997397143 
220.05616422141637 -75.28661914642198 
156.1437897604033 10.369759436004943 
-89.85477902616135 46.15212769903519 
-19.464084497847605 23.907280630945486 
243.1975570277935 47.21570510948929 
183.41516904367577 13.903129761360994 
-0.1931012399168979 -1.127871250230196 
208.06967158309772 -22.00157368797868 
197.36278009477152 15.317079859515376 
-11.20359670249695 -20.891134246278934 
2.2472402945075607 17.46076803195824 
205.91150054786678 1.4067483174419422 
172.4367904260217 -8.622705645890584 
4.580434956597857 18.829978107149245 
-12.145270794457817 -21.750086600792148 
5.8887747977973275 -11.723358095449743 
210.25056896227414 92.92702880046278 
11.32275696244757 -44.09253751197798 
221.54955626527516 35.75388673318327 
-2.1293806936657207 -11.707536090567594 
259.0845051921817 28.306781365705074 
-4.72310919411811 -40.66759436098539 
261.5672061098773 8.326609461613288 
-0.17411003479835427 30.669289390218772 
33.71428316907563 23.3710013512862 
233.02971184143968 15.75665853227097 
201.3431521529071 0.09401045032415326 
-15.842510251641398 -17.364686049234667 
36.17665074550138 43.419028596657704 
209.53554833350222 10.850967200494916 
120.44141828249208 8.10305561762704 
78.57436030043657 -151.33560385885252 
168.62280876951917 43.70570461819428 
185.01362635796931 -2.6821607321182257 
-12.491233413393093 -115.10391118618233 
22.173728001473837 -43.09525812412683 
39.27126325936621 -36.50073437666803 
189.11030291899576 13.872912221823512 
226.9701402073449 0.4287645374463817 
52.92669147545001 -37.370162155405644 
240.5847913201097 11.68626829775215 
197.3159709610299 87.62236037551627 
200.6481399208931 -0.6288395508242088 
143.15148600034462 13.600214610382816 
0.5164812658060262 9.643438477763324 
-4.067024693086936 7.6910110870886585 
12.807072124944158 -64.86707191890018 
177.8042376986322 -19.968874030241345 
187.89366098924273 41.06006810824452 
267.8825854267612 -8.588733499187516 
174.8570716791394 -0.1404881379601897 
-9.085680791647302 11.252366126231395 
57.58599948716012 16.36815400112514 
269.85652969620526 11.05122897340253 
187.57120858939604 -20.853167795994555 
199.86303919074263 1.329409228647965 
6.917647482856247 -26.679843147272415 
-4.32871830728674 4.799874886365087 
200.86190706911285 17.188957214258746 
133.71582355142428 29.693247450774763 
3.4971869461478664 -24.36872491853501 
198.49281064267387 2.8288335775046507 
177.99870138900513 47.28939593674431 
1.0415999432696261 -0.08473632138769593 
172.40860013074033 10.946970595459685 
216.0270015896286 3.3666049635031263 
-2.2004920811320683 -7.0724591560569365 
-23.00678281993368 -22.17868292065234 
8.47887111789123 45.20805836227345 
27.13744291368338 32.51439457234052 
46.37578593273387 9.061103392039518 
-4.871470408167144 -27.547352002647884 
225.72309347015857 -5.912749879042256 
-0.5156100745127197 -1.5160702253109124 
221.94588119031596 33.51627306267539 
186.61248508468285 12.25582175114226 
210.70796484958873 -31.08260404347171 
199.25507970734338 -5.2765869779119585 
189.61375226653226 -46.593811310770334 
-46.42544808420477 94.93364306438227 
195.55340679931774 -10.091901098429274 
47.581755141547866 6.099059727655661 
193.2082562010099 38.761498834781335 
198.44923699434366 0.07400323875409223 
28.729854844274588 -4.704331656357991 
-18.92205981120562 -65.51368728591832 
-49.61274078708662 9.8794175862589 
-4.29650604563109 -29.981970233695982 
20.58270930823079 11.279782823267956 
202.92791517928478 -60.413933118007726 
-8.568518536017736 -14.60288184398456 
222.69991625659674 2.1058931336588045 
17.570556829790984 0.13404972549607094 
56.88181314268445 42.265508339150685 
193.90686191400258 -52.202190630812545 
1.8284173253333837 7.726200401718355 
-7.14010259025432 3.9774542082216207 
176.83413990736398 13.116222902909708 
81.11925213922275 -17.810601494844864 
-12.19021076879407 -22.657522521097114 
194.55688542424224 0.6369455953495917 
191.3928633378896 -43.65066480983271 
53.0690059572502 -43.27496415018303 
186.4728892995065 11.691783971228297 
3.8360527409708056 -20.20066770499904 
-18.807913407124992 3.982067725472823 
34.872289223755395 -5.2610879053967565 
200.9757861803787 -9.674706242038186 
-4.39655164041768 60.03295363529955 
-10.755191897557308 -10.73604078901515 
-29.35054645150769 25.567789591789076 
206.16875976307776 -20.85498242254765 
189.19476325222539 -2.689978901203956 
198.06701609186055 -1.728191545957567 
-23.222546375790582 11.013397029690916 
75.43932371070085 23.09593749259952 
-17.4618840153557 9.680812961027746 
103.97034442514381 54.704894324327746 
30.859634116620885 -79.03563055757292 
198.13870593339516 49.65018331392534 
254.37022631102388 -29.6549756683815 
61.33998158125406 39.09929666496219 
-12.346565600996886 5.468551507497245 
195.9153530367583 3.6541317979193506 
237.8599860287897 -4.767118633649079 
216.28490403671572 -21.33447116666202 
8.298349091655886 -1.0947805227464258 
202.78194605221833 -29.621022580612955 
218.20112272781142 14.52707617896329 
168.0041388472618 -21.759260364730814 
210.461263566637 21.564553013884534 
196.56129162628005 -0.4630662272065257 
15.750770218414454 4.15216878347512 
205.34687876909447 11.261771799177692 
-22.38290815851231 107.91998722328326 
38.66148784931788 42.958884651810955 
-6.002574823904783 -12.620452619974147 
178.46933889381273 48.28605377202671 
19.88152772185354 0.7524831143580657 
154.42025357730228 32.303982528633675 
186.54419156165704 2.912166987502858 
9.558011899829632 -36.47394959183595 
13.180323417734975 -4.27799945747086 
229.71200226174147 -35.15017049974421 
187.85617739012253 24.423073965913233 
225.322146456123 -67.8685933420758 
85.24472859172066 81.60664427513416 
234.5046879403521 22.5701917105147 
216.52665738291734 43.97653047668383 
140.7189510600378 -35.39164516919082 
11.485479099232114 14.348709366255619 
225.35602314888948 -7.579713046787906 
-25.77446894936991 -47.320301394989315 
220.25249601107558 17.91356189342012 
221.35159603280823 15.719221093184075 
-14.69328620604182 13.405737329349996 
10.71392941918234 -15.86005630681088 
31.77160933833913 -27.721505355699758 
0.3257516929635598 8.744689424179219E-4 
123.41168066809227 -72.50076891045042 
18.453858249703355 22.467686278754933 
-0.3489000424678077 -20.33570001396285 
-36.51179423376377 7.60583473730239 
255.04774236002467 17.95624670311505 
190.94022105042947 15.201261360217163 
-4.748123544119441 2.024438880751772 
16.71958951144229 3.727664522783229 
15.13585159424462 -32.000224043835715 
237.3377365506616 11.005365301896019 
202.22991609228478 -68.35504337739765 
-17.35163457040342 -7.133320569586647 
17.287027682045395 -30.87341245715214 
171.6303265487987 -27.824404183326784 
-26.98529012428715 26.819558102198616 
185.43161400940804 -60.181616389035845 
43.238518240425925 156.2786862499712 
-4.291543639040418 7.265627628365889 
-24.00830267150008 -9.727143374537487 
300.43958022039476 7.02170971033706 
182.53793270115182 -151.16204466148676 
-30.556669018742802 -18.846166434365628 
203.90268369158858 41.761394777453496 
-26.784148186559307 36.702658393235424 
220.55256237969533 2.4429818804528862 
38.19499662006362 -22.0482830374105 
303.75343667371226 -63.4736055890027 
194.20574080090998 -54.66929765999493 
184.1047501281246 -42.43957273550328 
56.705423534274914 33.26194649703059 
0.12728332312056762 -4.795383873893117 
205.1456590419011 7.4125768187895265 
193.2055513603454 1.767248859903046 
-130.1782580279361 11.616161207583083 
201.87428629061938 -13.489032567185202 
259.98049599165404 3.3112943184589976 
197.46214433179725 5.927281627294902 
254.98646753277853 50.70073478926718 
-71.19857734092096 -30.967827046004004 
202.43517776490327 -0.524069796045963 
187.27294511235868 4.602350541648511 
211.31515537529103 8.692827465206193 
-97.87471328644574 -46.607226880674304 
223.22528107417358 -17.205389863703466 
-22.843072132219653 -95.27648482249839 
4.6681559521118805 -94.82932493800415 
-64.40399453887345 18.358509895534787 
-2.3041680558249955 11.378937674662843 
208.8676017274862 14.29887790380927 
188.67796788248899 10.645885383492656 
67.1460895405869 1.5506401146962907 
197.5894592702193 6.713393986135696 
-3.2861329691582792 7.3441899899964875 
145.6136751800953 -14.90598111018607 
-0.7513692491287386 -0.0971664823275431 
196.76674394865793 -3.592497950558206 
199.99456739211902 -0.05269428613647048 
239.7732674718395 166.36544150264945 
202.59949790034662 -4.100580818853951 
3.801223695853583 1.7987652412032942 
-5.259365173801982 -12.174522241123684 
-18.173561298071967 -55.45898456145439 
227.7449202607394 65.19040253037106 
1.278787781307928 0.8350485194937399 
