1.0
0.5
375
-3.4162817927397486 -10.035548805689091 
202.71381082888777 -0.4047787275801813 
203.48563248353918 58.21304831055786 
182.86118941670128 -5.465205964925926 
-75.61698031129322 -8.6329337520807 
-9.874433115819711 11.080881988813752 
-29.874350325119163 -61.88810367583092 
14.625081301008676 25.956389789183934 
-7.073422239221588 -7.627309398707978 
147.19635427431282 73.962281955961 
-2.061454528122556 6.5037639452953275 
179.29310636483322 -18.423779226164513 
-1.259556042069585 -1.9832803039571218 
-6.359025086449233 -41.5992889468626 
200.85519767476376 -2.495578279969896 
172.92888460174453 -86.42278876360388 
151.8931992822276 -39.61116168155747 
20.174951163546453 -7.996332690537385 
-15.124367732933178 -39.78208397529709 
10.548102024596037 -61.81384888405325 
239.25586880763055 93.11755647319087 
-0.8805556876469846 20.948900152825015 
168.5478868054047 -17.513364586128937 
228.33990999515646 0.6944887250224603 
182.7871027361009 20.008839772559156 
-47.289046470877764 40.83191688299861 
-15.928868742916281 -21.42687768164525 
10.961854530003421 35.28161031689199 
35.33003880572518 57.48780375228636 
40.69981518578841 0.27376338490058294 
191.48551096017786 0.20220715121135488 
84.6771847702538 66.71999216375646 
234.71651046019394 -10.579499397267616 
-1.1866940716151273 -0.5247107533134103 
-84.61438715184852 -86.66241577749665 
188.73694941373873 -0.07614296533668223 
197.45087183776917 -6.603626045020223 
3.14813515802909 -13.639280830279422 
283.84548069046593 19.328244401304808 
40.98212853223693 -7.791566938674884 
202.3858946619954 62.61908204354869 
192.06416834234932 24.058613583705803 
-52.578869504194714 68.07376703028072 
44.287713665696835 -20.09104208246933 
-10.154823060604963 -19.975337728073086 
215.45322434775838 -34.189268437718674 
3.6858495508225158 5.718813553514489 
40.04614880862551 58.387971144749365 
9.21635038729784 -49.15067945897682 
186.49686975245305 63.65627740199137 
85.12318064264875 30.966322254996058 
140.25092204288805 2.3994139467645756 
25.376487995090656 9.818669595256118 
187.55536139767474 3.107401370134537 
149.4283731922667 -20.389097398648143 
-12.927788335572473 -19.046463753213363 
-9.25169862828572 -6.079891108531119 
197.20648908285136 -3.214741632123583 
2.4931638987926776 3.5547173248098707 
-21.18427466153964 40.483954230062714 
10.966995912205782 -35.851403553809774 
171.0874265733641 -33.74757440571436 
0.9135403722962169 -0.5199193349006628 
45.19354563170414 30.02036200407603 
11.469958746527912 0.969240842370853 
207.1637176828658 2.2357158069581464 
-0.7160410207216048 6.503203250648411 
171.96152004267674 14.32611875143793 
-10.010430807778386 -8.551783000170502 
204.46846536929286 42.92569716054628 
177.0270946278771 22.49583887368377 
-36.34498375304783 23.02962804200891 
-86.70762080778607 16.38566832455053 
-23.099470204378203 -41.06226340279776 
-12.115561207584433 4.706065749648936 
0.7966152758866374 0.14313539245766688 
-1.6142805468734032 0.5319418448646148 
16.199352086528847 22.935263780687425 
192.93731024150506 8.677361312472566 
137.9847402825497 -33.87071413676667 
198.49335366910287 -4.624509194020031 
-14.46072910155548 -16.03004865665276 
9.199789273292938 58.22427250659497 
32.64824321625277 -23.806447673234885 
45.83846849169852 -1.833233771672349 
124.17371465861461 -14.892187485397068 
207.71975436441275 16.788310580011053 
-20.708383529967485 3.7869534504944977 
56.20866254828662 16.750838797620702 
-3.2229243903078437 8.77960806871439 
1.9895853322234462 -7.222791022438911 
252.78306639035804 -12.045279343048817 
199.6033446975142 -1.9327203241631714 
-23.2438766460534 31.688654172043385 
29.581878605244402 -17.747776160966964 
188.4525842132037 11.564023596345127 
201.95482150733127 0.45851358743574455 
-2.1577363375151566 -84.90104090144439 
52.86696254653366 32.683513437155476 
205.94922503340328 53.387630983041284 
200.44544361904335 -0.1528315964928405 
-34.865366016183444 -37.838470483008834 
-22.717863172976088 -3.2041837416099117 
-3.0934561274572556 -14.391492112582117 
198.48075506016215 14.483493885652816 
228.78755417869158 -6.54102685133084 
13.995513278314872 11.835098541825653 
219.68297517615903 -0.05974093485453377 
262.868413262206 -8.044342137955688 
-10.078477865530274 -18.543304790315272 
132.48562347712635 -64.32544053642309 
-58.872408509764334 32.67576978512685 
204.01394554977435 17.64175343526103 
218.25270749682718 -8.032796596832174 
-11.936105411766558 -42.37658975649782 
229.29258815553612 37.01602144951695 
-21.397375886805776 -3.884084304522021 
256.78959347025767 29.376410560549694 
233.27275440425691 -7.427475186816672 
-3.3661903979437673 -7.723712885691292 
-4.3576844435949535 3.056150590439486 
212.35932894644714 -3.1178744772185274 
205.93241908210956 -36.360026614289744 
12.59316948295224 75.27058341773326 
101.22488036719997 1.8727873492857792 
6.67012229224126 -13.252618038018747 
178.9473367537754 -13.425068590748726 
-79.45216620963764 70.28986577465203 
14.07905501760298 -7.768316308317188 
-18.79986896258165 -13.449195992380204 
-16.120604138209668 -12.932045954735564 
174.63772228560765 -56.66734963835758 
-51.314595897170165 43.35384534665388 
94.76806647796556 -63.98119711753135 
205.93841955773067 -7.7292820329582 
215.77969196214713 -2.6667685151814053 
-1.623287003887312 81.13641866422064 
-12.250330308167118 -4.166276654132818 
155.4515956579234 5.048291833798669 
-13.90607808107161 -0.3137136048292554 
164.12530400331354 -36.869350659771186 
-12.10149635640766 5.651422453906122 
-0.10405354675813074 0.036759575383115785 
230.32647304591612 58.66037621924806 
11.077029621418033 103.62006794453237 
215.65016649273372 -25.304980923170778 
71.89980989850677 -13.276336254256686 
185.37531865318613 -31.464760392060416 
165.25670248460898 -61.95545691006007 
-6.296715024760984 9.051219781845075 
25.958685390021497 -10.47511150031307 
201.84404496305163 -7.45060001370429 
196.6197464603476 3.234299373516763 
206.12125411791152 17.30489707579595 
197.64593958176866 42.48449662233833 
158.9489706188945 -43.18442754360867 
-0.2759378804680872 -6.832663546347629 
30.467724418615532 34.90181320827067 
10.230025505527454 0.46768819672088435 
174.6280886789329 81.27684090214723 
200.4534690281594 2.733666428850875 
-10.860759725226531 -1.7869788041143682 
-13.541595749259935 -12.612830051004027 
199.08075833458312 -31.97439665646179 
89.29093395974631 45.47891117176499 
-1.4432116001698274 29.270633677065515 
-72.03597617824762 -32.73556953561251 
-36.440217571232104 1.872116588235853 
171.80542044016164 33.72671270759346 
211.06520711703678 -8.105390579019456 
194.70839208158378 -1.7003007381192483 
206.4019640861109 -21.882838043900747 
202.69258017168897 6.765360718458359 
-46.81806844207372 -15.667985852310167 
215.25957849540058 28.243647735588162 
-6.06056883035883 -16.650108936292405 
-26.94909512799378 72.97632669242321 
29.919948076613842 -47.894484362581245 
207.9178706360076 9.0576025435479 
24.175541217845513 -21.16792020470992 
25.54151659504137 -2.5310362697167355 
191.53403742984148 1.2737369089522697 
193.213461114274 29.791883158985065 
291.2707728440475 20.108173929652743 
179.0548131451394 54.509646929223535 
234.8487277486981 29.03083897784537 
-44.34009601333111 -23.76584545089398 
-52.57947232635376 18.256876643672562 
257.0142749520652 41.36326679829768 
-53.25194162684535 50.68565305425854 
184.5673573236956 35.92174445465885 
179.57618191415912 15.754818844784355 
-8.960075969204386 21.120890301809293 
13.251930676216066 18.018303480469836 
234.2798189067652 -20.429489211772196 
245.1391147544793 -89.40857218448623 
184.34905966815694 -55.37732845250077 
218.45807808499976 -29.413925002051343 
247.77121000781227 34.28859083875457 
-27.779373565540137 -10.223309612280255 
-18.962886337558828 56.568077192066845 
190.9992250038329 -33.25441359407442 
-19.38188637816363 1.8587211053208814 
3.605335481456916 25.122034795173025 
61.21440302020526 48.263707373932625 
177.2103413197476 -42.10245650081076 
205.95294837181746 -20.191315978073913 
236.1244837414281 9.518282409414972 
190.90484243343022 -8.356472754540553 
-47.19979005953204 50.791300509647826 
206.2741559082748 14.189561431581765 
203.93931633618135 -19.453283392061778 
45.03671258587629 45.847339150533166 
-81.5207498701935 -17.047024285488597 
187.81689657973885 22.82371966357187 
1.4802000198855578 -0.6894574129495622 
-65.84581842579338 -12.280976017882736 
-22.03814987880793 3.551605638310534 
278.69335571808506 73.88459061090748 
1.003588376772815 -34.146440427379595 
48.23239869487051 -8.331728213662617 
198.68663950027013 -33.3413549201367 
199.735424539918 2.2384723793728885 
195.40575989370112 16.727470358184966 
-53.46040521398901 -46.015296731325 
-46.04377569526021 -7.714058026502584 
209.75732459240265 -108.27899953383756 
185.10500069595375 29.192666985836258 
146.57563892949236 -23.69992713794431 
33.08414732806106 -6.704381446847868 
293.43355619755346 2.0348295586510092 
3.8048911447133924 80.1155874550641 
182.25919051021123 -6.743616389336244 
8.849854808683208 -40.11383738265962 
285.0234052844446 20.80027630219276 
190.4984802201 -7.888571482768642 
218.635016012199 65.54431010257653 
197.41163122377918 -2.318526736433143 
41.70173921804433 -35.59214938742876 
192.5597858514283 2.9614761712968303 
175.79364023289276 -11.834365476856812 
14.524736983437034 -17.162564237940977 
5.145170114637098 -50.17495092536547 
-47.94867612803824 31.38400058489322 
202.99956307729173 29.931198382535086 
184.6851006658864 -23.096053665453304 
177.52037793613 -41.59284005254172 
287.6226550882367 -39.76408121765229 
144.2314134645907 82.0967394385625 
283.0742841534165 69.52786564147527 
3.616216583633818 7.424643803575667 
-42.62028673003711 7.255737455150161 
176.94283232083131 -4.445859108922746 
175.9300242142744 9.964105819107658 
200.823334786014 18.83482029906671 
1.4031941887474553 1.454177577644164 
-72.56932901402608 -44.66136899440077 
-37.3244583753737 30.42821516344745 
169.77762053444718 -62.90297506472164 
207.8811464986949 -4.261366505698759 
-44.06133527452415 40.09122670304981 
-39.63072930370557 -21.979443834632413 
-10.659599296112713 1.1260421606621631 
-17.704783183521695 26.26808183459911 
195.14403639681365 2.407227694930225 
-35.61864986236036 -19.454781234698967 
-31.4527853671522 -70.46914772386454 
201.95967362587672 0.8868686894438133 
226.4452679104021 -28.682077295401793 
-51.27287325166473 34.97559467123066 
180.39145374961123 -24.855299656284068 
185.24217676401787 9.32826516295685 
224.31005429922243 54.343028041568154 
80.10859541316611 -11.189855218803858 
283.2762683869386 35.643617496707826 
229.811751925047 15.428307090360555 
53.844551340048874 14.40831270847083 
219.15005729213865 32.81909976509053 
195.06872375512398 37.27981412973032 
187.25492176593082 14.248049295295505 
-23.587356051417714 24.86953723381347 
226.29128819248444 53.2567302606337 
167.14282421859065 -17.989120855708023 
38.24778571387075 55.126889805437614 
199.59943332063423 2.3639523784420593 
197.88812205297342 44.118047580235555 
203.37686957229658 -5.552044728625693 
37.16822994079808 -62.94057843341556 
170.52843888896385 -27.19242331523857 
241.92691599273016 -53.77252549293529 
184.09010073280442 4.077746352472491 
232.474694056453 46.200480567880454 
27.413654608695413 -17.442165188677965 
215.5861486848023 -7.065916568927247 
31.455686109378615 16.508859767054396 
164.59788937550496 -35.96086468694303 
179.39280944883592 51.76411003166858 
-51.56282831863725 15.390192340283576 
219.38236798805045 -9.960057846003544 
214.15944747273053 8.246575838742157 
-50.61258142588275 -15.310722282176332 
18.876493141773153 -66.06893647605551 
-11.714574154587334 -19.430786907221417 
196.9728321279161 -41.03383864030795 
180.4832936606028 56.396421962621105 
1.567650100493189 6.648914094959141 
3.0201765749627296 -4.5967284241149455 
16.040719593917643 -7.725844822386741 
-6.425519706437877 -13.73735921537634 
255.47789634812887 -26.747801462711575 
187.51192739335823 -4.564033492610057 
179.55590810941828 -32.758469925866976 
240.6005103342675 62.75725158529366 
-7.1746337063125205 -4.052939643165418 
215.63710212063623 -14.089179937495574 
-35.32539902979255 11.66512119023256 
321.6135566026042 28.280089159727567 
202.1816046231308 3.4220060635977045 
216.25691604402016 -30.86526557136374 
185.16028506301132 -12.207673478980672 
229.24351225407221 -9.350141951116242 
200.53955473846756 -0.5519329433015466 
229.58587152381438 -16.24306939692421 
46.96893797263987 -57.16877087469137 
178.9123860718267 -53.78096081118043 
194.2536539342828 -9.655290342707376 
196.48121302488013 60.55571233453502 
32.08893824200192 -55.735846804332034 
-1.8602608681415178 7.918841158796976 
188.93962912822857 25.12414449889612 
1.9478518061353167 9.577664747197325 
-42.79797563530622 6.627486510530384 
205.13510106204959 1.9281004338413674 
153.2763585424433 72.57265697619141 
-11.404350361488236 18.045182615845516 
22.073457912574003 -23.746361327127467 
184.30965395383015 2.8251042953742873 
207.70939341026303 9.103732900575777 
126.16381118643727 100.18409165842007 
15.187075818524532 16.66811799228813 
-93.05494244446788 -53.14398706158179 
-20.365747631916495 -7.814959944439477 
-1.2627206966300522 -6.876702766506345 
-45.889749084974866 2.614239594692729 
186.0204840444065 -8.127389180786865 
3.8550748915173725 -8.841912616514765 
125.04265655398582 10.393799112170855 
11.102805672271145 -1.4218274411866532 
203.71206315978927 -39.38516663229845 
77.2991695585788 -30.667775137488 
195.81343629390045 -3.7924011835514837 
14.840867785815323 45.14036427888378 
207.20480070244724 2.780590245106804 
-41.2180064006672 25.968411464020885 
175.18501635554753 -7.275039399971533 
145.15347005743908 19.26838445806621 
26.25955430631665 -7.782462650744714 
-54.39385187906728 40.4585273638779 
154.7352091820498 58.673824954902344 
43.579168547262064 -33.28443894590582 
40.20260309233459 -66.56416199058093 
179.79658145088212 26.44427927171315 
45.886266458308015 -20.454412494989104 
6.174563118262932 -12.748513890913216 
54.269954220067156 -91.23820662835813 
159.96002987935964 -5.595038675083761 
48.9989350571669 -48.03715015887626 
201.08499638929857 -51.540454459484685 
241.33051324381384 -70.51506768646914 
-3.4042909028646116 2.0306836791351297 
1.9102621563048217 -22.480367385375846 
-35.483888870153876 -0.9638037792006241 
218.66175913506135 24.996173621414773 
12.459144193814488 -15.080381436654301 
207.00872753081927 22.31910216586812 
