1.0
1.0
175
-24.88335423773518 22.298962116527267 
263.0929652467706 18.011379588605248 
-30.0356611244373 22.483054366202477 
198.9222699102266 -0.04771851868938196 
201.4109398330936 37.08773899829833 
-53.04748616980256 41.77625989024743 
4.944355876363286 5.379397501272869 
162.2008948820432 1.431251302747304 
-41.68350687582761 30.37325056388833 
3.817443892768051 -35.18676417918356 
229.34995060117367 1.1449914005363713 
47.55904485353857 -10.680084138195939 
-17.412569608422885 -25.499936783406344 
202.21629016928125 -0.7675526257040016 
-19.915986142638168 -39.39122195517692 
200.58269149269398 6.812065438171619 
-39.04017642250559 -27.193242420873176 
0.46485793869125885 18.860612864058776 
263.2199310811277 -20.05719931033251 
11.53280637394393 -14.404814181287952 
202.05950991520868 -24.27574859466557 
182.07789761336215 16.62064069187243 
-34.74102028386615 -106.22823292822815 
267.7835060148487 31.206492697152086 
236.44423947701452 24.796458479427194 
-1.2291468510682806 86.5048628419673 
212.90531508136584 -27.571927648884305 
209.21474398094853 -10.43594005222821 
142.9377068025018 -44.385667801191 
230.23661637260122 -11.432135840510528 
266.1061382737744 -31.14370656610745 
247.85376904006398 -38.17465315094992 
-33.35765824001205 -62.3308669394262 
0.21228219546392035 -1.6195658659599428 
12.225712632951588 -6.185376144899545 
210.06562849309006 -12.964432368842527 
13.766059076894713 -8.274480539420637 
176.29245887018658 15.494902332638885 
-30.49994294696892 50.708992952304584 
180.35223248661563 7.035709380541415 
227.67968032609107 -21.873559408380213 
233.91483145788698 9.450305525979264 
29.396976056910916 44.3027654267724 
52.27073948472879 32.476635389843246 
199.64894166953502 -0.7214875275172025 
247.74041556720675 -27.312406227397087 
211.45593561393207 -9.503265725828232 
185.44893519342997 -7.8219728083254445 
4.530902191593017 67.67055756135348 
5.2216367982212155 26.843118641573753 
-19.807994039837528 19.848006854815626 
198.62451670910568 -31.246611785537752 
-36.37934563350594 58.820345642970395 
81.0299209870759 9.905021682171375 
210.6077730437496 -17.71306174609679 
-65.7939118603637 4.320942764718426 
-21.77988654046409 -19.1094897076794 
274.0565799964157 -36.911930202880676 
224.37720910694856 29.388627114362595 
197.42354248737806 -5.3854697375378136 
247.40270289142512 15.921366873580336 
179.7053073847399 -24.57805282791886 
155.9674308540018 -0.7022631926173886 
-1.3526281904809645 -1.0827865531127474 
-21.304862408461066 -19.231431448839082 
179.48020106490733 -10.967690158078902 
218.0139793971345 -0.5888775543676102 
191.93859396229507 1.1444714161246303 
201.16766179330773 7.033820692735464 
4.405934458795658 -18.344683977418136 
54.828234025664564 21.820782114706095 
-13.406026289992202 6.593748002210097 
-57.58109935089933 -13.942184413643062 
201.15668181649687 4.375105780627002 
-16.057331273495468 -18.194086201826277 
3.6097877975714416 25.3708275628265 
182.0639755677075 -7.438500450130618 
200.28167101211022 -42.710672138952084 
-13.480126975055864 -68.51987945964228 
238.37797724837407 -64.31350221042526 
230.81780422949004 6.647104021597608 
198.2359733714541 -0.8442890164879591 
247.43989697204339 -66.97359693451232 
-16.908382100134833 24.53096820745188 
194.9081684239283 3.4308158708274306 
190.4909276020366 -15.724353605022895 
250.21093966098113 -15.3729650623745 
140.0997672782866 -52.4296683977184 
241.1009841301806 -30.65888899941299 
6.830468806571405 5.0970432214890975 
204.57225567562114 13.00258537888492 
-10.725685981143107 10.372512430269598 
285.67178581457597 17.25493214584865 
154.25254603593595 32.038406895571 
12.91013313604751 -4.620457130559445 
50.30265452961267 -10.382619579135861 
-3.910800786942284 -3.5224793990018566 
-26.836715174273053 10.644981359395562 
11.770849385266573 10.123197850938414 
-8.7710011396712 -13.505325033524693 
15.97457248626796 97.03260292277041 
179.18982585787697 44.93146565838935 
-5.293908031810709 -4.720221214274554 
-92.22084221398542 -6.702456312263631 
-61.694953038444076 77.31321057368213 
188.2300314368729 -8.326002286574171 
7.412110061552648 -9.642358980485744 
7.828099879480619 -0.28430292556637027 
-35.97965556225944 4.053530749619746 
10.44241372941197 -12.69979992655534 
-5.061647136366091 30.03784735404829 
176.56364894234014 -35.40975561010255 
195.6310832358286 36.140637879508475 
212.53719055903315 -0.3714032028710802 
211.16992448390127 29.697514035244044 
-6.976570404064194 5.385334684464473 
-1.1053749264737434 -51.158355171810726 
-6.76828909377396 -78.64587268398648 
210.21556440150923 -14.52459486021659 
263.50645187864933 42.709378178642154 
12.256700358562943 -12.330876097131002 
31.907043048484454 68.06912935260974 
-29.87331386358629 -23.781305951892787 
-25.868477257724777 18.91020641047992 
62.689682689459914 36.433313435689136 
6.779338641914021 3.4805597808497186 
58.21731437784057 -44.57458564225857 
-5.339146634275715 22.101275749718955 
161.97226929950443 -40.52515251100818 
-18.140755226302062 20.263999455435613 
197.14118298041782 18.742623126237174 
31.651113848190004 -29.22325910204542 
241.29540423880428 -42.6865364770529 
166.95111639182778 7.766261288574971 
39.6627798584866 -11.544333899403805 
17.819167117370945 -20.25225799665533 
-25.503888152144835 5.162289382655636 
245.5345982253291 -28.667139948902978 
207.5747792015637 5.6987735271813715 
1.3127815273086216 10.162534691851771 
-41.407485241781906 55.27341757482134 
66.18550112485926 -3.7009551274518615 
-1.2328343598631009 -0.4087320815447065 
-21.59024556697748 -131.02746860410159 
117.81957069885524 -11.292535840539555 
-4.157921697296112 -2.2839562165329865 
205.10560817068261 -1.8367693840436181 
196.72563980854537 8.838876344852164 
-1.4085690212468132 -5.362498232578431 
28.679829876530995 114.65681392889442 
189.21623504006126 -47.264727528330205 
1.6363262592259886 13.79044859428324 
209.94146317549303 21.910395268187987 
242.03023009475947 4.8828136208166715 
194.95081726619867 2.6837846697983956 
-45.82929110180226 67.39910804887984 
222.11370041790963 -20.436943596531865 
310.24314732475324 32.58461019987684 
180.79478526020483 -7.645811091111501 
-19.019537192629503 -2.9325617971069584 
186.6377930957641 64.0465086728698 
214.57509152509857 -8.22330909337726 
190.3170413414429 -0.47425081128841623 
-6.168454417126141 -1.0190767550833655 
-25.248345069731243 -4.172041287528917 
203.63718576014517 9.270071223981894 
-41.45582801799904 9.867862904873805 
183.7381954301762 1.243535655628418 
202.72740864193824 -71.3003374219681 
245.05394249255892 31.81331058321509 
60.06129012141984 23.077591764133064 
197.7559671543925 -18.65663019089772 
190.76947154638628 -2.485915438094754 
96.35102039589538 -14.257072019837736 
-7.2873772069937015 -37.44661283272307 
