1.0
1.0
175
108.55033881145759 -79.89621366635033 
160.69181493053887 21.683189925412858 
-51.42397747324273 -33.335394768474835 
-10.334752091860153 14.798185489495966 
5.200644145384456 11.248586057071142 
170.09880282450516 -32.456038875321 
-39.026693057578825 -69.32620343557731 
270.7207105750085 23.484958240701637 
190.80175743562165 41.63792862879456 
211.7974011547783 -100.64562706719173 
190.9582232698085 -4.497877765720479 
174.98655954455177 -15.763576108298933 
188.88089809063467 -108.86910630388016 
37.7574703603757 49.482433393680246 
23.92269673386005 9.899583154565441 
2.475648482744998 12.124310233020212 
12.994896936614015 -89.88402069975032 
203.12874169536641 3.7691137397270262 
26.786555016285018 20.607158701967617 
166.81249855019345 -25.89911261716423 
43.08866001827068 -8.86573279555246 
234.28887855019897 -30.421589302085923 
-12.546600083075305 -57.23694671875434 
56.137055910683735 3.5412553625374015 
214.81465142066622 -84.38553333550924 
24.16520559161251 -14.571274330312985 
23.62714546888003 12.615901141437595 
255.0245014692128 -67.4193513696769 
222.96842390789666 -58.89171446545739 
158.7758471564368 -30.49915840838654 
222.00970651242795 12.640129052500665 
222.12228693120488 34.864438853091876 
10.141979601478287 51.212031703888144 
-41.94830716594664 -30.754035752276913 
-26.440973573376272 -59.661741997393335 
200.054680532242 -5.167790840189364 
196.36407195377518 -19.055387865881762 
175.5741333703486 8.343661448308659 
140.78529944193195 -5.925902215995124 
39.231109711052405 64.66172321278965 
200.0256699217297 -0.003697254277647361 
54.184012724980036 -91.67142044935312 
171.16904788805363 -16.2332040841162 
1.2218589102922321 11.061212383757647 
-40.501451362816056 -22.794854884626115 
39.82165199111474 -14.854876082445536 
208.25216385729806 -109.92413809664626 
180.3794938264661 36.278813220759766 
193.36204060678244 -10.421981478084717 
-4.201466102652732 6.79963798379967 
-36.55174126459628 -37.00544906496195 
180.11466188063403 36.99261589008617 
35.33148197837723 -90.48114787846653 
233.47939836912784 -14.2215337756181 
49.4764980466562 -46.17386720893941 
197.1934993174698 17.84755127939334 
-15.757246230997753 -24.86501512848454 
19.807293882112692 -2.9946285418112013 
194.3014504540073 -41.80388938467019 
-4.360048641170599 67.49802864102307 
192.88767146033337 1.6213562391728165 
287.16148332829925 11.925526480670785 
182.3949741121597 21.35448654516284 
-14.741473333284523 -9.982592375511715 
211.1171338709479 18.498645365167732 
280.7138136335727 -13.235012970764771 
4.991237965512515 -27.496909909851617 
6.278965157671483 0.5331801945037911 
63.33810249514493 -9.203190880190949 
163.91159611527704 56.5834799810439 
8.554508531006306 21.152474958028083 
-61.94395856577106 -0.6453202840575751 
245.3516535264933 -71.01462704045238 
192.67860211606694 1.9518745458761408 
-41.12626844946727 37.9699052020844 
24.04071764966683 -21.11147000742131 
239.6655084483095 -65.96229388125717 
219.27189998495587 3.5929383151195484 
36.16721059165562 24.82480723384478 
268.0426470979188 -43.82862574623797 
-41.59303380617609 -7.114877767276843 
218.52417632080065 1.92114361670533 
229.20715840973327 -20.15514045082606 
-7.049477773213865 -21.55018412326084 
34.771892705256995 57.60759416380517 
238.70429045748068 -63.136871351294666 
181.51531563159006 -54.386361375691116 
-0.24074170490942978 -2.9863986531545565 
12.20828177196247 24.816624428671325 
32.577455770789655 -14.448135252210816 
203.64000371824014 -3.5861414729858754 
-16.439629736532133 -3.0030889100524853 
227.74028437198405 -37.651634604701705 
203.94809395339104 -2.5812450810074474 
189.38985365533296 -18.358478711005716 
16.48692876551848 -28.296536133365812 
180.22593348299228 -36.67823296069418 
251.42707959942464 32.94237730385544 
210.4398426614942 -17.228454776979344 
-43.242993644078446 12.861149889647981 
197.5470056312657 -5.035535032148671 
222.10247228528715 -18.464358068809123 
-15.935812613193793 33.71575939627286 
-48.781758236334746 8.599065353498963 
191.5090610711234 -74.58477668382058 
203.16407401417524 -27.061635206727743 
-8.990872439337299 34.60831786248779 
255.24590039956337 -76.78400602057106 
210.22809505945827 25.61170145345918 
19.265596643285612 -26.781754484193804 
57.90256239080016 109.22350769502296 
86.35646781535846 47.50159069895418 
195.91439859474335 -9.850846574788191 
-8.41501860697035 -4.204894024055181 
53.39644954951474 -11.684334060273962 
-48.48800421390905 0.70248023413228 
202.61115240793083 -2.9520698500184333 
-21.334140279033228 -25.75786351505409 
59.799110947424765 -30.944444110597185 
-23.865072686234914 -43.57231526788281 
252.5888052448676 82.17323129552778 
173.95228243793073 -25.313450565789406 
210.2889798165992 2.543697575405906 
191.29915305282924 35.70667757805127 
-4.559603556921298 -2.0789286859440996 
284.31160388527366 8.583811937882684 
-16.925862605462452 7.355960247058802 
196.38611565261994 15.351424083474264 
-34.80881990119537 -46.699421839063746 
2.900327318265422 7.4889771758556165 
144.30378147041552 3.479629641797822 
161.5782987544309 16.626562117172853 
-9.194017339682121 37.36674663949326 
-16.999054658222786 -19.551541568613633 
208.67805799959248 1.1998275129871785 
218.87684408433728 4.82202960769464 
-35.83971925440097 -34.87554244500111 
184.46521991867073 -35.4201512142715 
131.87548917556057 67.0447870837571 
6.109090922120105 9.604497152615469 
-5.723057937738073 6.436423932164642 
-42.567180458471384 39.851589565458916 
93.3073482301644 7.868863280881213 
19.79678386364028 51.039634611195545 
174.89668923047054 -19.622704441281012 
5.772708278436526 -5.287373494679169 
197.2225938798996 14.03785624481635 
175.11834523147766 14.820590551306783 
-37.725597505940215 -34.75581524010155 
181.34014458892136 -26.980574101588463 
97.02891189196814 -39.88950027303566 
195.1467333662738 -6.481528657317303 
213.3979517065195 -1.3719725163208982 
30.365588883230885 -49.933219888421405 
8.384648326204301 9.96749900352147 
216.4062328294761 51.920381020377526 
210.00474541395323 -76.30234316633118 
13.848356713174843 -9.236635684931398 
213.3817093503455 -6.247005939317103 
-4.066831065201197 -53.18241517668882 
3.797081119958566 8.437312666014204 
220.4567521476813 30.00770094747402 
38.088583888605065 3.358848242062578 
231.32536406790737 40.29047423575166 
13.050133568596324 -100.58903451301391 
15.243166785030065 -31.204038114986723 
204.89742310750776 -2.94682465754908 
-2.3847005794421823 -72.12079633743038 
58.15370996864697 32.95713991006213 
87.70896401208459 -111.73275068510581 
198.28638952663647 -7.216099775605073 
224.0470220178673 -68.37015401857943 
-15.382366925277937 -32.61272474893815 
-95.6463795214139 37.06658167863272 
144.66498494320564 24.813687986323153 
