1.0
0.3333333333333333
100
4.945863879280374 -6.2974912637184675 
237.42014901176466 7.00256413228307 
28.966402317373483 17.597770167564846 
16.544131978305444 -1.8025082501341967 
264.1651341695937 -40.475668783604604 
202.66198655073435 5.178129592940675 
-22.57120918764318 1.0052607131366857 
9.450491543595723 3.2376352560469788 
26.592292875214774 -21.37238638752604 
133.47060075711107 64.36995951814573 
157.59474609102 -21.827135291592942 
1.5082859048991433 -67.49097856796217 
241.60146131071605 21.301281799744437 
-11.170989101617772 22.396912420172598 
38.28723751228217 -54.62091934112223 
12.460460891318768 -62.048690643923194 
24.12243843698741 54.82144507354221 
-16.946599339135567 7.3182911334233545 
15.34122231575329 -7.204376385481091 
10.683717640915397 26.086610205121875 
6.03835408953326 6.1879487654321155 
197.7234803448962 -2.09084324958577 
-33.32076186717519 36.32900972663563 
207.29145047732712 -6.101972056138903 
180.91658798571046 -62.02739512992971 
12.218724440914428 -20.247057779072982 
241.2599301298137 -29.03258871150199 
192.93419043081568 11.161262811488006 
-11.13478681988982 25.654712201789575 
39.907950462624335 8.774185677736085 
191.60511712136858 2.5501640857938805 
209.53385315507708 -38.30765035010515 
200.99450196705325 1.4784058052774411 
247.80298309706183 23.461663944323018 
300.4282311085078 -71.57192412729374 
9.159128397599288 23.692243322133343 
2.3983880506685624 -0.7124437409033738 
-9.817956580616212 -10.135450110864582 
208.54312494415876 0.38801040738691445 
23.1672521328827 -21.448367478916094 
-8.180419677386602 37.72635650530041 
0.4953262508634386 -0.1410527377495132 
210.12171376248244 -45.34233660798179 
204.62450986628878 69.70058188304066 
49.651375303894426 81.35007045079658 
163.35945047526323 -6.26020388165069 
10.669736501465193 -26.586491038078005 
85.88407073028024 44.00981407688073 
163.0985577838041 33.700870189551495 
190.15013507091717 -4.093320708682215 
156.12403510977126 1.0085147239526482 
170.37020425724893 15.70472275116171 
145.86231448359507 -20.440131798164167 
8.355966039289658 -44.88166366737192 
259.5388564102369 37.66163049098598 
207.66245908600735 28.508706193411058 
3.7239423787743164 -107.5334197381281 
-2.13316836574076 -30.349878222037873 
193.33258705314813 -47.73887282364965 
200.25142791765245 3.2923598445501443 
200.37075379777926 15.95577117509379 
-36.800400556416065 49.536218040879376 
163.37201827555157 -9.758113911716537 
174.9207831421058 60.30115207366626 
15.986874803078626 -27.55568487028986 
227.25666040749846 -13.144207872581783 
175.7815638997719 40.957048163688384 
178.48395395666657 6.400609970380497 
67.81174212854117 18.823437466441526 
17.868089118509147 -24.31746730901125 
217.88913701229725 -1.7171176780927742 
6.12854863494036 10.7130426454917 
-77.19658624577846 47.65128232401311 
241.5941244444146 -7.28300853856727 
195.20169520724266 -26.77270628233844 
177.888802400703 2.2815214544179496 
228.46835068508318 -35.722886384241725 
258.3738530626537 37.5312735107775 
50.787902315688655 -54.41797037227115 
239.21508980386608 -13.215665967310933 
203.945788839864 -7.382324324290733 
2.132670878603763 -2.824102053102008 
-3.543897930851668 9.367014427148778 
210.4824546931325 42.18162635659392 
5.008689682283116 1.1949159866587655 
197.99626064711887 -1.913641824853751 
194.90790963569552 -1.1627560933412258 
1.593420390030417 32.035319199864446 
-5.329516167203138 34.201035374968704 
146.37481833342392 -11.598051852081838 
187.58751005590958 -42.31781464110685 
241.01987979966304 51.72851008726983 
-34.03554102481013 60.78362854603986 
-2.794071548646094 98.60344099291899 
179.3396154099894 -47.35891446533656 
214.24124691696457 9.159456453704617 
39.43924949238681 34.91532372575025 
-39.31916827977105 -64.91519438714205 
-74.73515698487863 52.95924279288271 
163.180794095502 -38.57066586677668 
