1.0
0.5
175
21.586937148185214 49.897939875268456 
199.9878012594806 -3.2008794975964134 
7.391874660428481 7.699836682313041 
1.743725406625254 37.97494475993046 
242.78225977238185 43.219456287092065 
-19.803661869078944 -7.547374421754673 
249.33810529787974 49.67704925320189 
-18.940955143216172 39.49962458583842 
231.76668294975613 -13.78531661830937 
6.244602464798841 -24.855309897244865 
194.04962732213414 -4.833877303569616 
199.70916563899598 0.25895121670087046 
212.73254553348684 -2.77031663841581 
-2.3512064980047676 1.243070890668569 
28.892360872778266 -20.496034266449577 
12.474615780187195 60.543910622851335 
183.13441568280163 104.55046445593956 
79.78052787842383 -44.027445520123784 
183.29582600007072 -3.1630817078427325 
160.00095044210335 52.31678030758628 
4.430726962189808 -59.621208472257166 
-29.188215367118694 -65.72945990635408 
30.56729447206137 -69.69135452779773 
20.67368561312583 -60.622317363529724 
266.3983692210373 30.184603047858285 
174.59630111929675 3.101657262128326 
29.915320197256882 -3.4524114341774053 
197.3277081770851 -7.133166740713557 
-47.33935589832416 1.1790961581332278 
-2.4322213993270476 9.971054485318147 
-6.894239020801822 6.0941906942759125 
186.89046425898215 20.43429337687084 
-70.98471636103979 6.249222617272133 
196.73299834326437 9.411903417207078 
215.96782570595047 -2.883006231163413 
28.824621007212823 -7.9299013194955466 
-11.588250632404941 1.8699589285820222 
191.80295656513297 -1.8733953828581378 
12.935213924377242 33.3783858962088 
-23.285587483343303 -16.92150420531148 
-3.284978518625601 -8.826402232953738 
-20.4577451172963 -11.859501504936352 
119.01580064966444 -116.77394586293697 
47.313783346039706 -7.027104754580428 
8.395306974839036 0.4546402404431903 
2.804955493768144 -40.47441882136961 
202.62045968772847 11.992777383185327 
-3.9973236379333463 -19.01687973391128 
202.75310713895752 -14.138286655865613 
29.329938856109553 -31.581532085355192 
133.35394788881842 4.397266260828508 
189.34866147246208 101.25257495197533 
201.81128342091682 8.005700517346858 
200.5269255389867 3.55888596561794 
214.7533100026893 35.65408338151919 
171.71696485521375 17.08001076984112 
43.894892113885945 51.00220948065534 
217.28943727197182 42.581250804574275 
112.79663639799774 53.24768318364833 
25.84794727889364 7.538039965988757 
199.49931096590564 -24.901084867915323 
140.8881125675821 -53.68152472998165 
155.56578878115965 -30.708359922273072 
-1.6553973431169977 0.6040802965743239 
-21.57617695686529 -9.029386716599591 
-3.5803338518116603 -27.29941888374048 
64.52748456833797 21.947708674068608 
210.61566949619265 28.459463534552658 
190.15925779930316 11.4056765460143 
8.785631483745158 -6.660020835903922 
189.15772285667902 7.909108611020223 
188.26541877127718 19.23441754662492 
-67.01040486685504 1.2960381681269317 
-37.7097867327574 35.11899208681755 
40.76520703171049 -3.050495131328996 
171.94105524840543 -9.395467741675871 
27.4628285630485 6.2654401423107124 
4.045379204958501 2.515686101415993 
244.46607432473323 96.9938314187829 
-3.9035830223723957 -39.48670530937258 
1.8804911470398362 1.9309387907282431 
15.324420984946654 -0.46232450240771283 
70.70246483335666 31.358996840696513 
8.561912676742063 31.48609825874752 
21.325461630246423 -14.851295113642957 
-42.68592786719002 -28.70776832752987 
149.85636830492592 -35.45200400287505 
202.93520890987904 -3.9403522667704 
200.32937415686354 7.835023363454849 
186.0001723844837 -41.858267821241334 
2.837617924057202 25.937374018205382 
254.58377704425968 56.93298536183457 
-17.854535185582844 -7.918930301320191 
8.074296773483297 -4.71568854865903 
201.52730687914587 -2.892061392792074 
251.0774364860218 -29.055340678717958 
160.99532011317675 28.353355992789506 
193.66613163272947 27.609242195704176 
236.98777808212802 -8.39201730108721 
34.15453734844749 -10.794139022525579 
185.2200006100482 -13.313696139895224 
139.00147243744718 -60.617148057527714 
172.6509536094831 16.201337403057558 
7.032875970215444 8.717362351256549 
-43.95168782363384 -11.816495708907418 
184.58048032390948 28.396416638182917 
41.2239876095917 7.2090129149944655 
197.23755069903748 19.333626728183226 
49.57444161051398 23.540526906954973 
-20.744486233463824 107.54917863616393 
-32.10339764364231 -41.994791202786466 
0.1911386699289137 -32.05779538882454 
199.66395461802165 18.09599202002944 
159.1454913272293 -17.81080628904699 
-27.686196346223934 39.49750175709225 
-53.599517288804925 -11.979954108898697 
170.22413128243159 38.590853060145534 
47.152839737381164 -25.698578635251177 
-0.5725536651446405 22.376209172282465 
192.8898985762109 -20.97436763102778 
43.45406057131396 21.9759546038231 
-22.91646901436556 57.79827051442166 
81.75542717069389 10.000438086292016 
29.396487152431547 45.8979694425602 
207.01085249959982 2.4357978567812952 
201.38948384204537 67.54039977788841 
51.82580187485335 -64.73786693655983 
213.7917339953182 12.841177635218589 
298.7943881162032 -65.06345829645818 
11.826553383815243 47.63691876140193 
15.858529307945227 20.091551317758736 
-6.505770139201331 4.915690113293651 
222.14078987316876 14.768222447205881 
-6.553215500872187 -20.73175656985555 
65.18602910941785 31.406030581351306 
-75.96606301004336 78.89308457607747 
-30.191024978292504 42.55900127976543 
19.451932544888052 18.45914002034454 
-6.463536786203351 -10.505019521063476 
198.77011019864648 -12.04049457712859 
187.46260855133835 -13.463842665120845 
201.81209915078685 -26.49146111155631 
1.1622795550875904 -12.946812961560234 
-86.13509562966654 91.03027802205617 
194.9806321649393 32.458150720073384 
9.480077243468592 25.73377699264572 
200.61340956230782 1.9538673491002678 
20.278142777239477 12.649536215960032 
221.71138223152673 -12.388533533354886 
215.6750131912408 -106.74554461037094 
-38.54528293283932 39.97105771670947 
69.05587889690106 -19.502825398368845 
-88.4594585814005 43.329920782440226 
208.30519933687438 13.36951730948993 
-4.1740847268094745 8.85688900544443 
227.2780491744365 -49.217176241885454 
190.82721670565513 37.26467261016119 
174.6222166226381 -17.48598321420476 
233.95219336369826 -43.80529907277537 
-25.51166423396871 -35.484315424946 
270.0582559569139 -54.82208981617478 
195.67867959628106 -111.83843240754292 
-90.66076128698951 -7.883616909727133 
3.445220847167655 42.21451282265773 
193.01540241031358 26.018805045396828 
285.53884312311516 -61.11379678663205 
36.00638683207933 5.907068379328872 
-37.617010195336434 -13.339025170338934 
-3.9160795541415703 13.269990922928502 
36.06994481405939 -27.403879232438705 
187.69757200931252 0.46936531375028323 
31.20509039505839 -35.8883008799663 
209.16977720509226 10.56090751325235 
-16.386291332016242 -2.353914439675945 
260.07531890149625 -4.079746071263141 
