1.0
0.3333333333333333
250
9.220155241734203 6.412278638826333 
-88.73420705950201 -4.332719146559758 
17.317081952617933 -13.447991499036167 
179.39848421059892 -14.768677157075155 
206.45620136207683 1.391408833757956 
15.168178604077271 -46.58269605160853 
-7.020831044084456 1.219429311579817 
9.62016018317245 9.743482971986925 
-66.06342382973581 70.7346748241085 
-133.88456195478372 -72.92602713743024 
207.0312874240633 26.581377997116537 
160.72969482628653 132.33357869896977 
35.85083079209916 -52.96039927191743 
14.5447386727022 38.74032373007058 
195.29031817748267 -25.505936598081842 
179.111194165138 29.11509788691096 
159.64053317822425 -23.292564083929175 
8.74720445042513 49.90075135715493 
38.34089217644027 -37.951728802095346 
233.32706924315465 3.984567566959851 
225.30084714380752 20.61278670585779 
-4.510890699552955 3.7792190379984625 
35.091388317833704 33.453300543389396 
179.8237674572939 -13.904781734362485 
180.62922779854077 34.69798391572498 
-13.036785588851451 -34.66959972332292 
-0.12334242891050355 -0.49010110828531356 
174.02966723936123 -10.825567475195232 
212.66478816052606 -2.652455339120533 
1.4833781818024332 5.397573633286589 
-1.0221045093434897 23.61505087140085 
31.824490917326145 -48.87954602996355 
138.9153498589848 -10.59756571646164 
183.51782366297667 -60.389827010651395 
227.87888686757805 -17.73268205069712 
-0.4054349174691246 8.592633576112483 
4.3733630935331895 -45.760692623601834 
163.05283364545804 6.931267907106145 
6.930935242547256 26.3634365975084 
201.1328057352021 -61.38478396360541 
153.79889540620076 -26.34267937207062 
14.83827452469313 31.402981136065463 
218.4876301515967 -38.75583205753171 
43.33253617425859 -47.52380325026028 
140.57005582678738 13.980243090162512 
209.48960169749557 47.26164797637418 
258.14542567525166 16.130857145368974 
2.4398511715725193 5.456502154577786 
187.64019918389386 11.458769946031039 
-40.76995000205759 -7.758406162688287 
-13.145552328535874 -13.727025105942305 
38.54250839063476 63.09601002929122 
218.97094604956212 90.21148201566635 
36.06003310401168 18.837090104942053 
-12.456518904809911 71.63094543145472 
-59.5007623026132 -8.025362499919243 
-27.011444322626286 5.759676284584908 
22.411385476756948 -33.22745245538503 
175.26751904966753 -26.547258507319615 
190.83906058181182 6.015730788626333 
210.7005486224817 26.708942602449188 
-10.100154541040418 11.976379148661765 
-8.346224792737031 -61.166753465791665 
286.1143489758249 -23.34247184543271 
51.745285161663524 -6.245499653242175 
-1.2748495654465613 -31.83878845690797 
-12.587614519052089 -1.4276144419595165 
-7.43507200671924 -7.179739218279872 
3.0369917945196607 11.016699326253475 
78.94479357380676 -3.1140704082319663 
-2.4352733964025113 -8.367010668094359 
206.66298516686743 -6.733824837699514 
200.15914649397942 0.7853768866477923 
170.91627097193663 -70.76902991776048 
203.52286402629863 2.0109414892625197 
-53.4551072890774 -67.75096109695903 
38.186156193399654 16.472660194418363 
199.62423941541527 -16.900582339457294 
73.3891480421457 26.87431125289411 
2.615446312085654 -56.23013413621394 
171.36903082080272 -8.742619582730322 
33.05807593201089 -48.05132911938464 
-39.20694627453025 21.716016015808062 
18.609110304297243 -0.5234563382212075 
-13.87493425929408 22.65312303897475 
25.73029143589737 1.8538900196075951 
202.1380348410088 -4.018526446464034 
-4.779518124930745 12.094648313738771 
-63.3136066348985 -27.98609603397187 
161.41816378496875 77.09823416183258 
163.2494533862099 67.54183579716633 
17.248895153843463 -26.61174212370633 
201.0662999447052 2.7676292877115847 
176.97535729841286 9.829557154325162 
184.2566126776005 18.591870371742875 
-22.993009051337378 43.62551825873795 
217.1824785853552 -11.542095955182365 
-97.85192062042762 -57.481971195704 
42.57050449075157 55.36574439542429 
43.012478782133776 -9.946205116123295 
6.079309179842668 -2.6575311707821867 
18.06103469422279 70.77069940030876 
239.263249342396 -63.97527976321482 
-2.5337283147626852 1.5128421922715736 
-82.7643354488169 24.75192218736259 
187.5142128652173 -37.59605098333028 
220.42549979368187 20.716218420418247 
203.82809603520144 -4.191340455577445 
-4.11258063377627 0.7280292843150399 
210.29229085348555 -76.52580832258175 
30.6397442971497 -57.45969784154715 
-1.2310827280414482 7.1412963677270245 
-12.687244699146403 -5.303070747312728 
218.43776990479276 -74.72446054144272 
53.382162469795276 15.631300704495596 
-3.0405013946680794 -2.740018482844718 
130.46121693345094 -82.07929687091726 
-28.254489702574624 6.813633325923931 
24.880589125500073 102.81441171081087 
205.28192217653714 -1.7723059065918612 
197.0834353387224 -10.498441651852962 
-28.726125066539986 -19.81422172341862 
223.63766100329926 30.297490609524633 
227.9726449388615 2.651610312934938 
169.39613762526488 -18.121039941838774 
-9.578222361381902 -6.671902369947206 
250.7198167967216 -13.438787632264054 
-10.421123055581429 5.356638177349648 
184.31600564545965 -30.466068242755025 
-2.162551027798873 14.185434691861305 
194.80921713181755 -1.8623273447523483 
-1.5068495919349607 -21.765875949906537 
265.8076881554415 -1.0181489047298928 
215.40560756319144 -2.4550749181238873 
213.24949671181747 -5.589041491726981 
-60.55532294423431 -70.31225374548404 
-15.49355968988211 -17.937115292687952 
-10.619878680695678 2.6117960332929466 
253.61135697093354 16.614854573438084 
207.03604872543212 -1.6087316638266207 
-37.159572125016446 -44.35394820639817 
193.87858337994513 10.039622525050627 
-0.4929519460551003 -1.7998731147342595 
205.65050231986055 4.267133880872367 
43.333652456070475 -34.754507655439305 
5.782278045150996 -10.756196177692232 
-82.49866137516705 15.998089297727278 
21.14360893252529 -2.9513355956057143 
140.99547990733922 55.21322467943598 
165.57723982536086 79.72592618748433 
150.47726832128248 -42.44140025580848 
200.39872865332086 -0.7639153382972056 
-13.667408369981999 23.560444662655474 
190.44201981362627 -13.994379075171933 
11.040045319369435 -36.309793200603615 
107.81630191304477 -20.9811300739121 
229.96995911107763 -0.14319134490752383 
201.65027688143059 4.109484890873621 
-24.511933524750734 106.471122474219 
183.64348918910693 -37.74793045921102 
230.97416526479486 67.33961691275036 
148.2813756117741 21.51858175613049 
265.10228017997576 -28.423471616140592 
4.197429921086421 -25.730272494471834 
202.05684192111417 1.0068739751984743 
-30.97633798475297 -28.042929459958124 
142.63332296169307 -0.09547486786639849 
156.26320136519317 -21.579653368236 
-50.795498783412896 -10.34933365286356 
231.45410265665893 -3.7816190619463694 
0.25757246055437694 0.3493515500575332 
34.974133679267794 -50.57909084024074 
198.2957208316813 1.0860294903555352 
209.36326045234637 24.108592135687694 
63.89011998901203 87.6623396318453 
242.1726337334618 28.672612945185385 
-18.793036714825373 -9.108752794119058 
-26.035236553765447 57.22370214922383 
203.11687960972685 1.6878508241258332 
7.020721369487182 -1.9575616431510585 
43.17197344466856 -25.164075246161474 
160.74675815904305 11.297960540412683 
5.632739877421953 -4.608415093312293 
-54.99368796059441 29.34437974188541 
-1.4762750588691922 -9.500236357112579 
-32.957934798866376 -38.338125220779325 
271.2446995792713 -42.01801565094215 
203.95302671138927 2.8241839333832983 
189.61507155645526 11.000841463733119 
130.12072006818084 -13.94400589344489 
252.19431836774928 -55.43953516755922 
96.51917136434024 50.668847766637334 
204.1458128835472 -25.420606278206503 
195.43246366826332 -14.838189074005822 
7.342479044616356 -32.009197648649284 
173.4579180515452 -48.242599569465206 
224.8883945516016 21.685638482670992 
205.1936475300161 36.340718725172 
195.2280905257919 -12.246164274885423 
39.72218786795625 3.5133316913164436 
158.7174194845219 -109.01512825124571 
23.43048154251789 12.11846522002508 
58.78656812519734 48.37298068237245 
28.668943437663387 47.22281903536388 
-12.600308975542745 10.582684941113211 
17.167614454962717 -0.8006983602999331 
54.640553983733305 -11.73704807514703 
-2.528465487998086 -1.2899399328268917 
154.15190548908402 2.4882909258499075 
205.95401967073667 20.74247257685788 
188.93663132486856 -50.46489818627479 
251.23756736922215 -25.816260505217947 
-6.957937135530028 -8.73238185016604 
-17.07327071721059 -39.80865616705868 
1.4799983775382486 -32.97787780837246 
93.3971270155927 -81.37791307442087 
202.9442737622649 -0.9075601780912024 
1.3767588004247815 -3.6775284763991514 
6.5715025240073155 -1.8429532999956324 
184.5581660186316 3.8741479255509947 
182.43116841245944 -20.662261109720934 
-25.730216955667565 -41.0182058348545 
38.52870957340396 68.58564363582651 
213.00189631902654 -29.395034078544406 
69.9140210479409 53.4678505470438 
166.5713377260768 -30.03987840898738 
201.67175070189202 1.5195669226398247 
205.60383270030331 -2.3606540389434114 
37.50581401558898 23.552701077668207 
207.91868546185856 13.767491301326773 
200.4289043287934 -55.17905418766707 
2.4776387248620577 15.109493854297687 
204.1771607406094 16.889347967571645 
54.68826254888567 -94.68239920234284 
211.33099232729478 -3.3646652351724176 
45.41962638179626 -80.1392499565595 
119.68230697760183 78.84399862323195 
226.33468382908057 2.1652076999301304 
205.92818914553544 2.729883916019251 
207.4116276287872 52.17414458317297 
17.044484726313602 -9.404631982978035 
-33.33728362814153 15.211539086237302 
-42.11633740066366 -124.00703834060235 
-1.958221516122893 0.25008525796410347 
-11.550581965216107 -14.309406174047254 
228.36588082946236 27.132694613974866 
-22.721830059575804 -51.96354376875498 
192.8056137970816 6.606805382740774 
-14.38320296938081 -115.0155578958644 
55.703110506630225 -16.314051180888452 
