1.0
1.0
500
41.68431802869051 -16.398946623912266 
228.47107598627548 -60.0839428901803 
194.15100281076442 62.24769557483212 
22.755751693304035 -8.113585124675671 
169.516621855999 -1.2839984077472166 
202.61390219014132 -6.488130228738873 
-33.62824908412545 -1.910377042530091 
-2.4618037755111217 21.643592862003757 
82.34018702933335 -54.592160251087954 
176.66110229586508 -47.03195311834131 
-19.662681662587204 -31.346136535302172 
84.71593296050428 42.239363592119155 
187.2688822268065 -3.6238836556071035 
5.588640350798409 8.09942457007146 
202.34570818680865 10.403515388648591 
23.631103319270707 26.092623240122276 
-16.479866783874208 -12.860288479629542 
177.72631137097355 -15.988949943564227 
136.71200363368646 33.18721933473297 
-23.240648337527347 40.4832410943543 
-9.210447285078853 52.435172945621126 
268.62986838397427 -28.431566003069744 
12.429566567178641 -23.66758062162106 
243.40001954869052 54.94965900083845 
206.0935985157413 -10.685300205546488 
186.64072980579093 10.920140323513843 
-3.940467180493087 -16.513822798770672 
5.812317301202664 32.87995025934499 
-0.11318575228227468 7.1745903550073775 
204.05211254453414 52.25814815053749 
-2.28472684924445 -57.50181206844217 
8.903951987148869 -7.241586310459878 
31.682175387084296 -8.641307699976586 
200.98754588147244 -9.70842859222354 
54.31531391094885 65.4037789385123 
-24.165397422081263 -24.071309550203132 
208.1456050722149 20.574983247606156 
-25.598959826865823 40.13374452226179 
-1.0919029860968748 0.4618133697769557 
120.71283600597143 -4.4783969350205215 
-16.748671725249068 -22.458087973368183 
59.14040967321113 35.839564032830786 
-113.27351510815082 1.5695538819049555 
-20.530861588067665 89.97577905217858 
-26.780226308456086 46.137677715387326 
209.5827163168197 56.41139849978835 
155.38100907281284 10.51771486432841 
-65.90617916377815 -23.883733920769043 
251.65422499008636 62.24457009476253 
65.56585246375322 74.93822639358369 
194.35413632054755 -33.55056601040298 
-47.888295634754996 -4.838806594580953 
195.83176376301654 -4.69566697363262 
34.512208006882325 -8.271883340908653 
188.73691570104717 -9.039001182362083 
-18.515744970331244 54.30681301260396 
-0.046855602354807055 0.06393893063855322 
198.03208197372234 17.59113899785856 
-0.8830901835806682 -11.594567389993367 
-34.48777587007247 -2.528526571747172 
100.33059475540031 2.74623787210424 
195.77013591004447 1.5176987959796888 
13.133188745899377 -11.482739029989558 
149.73206952517407 -44.92117992547541 
0.6405202925658202 66.14257725193227 
169.71066156811673 -15.348771984420669 
195.70718438822794 9.034098673796894 
211.09230411984055 72.88915164962235 
35.42769820229758 -2.5457716057969644 
-36.169403814957654 -35.32045344593307 
180.1481905961989 8.934670227352715 
197.62731061759996 -1.4114994779747836 
51.29282133164125 116.4904813751945 
117.80873482222194 11.579388294997113 
15.41021624126829 54.7861103741761 
219.68497528379623 -43.56651330994604 
4.688160176166811 -8.50912658108382 
159.02705406634468 35.21753957905108 
193.4130154637869 -2.73531584140811 
26.131014766416484 -28.803484530879597 
36.838293486165036 -22.218054024677432 
142.17177177998286 31.165261704456338 
188.46383457507903 17.232376985376337 
205.40002944898959 -1.9130951993458922 
-54.70172667706428 47.375896378179476 
56.30632181448963 -39.16847059616573 
184.59618970588323 31.029289619478217 
23.32685272158203 60.63746521891529 
201.0790142139073 0.488484051310945 
202.60254187609002 -3.8247855948744713 
185.83937079921162 56.265098786618424 
129.366198167824 34.5755305564075 
-3.9234358531296953 4.06001490471203 
26.431990296049996 6.059988327052358 
200.96318886966034 -38.0147834969405 
8.17910017685094 54.39973833030433 
-45.99998453206808 -11.987343612592746 
206.24459096400577 4.423969712278224 
-40.22446041943661 48.54690070696535 
160.74260699244712 -52.806185206369015 
132.65720925545335 13.3284383059607 
201.17129168979017 -1.722282550062807 
5.725163004473287 -38.58890294011878 
163.18704434017744 22.077435161697387 
5.572077211010903 -1.2754646978814068 
38.68739571488 -1.8505682722692365 
-1.7644197130741677 0.7486626985182641 
-55.254581934100294 -13.446952649113706 
83.29846025165578 20.761151183764724 
190.08348640761403 -41.98022297354501 
-42.459845137655364 -21.957622773920587 
20.044707806008102 8.723608576833996 
10.61502959586328 -22.525400459790866 
10.946391901424557 10.012842383499772 
-37.22598640701577 -8.33089101557898 
196.14331225580813 31.838323467372025 
33.660830110642486 -9.245043003062104 
253.6102557796171 -45.65916262954881 
168.4461322870779 2.4830857033547304 
-8.078919648992343 -73.11980729553562 
202.28177081017188 -3.0090830392714873 
201.56862818777975 -9.761371552068008 
66.34505709090931 -42.61240015338344 
202.89782890269603 83.07444250945389 
-45.24534506664999 9.241574457097883 
196.8485216702158 -16.816979865236537 
24.603747074462277 6.7403265191997335 
-10.147485393472518 -26.096358028698152 
236.9147041605198 -58.78591808631248 
52.258954667712004 -23.91386540502814 
-55.38549102205902 -18.12976033392222 
-98.86692624531695 29.133097629246052 
157.25532506946143 38.40972583103903 
67.5938789795856 -17.30345975836629 
196.19636486916832 -64.3446594827071 
229.3180306100873 27.47255257968098 
248.3973428342136 -38.59320488991153 
-43.355889523937535 14.774961836895928 
-14.746743003267841 -9.8436614150925 
303.36065882245543 -37.75970231305878 
-22.420216358125533 15.562309850060535 
-10.284826009673434 1.929202089679323 
0.9655501429324345 -1.7093877266701558 
207.78171323420162 -2.2412709163063402 
0.5855554098096651 1.1585029594686003 
-14.5790832526027 -7.569559818428262 
168.52701582799648 -25.634942855242194 
145.0169189749239 -33.86522771201134 
75.72757138505744 7.385212115900007 
-71.37017743151867 23.073428863334176 
17.715473697676575 -8.079040269015772 
-17.02376545845621 -13.050319885231069 
274.7885411438334 70.2170638971479 
-16.226844690470934 -26.347883623766197 
6.166276866343189 -5.9219669801990555 
223.13934769556184 45.018933720623785 
56.4346723448881 46.644582450499485 
-69.35277294093909 -43.27352183173068 
-7.888537964115018 -42.68274406808317 
10.178090722119036 35.7028979456429 
-16.839535650821055 8.136504982221059 
195.1281090287307 14.258590824867412 
39.055575154151974 -52.62205674461659 
226.63391060457002 -46.29143276224665 
223.21914127566026 -8.554267485538475 
-31.42275698771485 54.5186344798732 
170.86256644428678 31.158537187878373 
6.8893575081743155 -3.2749111908786817 
191.5797763473497 -20.339712013853166 
35.31614922615429 9.0750029503283 
-6.223080331625294 77.86402105274752 
204.9305812503595 41.895101182499566 
66.8086772580768 9.630615668374782 
194.8777490411386 -0.20312252543104437 
218.86196483728673 34.46168360649428 
181.40306569949024 1.2064636779694973 
197.0115322661913 -27.80958868530204 
81.12364209125265 12.408068472757629 
0.25283242605012707 6.2939331326841454 
214.18548816276163 -17.726083272011916 
-34.131838329450474 -14.357222043262379 
-34.7644004109419 -8.011311245105075 
8.895296357046442 29.057693936238064 
227.85380948694007 -6.626129755058004 
-53.74074990210454 27.31500938391345 
-36.88635173296535 -27.687017545575472 
13.552229418355942 -10.045817603296719 
193.08239393645408 -5.2527314735848805 
228.81800774787268 -30.893943798661613 
134.82412206430473 24.919410829789996 
209.04234449855127 62.49677550777258 
-65.77943017741472 37.545336574618645 
-74.86392364960453 36.24898883169989 
244.7349679786176 41.65297860270156 
219.76866089344784 20.98715652174555 
239.351084436598 -13.81536459369554 
22.115693540285136 67.19676041969254 
-0.6757139799794644 -0.4084120198713335 
134.7706889869987 15.038609266146082 
0.9320779025514057 -8.200772997391242 
16.014214099235268 -23.39350923311703 
6.320336931099482 54.39914360805162 
125.07507066630438 -25.331896374990908 
-0.9085874706956034 27.499379654457645 
195.26300535393548 2.3301689182155614 
183.90617216439693 -3.851142014385445 
224.96700515847095 88.71704493513968 
209.84391472939802 -20.773825952820445 
-18.593818767933325 -13.701058654948286 
200.41761490281664 4.446575054036352 
5.208403803238253 -5.705093606101515 
-99.0262016902254 -18.40945022489581 
249.68191168171109 11.234966579629926 
32.69575870491094 10.661108545974626 
226.9358756847907 9.112520972444146 
-16.279279236177356 -2.53748070007924 
233.1874166211644 4.160029620626749 
209.39869855699263 13.160586322436929 
103.2220811016139 -93.01508660744119 
201.73152967246298 1.5749948123453479 
-23.389110736254672 53.191120129599355 
210.55258357876104 -63.94998673428051 
2.1019423717005457 -0.3578599370312865 
231.99561622438398 -6.8897953750118335 
-85.95099493309874 54.84160290629071 
239.73351664422256 0.4268046893084073 
243.31091161560462 27.767813364985923 
218.74382682602777 48.05926279603058 
21.77653688162597 4.063718701316013 
-8.437670741421217 -5.5445326417070016 
252.15328774234123 7.087832633135004 
-57.28618909422182 6.516022856096812 
-7.029328242943908 0.33734059737421823 
258.9001567231642 17.00371181361842 
6.182802102730904 2.4867251165098327 
215.47097366675064 -13.266615675238175 
2.3956324396267865 7.570937333841422 
203.3898586286888 -12.235503258825034 
220.80224752150338 -24.768983125980714 
225.21515603833046 -5.367784006742767 
251.7864156751225 7.18890119240226 
116.43466841039658 -23.410882621167357 
-2.1120085255990295 -4.642930505496888 
40.506499423089885 -9.336197573260785 
239.91274819346972 0.9380154815147875 
269.1008733542723 71.59523402291073 
174.0797970087159 98.13652958888035 
161.64418432461736 -72.41414346575696 
4.575634831170532 -38.73621014321461 
205.9469192567983 5.123000250318185 
206.99532116531074 9.446517694945033 
146.9944648631023 10.773742568641653 
25.19139159797414 15.607376772994938 
213.29217988772973 -0.23454543208335826 
193.9668948302041 10.569362862470033 
200.16307263791654 26.744643860221736 
66.61535927301428 10.530139394000704 
206.14520643681251 -9.508916291169491 
14.669451726037222 -5.049739354901676 
37.380910482046176 41.65232463595197 
29.856291642316823 27.004097182346385 
-8.666624628376397 24.971816233362464 
179.22926600949762 -35.87021795435994 
40.48494800644508 -13.39195456179796 
-17.890495357032105 21.903077889147916 
238.76117533251374 17.5055850127205 
196.16082878606053 6.026581260783844 
277.22933555683557 -46.923178156692074 
69.40028777519764 33.56450716736229 
221.94219064677694 41.3529190101838 
32.40701590018648 -29.159634251798582 
-7.02086963916344 -12.986295283743516 
-14.218969781274867 -54.27404981207674 
183.42808007108857 -59.089826159044456 
193.81234548963425 16.196201014582655 
204.36828079308165 0.31286105358983973 
-6.281691244290148 -12.352019056913695 
-8.55557279702417 -19.892075894665965 
-30.419861618435476 14.91854502440739 
-54.43397372261476 -14.101766199422965 
-47.309880850047826 -16.507766375526813 
-41.03059918701083 27.058932312045812 
50.78120904864462 94.78057801324833 
29.071573539816566 6.278736678779152 
156.30078277018941 32.067257649140274 
-18.042292546669792 83.70474096515919 
252.36969461531658 -58.957246141255624 
200.58718842267305 19.17914658375914 
202.70790389851044 7.229762986360267 
206.44391409208038 10.390716781190859 
-28.64124462685902 30.45033045181244 
152.09144037176168 -50.53696389031725 
-59.02177180247834 20.35597432134589 
-19.96199884643296 39.73166583902206 
171.58368860616878 -13.742445673142381 
86.01948884862148 27.337419783133242 
191.01841530320283 -7.3839377301138915 
-2.0333810277129385 26.49854985681106 
8.964255858372328 4.159396990062381 
196.1544552350638 80.09126400844157 
199.37403712275838 -20.777235995838645 
-17.10283618692532 15.029446843326449 
232.1382895114383 -34.0601456139469 
196.09611643732967 -86.49007043099355 
141.94866903780525 53.67775424128763 
54.197791742497444 0.6063535376008309 
271.5673467334561 7.392580654394469 
-20.461186620096512 -3.4038535029949184 
207.13249587543345 -1.0561570164061864 
132.55831968397172 -51.0748097889576 
39.33606412750441 34.17622431804387 
133.19521817149473 75.95465773916102 
-15.98499071491388 -3.509782113717781 
174.92321376366405 17.459434809914605 
258.4961190988791 -11.0118815025757 
215.38653622965182 54.60096935906687 
-34.76641100481923 -64.66348742041853 
163.73972427643096 7.760657005030647 
7.6829083927260555 45.89831170056353 
201.11049612965354 36.94124994293028 
136.5436494002771 -66.95392114937424 
151.77953874417932 -39.257063455863374 
-1.2856766523217191 -0.2786471293783731 
191.26680252688246 -12.347402806295634 
223.6290420197547 -18.564552683118396 
180.2092450622074 2.696890924497061 
139.46047356345167 -27.63438333636898 
194.21999118416906 -30.502367229267087 
213.48215425794706 -2.4478074452856644 
171.4400905599161 -19.861010267818564 
-48.06813509473045 -5.191842327110791 
200.3712859994537 -0.9967699348334156 
174.22204695500125 54.27687289974142 
202.74671930469023 -0.20181512525914894 
-3.259128126182358 -3.335138489682186 
201.99958765137487 -6.0372959956926335 
5.888955438043668 1.0772084005740294 
-11.18950968395918 7.824741584570016 
196.87978080702095 15.719766805465058 
95.30960056662227 -49.11181605128489 
107.75496194758847 -60.89484509804902 
119.90839062538925 -57.03282008691123 
216.19316181597222 -2.887975475334963 
129.02122078808992 -47.405862233927785 
205.8200138245029 -1.9835641366972858 
199.57647660570066 -0.46086909833348577 
186.31890332103237 -16.899404625271895 
-2.6011121210181294 4.714903795093442 
-11.463205985741148 14.475783587531527 
242.8979571938329 -10.41191740883235 
193.45552881588043 -26.563044343974212 
161.07709029974924 -28.576897330114658 
2.7038688232364105 4.258879450590788 
209.42457409693958 -29.71229323989313 
-39.52217897642458 -16.679177345238497 
1.810006723696841 1.1454015272570857 
216.02494849345874 -9.545955310848354 
263.81651398330746 31.092538204474515 
-24.317856671451285 -64.96038200070278 
199.69915247942583 -1.401356173786822 
-4.525234590119342 14.617007462868713 
-89.20409129698731 2.835391517213932 
199.99005056392278 -0.31327972529944936 
-77.68828684437507 36.53883098648743 
34.19253352234612 -9.38569542116333 
151.92918044290445 -32.99206502721013 
-5.529894360655699 -30.22736312065413 
272.8214484770159 -26.77555752291405 
216.5730575189248 -28.994758826166986 
125.35888065813106 -0.400291414128306 
202.29335398067775 -6.433817537878208 
-85.01960267293295 -15.168111707476994 
15.450955601339416 20.1946619568889 
196.61708949206283 1.146445572047576 
253.49917544929068 -27.080487082347826 
191.83251149203969 -0.8361967975644878 
-7.788440910309435 -111.36859505196448 
173.892115385599 -26.876335856142862 
-50.77327641465879 -10.534075679376366 
30.109848856681353 -15.825787756600166 
288.6572222734618 -65.44431688531348 
175.31673265573463 44.00690247903462 
9.740531043862797 -3.990095488005859 
237.01182111634952 24.851854410168162 
28.688484458672 62.73266540009904 
206.79670801545947 -56.54666178979717 
187.49629702015497 -32.08993837971554 
197.6833266063408 4.454801729129209 
-2.3606792517138415 14.664335084203932 
3.7601730452092665 10.191870255886736 
4.965933671949983 6.28326672833236 
-21.345316122489365 3.324980916861178 
-32.56330315228012 29.287258401699287 
2.4354188720192202 -0.8505349881464319 
37.631457653144246 21.512004883286593 
-14.07606703441026 -16.090139291393772 
-51.090119986101385 -61.22600526120068 
215.27499172603166 -32.29233557464238 
-17.327045973231 28.71568357526037 
-3.1727436264010107 81.52170730131334 
253.5307072700269 -7.218591300794864 
203.29240440214704 8.847120886392531 
33.997652514650554 34.993868295245385 
-10.743083491684795 25.969866382518504 
219.79970489628434 14.454997911941035 
139.89943615199925 13.962422506752757 
24.244489614968494 61.5232186109804 
-45.04220990679781 -19.9886704272963 
26.70979933239022 -66.30678697771056 
249.050640084221 -36.2465529855309 
11.895682050227041 -58.25680303774518 
167.88166235177533 -12.229400956227913 
208.7323305519867 -3.9568024124993775 
172.3113372054508 56.531889368235056 
-27.100779915407564 17.527626283249226 
-22.029558698626886 -6.955182068182694 
53.23550339786327 148.51538262942202 
-19.782902829352242 45.2051479507835 
-5.976692828451256 -15.113608762975714 
-0.6802184760258442 -46.50380700794442 
-64.62091414425824 56.42769124430853 
187.20043561330132 -55.68436269216192 
206.47286236625658 7.383424072648881 
131.88134622775067 -25.061233020739706 
-1.3751327835306102 -3.818901174762579 
32.07081348379377 -55.343504956968495 
-16.813965263546642 76.12478415964944 
68.46087767768306 24.404175192307594 
194.25769552144817 75.45880470024893 
166.18512750878008 -21.491083682890963 
214.8568938501436 49.812058373618875 
-3.461378804405312 -2.255418898998612 
226.957268622215 69.26418999527542 
-2.8480994879113926 48.25192239640773 
184.22410652898998 19.75601774397389 
161.99700633613594 9.165766899478681 
237.92571912172463 47.144124600227094 
214.4846195614673 -11.659514574865025 
111.65510537008565 4.941033192677553 
205.11843506084597 89.86471181574018 
157.84131411372482 36.628274095006965 
202.73782247893172 7.585422628661397 
-38.46421919392798 -40.93290551175605 
187.30567925895696 -21.139406805047773 
117.03266840206908 -3.8279602917318187 
-24.912074198836727 -7.201944125227708 
172.57630078004047 -74.33468461246935 
180.11061189490934 36.97940666263373 
-27.129972596760062 -8.505347396726687 
243.70788473584344 21.52840245525849 
258.07922181559593 -5.113528980825438 
70.0401171330625 7.284058016273905 
19.543515197750803 67.50277166301498 
1.2444914811752694 -7.828471407962714 
-40.12427134975385 -38.19126244179857 
155.55882444651374 55.602341860348226 
231.1543807150465 -1.899551832520387 
202.7506096562282 -2.0723811615712697 
79.94727470826861 59.909041018297 
248.72326366429212 -31.166091555411384 
198.17473467373247 -1.5870885345220145 
177.8089605156178 39.196274127283004 
-117.245123094534 -36.748030250537575 
207.38616592443918 3.4249182535388383 
11.123670630659596 14.5044601963466 
40.205842498208 1.222943376503822 
-4.377714362262983 -16.14489693058244 
186.2464762180012 -36.88435206433139 
193.52853307254196 -5.591484753044308 
5.710433615230893 -54.95964890054748 
212.35846284835876 4.393864102219645 
-35.52453846084259 -39.04413806714307 
260.810625441078 90.78902504912476 
239.01635671989595 0.3433480283417193 
-0.9660611118479937 0.9710294755794885 
157.25266574687043 30.58707319848471 
232.73884198569186 -0.008428279684011 
-17.311421473141994 60.96067233555029 
-19.6781570369516 -57.580486656801305 
191.59716630057457 -5.1921935602187 
215.72667774653644 -26.49801091843453 
132.31159324272312 -39.5089970279871 
-15.94418076574175 1.8884229366408762 
-12.688935734177681 11.17552316547124 
25.085576950200025 24.887480836673436 
-26.971844765711523 -30.21769648944811 
212.9185951882808 19.693417678421227 
-86.47284925817544 -9.475042660794555 
231.66031256683698 5.2221106806776465 
213.5581618642629 6.29190684637995 
200.94209791405962 -14.787685389379341 
188.447740031453 9.533845658437983 
-44.15388826667863 27.031950640032004 
30.528203853748625 13.294635139464237 
260.85750677365996 22.36004730429599 
-2.1246764032872623 0.508477104034466 
222.96056086501636 34.507231996447686 
1.8534035719245494 0.6160336432659149 
32.561303685974806 31.093785060459258 
5.648528216073487 -21.58083933579465 
