1.0
0.5
375
56.778964487345235 -53.71371554906371 
-7.815700759579103 18.905724050456367 
205.30536743002702 -12.866812638991483 
193.82360109299594 -28.352829020083416 
173.97441501803368 -21.905204251452496 
157.26626030280872 -17.553080563953888 
-38.49928178291662 -35.47305035895786 
8.03139780348527 -2.927520135859346 
248.22469518057827 -8.853344143935049 
5.19756617086641 -3.6015922217175964 
20.85151738659431 -1.6015870394236273 
36.86495683724621 -1.6327346613621372 
-17.21315344787886 18.006626088324648 
196.55286016935773 7.745752338765328 
198.85495362544196 -0.5144248068306483 
199.52911406492547 -28.29643602272622 
-3.730600562794613 46.999675953357126 
195.18964606740101 -16.88930886860778 
273.7792142225624 11.819830864455554 
-11.695883452124333 15.281614498509743 
-17.51168484232133 -19.6062697250572 
-1.9842217803998592 -1.7942103587819933 
204.56397716210057 19.16300724827446 
-3.9295582820606456 20.58557245628625 
-13.00214408582979 4.640046077820156 
211.28976357389058 -12.895975154448879 
-8.83019114607386 4.132454110611402 
-2.2094430359223542 -4.344639644405426 
18.23362320901911 34.70236429271788 
4.388534716263076 3.8147056734237283 
0.709255412393864 3.6509076728825507 
47.72502031345974 30.2871307154417 
0.005778659066548395 45.30875781697075 
160.023710858343 -77.23735232847186 
206.15868391616883 -3.3433663385940227 
-5.884189367231581 -18.13076409907109 
-4.747357485878887 7.771053098708049 
210.6768348144277 33.5448983188491 
2.3745917718906906 12.212953286783623 
6.7536923776719675 29.013105748221736 
4.65844397971622 -66.44492353546414 
35.305564707956556 4.096872436802806 
221.83541975262048 -29.16996644304212 
13.97752152395792 -30.227918202141556 
202.3369897068347 12.657714825301198 
193.33858420090579 15.946061526759928 
210.51465531175654 5.943656841634346 
5.350464979559769 59.36231388113867 
37.985066747635784 -82.73947058559922 
-1.4612477881815045 -12.140412348991942 
28.07987596800178 -27.850928993707296 
-31.985324245682555 43.400830564811876 
15.601655712835832 -30.297492484275647 
213.46368716396296 -16.148441110726953 
7.139877537341473 -27.736031848027125 
227.39613367640345 -60.63168764925945 
-13.730728565176777 -19.25249405706915 
-21.75458646901809 -9.096224313360548 
-5.592227222241807 0.006605563026924825 
-81.38059192750185 -103.8120181889547 
199.89502348482216 0.188885090765265 
-0.04584240595508258 -0.5395900242302084 
193.0665737957911 -7.020706127085308 
-20.069560547366066 -5.215220591367309 
-29.291661470102422 3.3664956752136006 
213.08597401494882 9.84548484771987 
-16.661995925409666 -20.69565302087864 
-19.81055607129608 -2.6853289787381316 
254.84911368994142 8.539074976499121 
53.411757257884794 -32.39963115598255 
222.36411425711276 10.196581007861425 
59.72137631392166 -23.412673527774768 
158.8363279146574 12.813964119563888 
140.0894806952003 -51.82063651663665 
-11.694424341351624 -20.810239810407392 
208.1925706647801 -44.41675941664654 
2.6152493247309816 -13.074435387969684 
-3.388070268105852 4.701428024114298 
132.8597922033671 -83.80988036513389 
33.634048486896 44.66890637750912 
-52.493022240560336 -8.960287697381842 
246.78029452759108 -56.786103612237575 
199.43158151284922 -5.204065230861957 
-7.186264005198349 10.072674259581907 
-7.644527176453127 0.09115978675429191 
201.72452060337483 -0.6191317848247028 
152.2783973634797 -12.933130265888938 
243.08776808317324 30.56560425216321 
-8.54760900524329 -7.376300851260867 
190.9473401105581 117.24289880657707 
230.59341967555224 7.963227908981557 
105.6772851480227 83.04368179958823 
42.55270570633021 -40.23139897986427 
227.55417724574903 19.642195248489315 
236.06023664161418 23.07822396668036 
176.58282391805426 -18.26259231027459 
198.03054120026542 -15.559992083663722 
181.3394629933572 21.34479250493935 
-12.920630881945593 5.053276879737441 
61.87969063801849 40.23379087595617 
-39.425279832812215 -88.54518580027508 
197.76656987517578 -34.92037864307751 
215.80382788343175 -57.64978962818674 
-6.6835938794181615 22.320343891615895 
0.8137588558971731 0.5462712227603702 
197.35024042684014 2.2043770819661472 
146.92008084244338 45.82254556851812 
1.0685232320475424 19.827473635376354 
195.59381099906236 2.5240673253781147 
12.806602491265878 3.1275654135931203 
-56.077032680381244 37.825844208697674 
42.20572419587593 4.667369840889423 
109.19161652366799 30.016230738658376 
210.57241050277935 -38.38038606168594 
70.40667817898952 -48.03782598612473 
-1.172794128818791 -23.832699152341384 
172.75402945930207 -1.0737019264310004 
-17.55751582917959 39.9968041840863 
-16.462469280412385 -26.86411568005776 
160.76577928886286 1.6083181996694018 
-14.696937414695789 23.539272229096532 
183.90461025534586 11.790996745931878 
151.6134922984367 11.948421271105525 
-16.74334051536152 -3.672599105433424 
7.444574387862346 -10.568336180957376 
191.14825508986527 52.14367015698973 
-31.431956675003452 -102.44572587781016 
159.02976531771245 -65.57572785949502 
15.268521586946266 23.612540184727383 
175.27341248891625 21.421148651512652 
189.85859969512865 3.9946467471692735 
6.313846610834974 8.20161328512865 
-16.84205514649285 47.521888880651396 
198.19029178525122 14.205120469736094 
15.232556156059674 -36.26354554007623 
187.74053010745973 -6.998139455855873 
-18.27689286345405 -11.944342996082842 
169.95808769622116 5.749172854385204E-6 
37.99291420953645 -49.089170745376876 
-1.4944284668067394 16.231956036021526 
6.481358432446259 5.483147029748481 
-57.867363941917056 22.422626044144216 
180.0428870760033 -20.352804265054665 
209.39376440231499 -2.4838791893613212 
9.124826803025304 0.0747952778973291 
186.9028568404851 11.324256181427206 
197.32147070366352 36.78822994529392 
209.3761861930595 -51.82340328139397 
219.03923310374304 21.876798040670277 
24.96993961619309 62.9942282282845 
141.50357374470084 -33.48562193965229 
275.9671236054383 -36.526661388859374 
2.304418982413054 -14.206428608320946 
209.64793664067693 45.45567277234001 
2.8614968693208307 -8.617823868208461 
248.2758341457656 46.991945253263815 
-18.43028794678703 -44.3960883083637 
172.11096881078277 55.258740201144114 
196.92643809494942 -13.318890882358286 
216.70474152118734 -6.572917630959249 
-67.23615403362055 -74.39469314093819 
196.30172310158753 23.088608059593767 
197.93655552070874 -10.275128355111399 
221.34868639737064 -18.844813931604175 
-10.398041779317134 -9.753996266899343 
-20.39487326267833 1.4135756976081373 
197.28489192084652 1.542209272507814 
21.622881114128575 44.14382039619484 
205.06571975824633 7.964506570883722 
7.408944051549972 -4.168937479606103 
193.90418828268093 26.287211831421942 
200.19295741435417 0.42780913700586426 
-1.007521892864576 0.04910537193427777 
6.354904191029788 11.738669982081891 
12.58227040304133 -2.041598799852881 
203.68598788123592 -15.51955629725335 
153.31473689994942 42.36608173531076 
198.83668245308507 -6.317110111359307 
-10.410168464883983 46.23878160249578 
201.2767282648533 -1.7419009573047628 
212.20294176371533 7.466625319404866 
40.14706973898923 -13.75868972725338 
19.793940746102454 -22.80277940541271 
11.167181358570142 51.799311212454654 
192.9432881285907 23.89923426573774 
186.76587921837876 -13.425174924403395 
-28.534366087740853 15.486597071406143 
180.70296116509164 72.58460109044131 
237.11050210532258 -5.379895827357325 
0.9522461260756616 -8.183635051447421 
60.54445839177222 -28.115991190843246 
201.78709853392573 -34.911448471034184 
202.96003993776145 1.2701123185611936 
212.10833410922228 -45.8684745593012 
191.50888771728327 1.6711644071061058 
105.38392437126716 47.42929902604096 
229.33757621378209 38.96896468519208 
199.7933181539339 0.7553382603155989 
18.76273296004798 15.352925902324014 
-27.06591195951982 -13.050245560723353 
-11.623758081196513 -15.375266732301968 
-73.69982803155422 88.4559378962234 
32.60187164443358 -31.06060962705638 
219.61993671020176 61.829116107810314 
-7.121928712928183 -44.821983134709306 
157.9708698696043 -34.005976988126314 
-5.641704618780911 -5.558058142513203 
195.7277871316683 -20.866458311889915 
169.1661167141762 9.416561745065339 
188.12041976799222 12.859743019561819 
207.12012376631048 18.636053696424707 
28.954275787202292 -6.6820395910723125 
280.84495671830064 19.157458887032373 
-63.92224880620594 -109.59559903528111 
-1.7666435745491755 -2.8067289967315245 
173.26773779746378 -25.967874487691457 
164.83050853487742 -3.490810399797151 
43.60888993055867 37.037040562708185 
26.820073806563133 19.5161890940072 
210.8423386723433 -3.3169981077587916 
5.1303716737929905 -11.561177688785756 
3.4460359873290236 1.6879737295591812 
185.84045052930884 40.651530359364514 
26.339341740174966 -10.961344820099281 
-30.839210158122327 15.775522249669045 
13.82257373692531 24.450746538134975 
24.817271815554598 63.10096343395492 
164.49670159996447 33.131130603308 
-14.272428190953558 6.970992356400052 
185.15696265826904 -0.59876272462872 
209.51064116203764 27.54661580600524 
171.314433227714 -2.523310519762137 
120.6599401536583 0.8256768996380828 
203.6793174758012 37.174350916268025 
19.091407036830255 -69.2353587709199 
-50.148815212010994 -3.3443637287640287 
33.03772807423712 -51.99061827259036 
27.212157012137393 -2.6233687908324907 
21.836874199040604 -42.188794711547104 
257.81053136668737 0.415105539149046 
162.16448620415838 23.50822518380029 
-15.350558609052605 -7.1539296400753285 
129.02241923177925 58.5501548351636 
-31.936833749926116 -15.751677588384888 
166.42102882425993 -9.207902512936093 
200.20266669070605 -22.002350522060997 
77.77482139131898 59.39040979611743 
202.65077229130927 -2.551322553673161 
252.59944536087653 -4.980552338586821 
200.53631259736792 6.59809424473618 
86.26485321244377 29.545219219301753 
3.720101894552274 31.919198371719737 
204.95327138507986 9.267647943769026 
237.53035378372653 28.347568834394753 
-72.84836342714141 -2.706479550340216 
40.041187478550356 21.670882240133558 
218.17464882723664 -5.112308799734233 
217.19835158396904 15.942567927279157 
-12.046644145074085 -7.355692394300193 
225.0863760784759 -45.343778843974974 
272.29581656916577 42.75939403748932 
13.611836873856433 -33.06566889226177 
218.7927216630082 6.740560647821112 
200.6063656232569 12.092801944230343 
203.22535192472694 9.598187489229392 
-12.207375076252129 -28.544646049644378 
200.30992796424553 -0.02540578574413118 
-79.82880704989537 42.3225236549783 
188.9414555069267 -8.097692444881007 
237.82959993253044 -12.352704026059149 
-7.2911146850866695 60.44047649227343 
234.14504409475097 -18.276782744030452 
12.830147536440832 50.80499746811416 
111.48228102578052 96.16969146692757 
23.530955592790253 32.095449959666965 
28.238837004777523 27.37337730751614 
201.4650996063807 6.498655057841397 
265.1178976767634 6.154036493798913 
-24.50956220525341 28.21797589246318 
202.37006754746307 -19.94598406213448 
223.69017006543234 -20.670783732174144 
238.0465131677871 29.8250757426558 
221.52006009287192 28.986119610693716 
12.34751516929921 -6.77574723281802 
8.284803461019482 26.216617028548672 
198.56301030404933 -20.899512771788086 
200.88512800107537 -5.286928196876208 
-21.328060864335164 -0.7193896705476995 
208.40156349779096 24.409254015840368 
167.96217603979693 -20.44998444817641 
-34.38379790014293 11.20696229619921 
203.34533496308427 -6.9540800207047635 
49.86630040968342 -24.711255232547764 
196.8000772038207 0.9528043225622448 
207.8087917505715 42.01092553425269 
-21.265982418187846 17.17888859642883 
9.35038924213422 -9.957458624733246 
-81.40149197870876 -27.709934368085516 
-9.989369998224541 -0.33545890364659725 
-1.6095441894932792 0.3422675284755803 
199.50451928644884 -5.648785824128807 
4.799190863851262 17.111815333995505 
206.54414490970834 -30.589996248732483 
38.868056679023915 -54.353714335140886 
20.823639206125478 17.342637056454922 
139.86305084800975 -3.835170573708472 
-48.08420945168383 80.06111304553262 
217.224261449117 7.120040113134915 
194.94481755641 -5.730722192092323 
47.495504049630874 40.617125282185086 
156.3687654649362 -39.45361738909952 
214.17061147309346 2.6797271877335223 
160.8250302740261 -79.37489454176215 
197.8999535544321 -2.33943119926093 
185.51034827819586 9.479894160257713 
15.339655316931486 24.603592063229822 
-33.433497317713574 -17.189163319155327 
19.197844033018836 53.282925677332784 
209.79468271185314 6.370698507776004 
53.74138697135431 -9.845306632109764 
234.56302730464526 25.557870785615552 
33.2771500639024 -7.8798093169141685 
-20.711683187344157 6.021706305073618 
-1.004946086552584 -1.8709228785945493 
-10.212923210344693 5.132456672557455 
194.23611918750424 -4.802878672488399 
24.83407631687873 20.81270670786266 
178.20088376222753 49.26889695428891 
-30.87656865952388 -24.87108142828902 
199.97940440108124 -0.13345105183114944 
231.35471082554972 13.70619641896198 
176.7976909352382 -58.56322782987094 
1.5235473811920381 -4.568571067040917 
169.01601571883253 -75.44621329680714 
-2.9239514810119425 -0.18187674147970934 
199.82164526303802 1.443807614652122 
-63.4222511183302 56.383838466094474 
229.59602473281015 -3.0742747344289643 
5.106546980698369 -33.48766808746758 
200.26311084172633 0.643336943015595 
203.11675466566635 12.144478559185009 
-14.47963097763796 -5.8708372380072245 
3.2574719069972855 13.222636908613325 
-48.92249370113063 31.025895646624708 
37.83911929239314 -14.42882119972705 
185.45470839269444 3.963928271487324 
-6.045139105127835 12.457390424626137 
17.333308524924295 0.05540844929551327 
3.0758785671312054 -2.6140393130126567 
153.75246149866553 27.01037628595757 
-9.157018831976472 10.429298215789181 
-1.7934512270083853 5.076270904426052 
5.244236816773577 7.014140689618169 
-5.601420292662412 -23.260196901798114 
7.5811312965737585 -41.62167663634219 
220.3459012823061 3.17397679848506 
200.72982753325917 14.486351041193624 
10.372604650626057 -17.684224244032396 
121.57740615112924 -6.300470867605024 
-13.542516125709913 -2.6115795112208757 
181.65302601527662 -28.803941466797674 
-79.55317979379838 -28.731185554376825 
183.1158951419456 12.727669023283507 
-46.13373491575395 17.478310625892078 
252.14330122923838 -7.078966632150204 
213.3303625651725 -37.324890233537175 
47.22919946128949 -39.987075164546944 
176.11477224349437 54.923165251296034 
47.25088552741615 109.16766646567366 
-18.28768600752849 10.816739465691347 
144.76720874706143 -3.5312716519878404 
197.71891334904177 13.159681492069938 
-16.917434563469854 -31.368168133414056 
-20.407930910440847 35.527589062718825 
-68.96936490300476 77.74172732148095 
