1.0
1.0
175
4.188625012902106 1.9096624927342538 
226.06312202221756 -57.618666571948935 
162.37304184118867 -83.94194735142223 
200.52471916935846 -1.520879998290644 
26.992179325240837 -11.590144707296302 
-52.71689084649367 -65.89225822051712 
205.85908368608534 -28.91409222786105 
194.88990408456914 20.882785781418026 
71.24145046847208 15.732042031327873 
245.9309836691015 33.60344163859836 
107.65273252421132 -26.74720859209406 
155.7761987051476 -22.218882152279797 
210.22283683638966 -3.7109525711274127 
147.45613103539296 -49.6207032093798 
238.213255627123 8.111809931371532 
166.60392923351918 -0.4275343918471266 
-25.186714345538693 22.432884725229012 
17.64029925516162 0.5792448290081816 
-1.732232686185809 9.95913172340474 
38.1735355536051 10.518325302681799 
229.18034070261785 0.6350944423609217 
152.541075143008 -13.182733788551676 
-5.312665308661279 0.30304884480854966 
287.395468642117 62.85367633784914 
250.0565260572111 4.891760148877728 
-18.215763428355807 -34.7164691239555 
20.493958070211185 -47.25271430755525 
220.9221740034627 23.136087120576132 
48.13198562143409 -38.84091757118891 
26.80644484037046 64.72139468764826 
199.5480094585817 11.148728985740124 
35.005968940201406 -2.554099973838353 
271.8474347033428 -54.34540735980213 
223.97563188270607 17.764497672914892 
-52.6188485644841 10.026232720766949 
27.519232424547727 -58.94875850281237 
210.96801056240295 -93.61364089974808 
65.50599757909599 49.35130670928234 
-81.36287974980445 -30.304086187958006 
38.79837823387612 -75.13337058721503 
-34.71416704991827 2.340244807522154 
-3.8577420364059587 1.4672160748466887 
175.57571332345682 -0.5230486400296519 
9.852067481132801 5.6595408135013665 
0.07617491875586696 0.1664164838071436 
13.08541479279476 21.655234899675914 
-29.626193432562616 20.670584755499405 
202.6826915611707 -0.41179176607850165 
9.79436165348336 -51.59960110663019 
10.25793578409763 1.1448624665132403 
235.93617413240486 28.946008212381418 
235.67232196680118 37.845828873025916 
187.8050910114976 -9.142899338763684 
199.5125574243942 0.5806478124097619 
68.5068686351351 51.834644563744575 
193.10877513737165 52.668414669915094 
220.6298062613801 -61.78994450096136 
230.12749434101102 2.0554742878332046 
0.801075363381436 -1.9417611854709675 
14.26850167601796 -45.69780948585747 
330.9045168604829 -21.191968174879065 
215.78308676428614 27.19844225937763 
216.18145924895728 15.064702012204538 
206.8841194946927 3.297206977975052 
41.74462229204161 82.31127726638451 
187.40162687694658 -11.90179844047101 
22.782966357234134 -2.5357879763222697 
237.4826410377952 57.419100284905625 
5.672496205927028 -20.007358176523137 
166.0271875794745 -82.85755746919848 
168.66848364605164 -13.628353569199657 
151.63052059600818 11.15364420751351 
-51.86436586075453 -2.48323660100882 
3.4229480450153003 1.1708822565973882 
194.33231860349974 -4.288647990594087 
-1.181960214152539 2.4114908009546676 
31.864451036041444 40.96993948247471 
199.48370356468945 -25.425212630467623 
46.78330946691362 -28.646498196482504 
214.32153441346588 59.877338626064166 
-71.8579734730549 -2.8923524951910413 
34.290298603608605 -28.083311086553636 
250.9120841325556 22.432230485720698 
209.45903189335658 -1.8164019046165327 
-44.90268593648746 -18.713236654079914 
229.54886222687796 13.471186021297994 
174.03264282374454 8.075563798088817 
-19.63287885673625 -18.68457090672413 
200.27139860757478 -10.642355239439988 
-34.43935826021769 8.837053840682 
220.25304879750942 -55.03514805630783 
11.074639897821351 37.9041125879217 
168.6556079859402 62.294002314644636 
9.846923174196688 -38.284731337231634 
226.37677304608866 -22.733657903854333 
-15.905576027237988 -23.34476882178804 
-18.96245347924533 -6.389918943609392 
214.57908771381892 -39.96564373898783 
174.20428696890457 -116.75180733052493 
239.84142314665326 0.3876886373715273 
220.55401629697968 16.064091264271834 
163.07212352323194 -8.802451120484312 
-19.19826818518786 9.804719201994768 
192.49505240354975 -47.04179467961597 
14.746213267190985 8.82083546459579 
-115.7410905009272 -76.8217834545943 
75.2512780904523 11.7031337318712 
169.30713065623863 4.788136941640038 
29.03466878352424 13.754042170450138 
-0.6225496018070956 -0.43030884781944917 
-1.9570117014993298 -6.954237210672104 
256.09067299682283 -34.091398957184325 
222.8137189694492 4.228592924749195 
23.568504629879858 -7.028463787554938 
309.75001958695526 9.282003989927206 
20.655808822361507 -85.12987613784077 
252.85683246521722 36.4924552754567 
-6.838567720808594 13.259903628538364 
214.686886030168 9.62770727685551 
187.17252952791918 -24.334461911877035 
164.75156023000142 -17.290213271022772 
-50.13452921352565 -43.31282766762808 
207.00883075760714 2.355224529593474 
200.85940685017474 21.094367080798644 
255.7735462968986 -27.590506661929275 
187.83795071084563 -5.379501631135627 
196.25682116294797 -8.331688673083168 
237.58447092306676 42.984785776515174 
13.851758793979984 54.34964847958296 
-7.283793193497681 -10.57033310422011 
232.14217463844432 -8.387869228756836 
201.7297361445101 -15.692745315303101 
-3.0759369707503272 -0.3392838206405741 
153.4410933928013 -28.458040636914802 
228.7036562567596 41.14760228076143 
212.4341663804478 -6.156476140256744 
-6.3909688095020485 3.791744822630653 
-95.98839567699363 -24.910165463717846 
-68.88078366535049 60.700400294502764 
229.10868390150688 7.64211973931605 
27.05113193633513 -10.517603300284394 
202.6630100073444 12.071782326770018 
261.2862972201671 -8.295321446723694 
176.77406541382385 19.223711753453333 
200.8134121330814 0.16165095088070217 
200.49260545018544 -29.765489802844012 
132.62340147600824 -47.76451166390568 
20.387877458711372 25.040057690355916 
-67.36248456375124 38.527647625841304 
21.820235795527555 3.639065973459467 
221.14716290022525 3.5586380787321343 
43.610105142141805 3.640309099517877 
18.235211541789326 13.626644951528025 
220.72718980908007 -23.042830053131116 
17.405697985861604 -0.4319516528805515 
197.15875746320287 1.0702052765387877 
202.0664975864428 43.6149214032921 
168.87916130541072 -23.36973867026264 
81.09292871031498 98.30499194795546 
193.44071144240138 35.87181254019205 
-3.2854352903990893 -42.1204240508125 
9.722198711734897 0.6536696843999108 
183.12339405997514 -109.93369906414414 
183.12007303996444 36.32114633910049 
148.4498094492476 50.492176728475656 
217.04280659898708 51.11630999831851 
-1.0666462845487117 -1.9335155412226421 
-28.012110660204137 9.234103713727006 
181.96486902149363 45.44384445677455 
4.241675770987239 -9.405318293459336 
-11.28622829208663 -57.69277723194074 
171.56659486898613 -2.1563092476257535 
-44.00221994071901 -23.45236596981039 
273.71735957845647 10.837328819607524 
210.46903083014877 46.335134556245045 
