1.0
1.0
75
15.462942923395294 2.1233120855386156 
-4.000695686367693 5.28992766811332 
33.635697258679265 4.874989999415214 
201.90264143463892 31.977013983609726 
205.31588393075228 4.1820611419662335 
27.15028049787174 65.21177848562598 
230.81455529522503 -26.383123956667372 
11.682978407674792 9.084676286491609 
-20.567254135419063 16.127619045419223 
0.019374859366164104 -0.8002896170476066 
196.36076136483834 48.83066121669792 
279.328662021376 14.511708564275994 
-6.859502719916804 3.5315029070893074 
175.68983268567143 -19.48227292421141 
-91.77811677230724 -6.978807176560452 
-42.17164265591846 -46.953766466258344 
22.113900352102892 -72.88544784864051 
185.46294277785552 0.7613921977275468 
208.37657714205423 19.239978112579617 
96.61036853024822 48.88987386029418 
7.1089726257555625 0.10702450273484539 
37.83347165001429 -44.5456866003064 
19.827302147091707 72.0132863565674 
3.482854100789713 22.248724761461713 
170.7413529641814 28.96766049403307 
210.7330307474576 -51.32087037892536 
8.27807830670387 -55.32426929435865 
54.67236013787333 65.12764522429812 
-7.939097350625497 4.649789602250102 
45.88293328008023 -23.08689341159271 
218.9067595410523 -15.255840464608971 
1.3094161939008961 1.601666273832639 
181.40000759340467 1.8720293777163328 
-27.316600423582248 9.746885813529946 
55.59088805416897 30.651427100960916 
214.93346356440736 48.27850191302057 
190.2168800538172 -1.2511124489761316 
211.53195611769704 16.951309562968774 
215.7646064679227 -19.385569380610864 
182.44535039894802 21.202282680372853 
234.67425528000015 -11.794883568716214 
10.315691278420875 -2.0886088367082447 
192.72402024896832 -11.153400328027981 
307.03079954815036 7.822955373750628 
211.94857377641372 16.471708022262646 
-34.6024642170616 -86.7533946447837 
-0.9422765800195898 52.62926148403975 
238.583906068713 77.17205365447508 
67.95002807065731 21.910593465543947 
22.17831297726767 -7.298664500008056 
29.34384145468451 -15.11804686854826 
201.9924330297838 1.2116419667504792 
199.3078017404686 -4.998885366851913 
6.745622892146504 -11.02320455161516 
5.78424433992285 -19.576043303466445 
-14.434913960782628 4.378377347793236 
191.5728465327187 103.65965777628712 
-64.69696476697412 28.294806813755308 
229.44649198912217 10.88722640540764 
-18.856629210624764 10.797723227824108 
-1.7043020401232711 -2.9037793205183244 
47.49203516718781 23.09630453953162 
198.24464996117388 -41.769926411558025 
215.00496499508415 -15.945844100853893 
1.009748837797347 -2.4936328838950437 
179.17203995188967 23.521938559870343 
209.9642516846041 2.10500860636477 
27.27081244538471 -2.283542067810621 
203.09464123956224 -13.010841666565243 
219.11480600447445 -18.70689345708068 
-20.384978627155864 -24.934860088011444 
181.55031982668328 7.19369637632459 
20.329842655711904 11.338049518732218 
28.10549935778194 -10.29642131132378 
194.37227931397 8.838523495867339 
