1.0
1.0
100
15.865943722650458 23.210952786294595 
204.55265302440122 22.766971953704964 
200.58345462165101 -19.322443370784534 
232.31020830903316 72.91808315993035 
247.3103324238416 -4.983412280480524 
211.27928020461695 -20.763112987350645 
302.45057926679556 -10.632722714054898 
77.52384536946457 44.49681305067923 
170.51720282078787 29.90977501106489 
17.979790881361055 76.49602397656018 
-15.890054288590695 -29.91535194349505 
-3.0487237994204937 -3.007722159738312 
53.969091322478974 -20.706416681860826 
34.58506240140857 -17.792243616952643 
229.9992890429131 0.6304960688281663 
199.69347838775286 5.579583822331086 
195.81402355405615 7.120362318864008 
66.65216904288843 39.318123952023576 
44.37232112731535 -73.4391488447807 
8.585011162636606 -52.973912180854114 
267.83231720453443 -1.715750568388907 
204.1557809149852 1.069952285392931 
219.13668825358099 -18.064009515102573 
-63.29789025766 31.631792886622883 
-22.789168560757048 -49.53517915302678 
-51.99498866887255 -12.715290272492474 
199.71764376874413 -2.6654228834283327 
26.634202976706117 -36.40855105036731 
-38.305193446107445 -10.359357697589576 
-16.513217989444232 53.5233688490361 
4.293396275136548 14.025572337495115 
176.86251581687821 -23.89062553515168 
249.55669364235692 12.33217178971492 
-0.28920778447365875 0.25057498650553156 
20.84793921353398 70.48566780297067 
150.06859551640702 -43.771493183541544 
175.77515097376968 42.98706653119416 
-0.38276358271303584 20.483031907386763 
284.09408938168974 -113.51222255422515 
211.15299155297353 45.839950632869275 
246.889795404768 33.337248322349005 
198.99357302278943 -4.251535037832072 
208.87575310574994 -2.912898949373026 
223.92227517961942 -45.89246297885384 
-1.949261624874632 -14.445136101734425 
-17.25333537016393 23.0396777232899 
-3.4852771715326374 29.602920988274775 
0.20495305055921706 -1.5830969677336415 
-14.664797778592071 -22.27167219800577 
195.68971591490234 9.046515593726678 
165.83153846020434 14.38841307448912 
230.03870646134416 -47.45987004473184 
243.13872432434118 79.195676442325 
-1.3668856594593353 65.50444745688328 
185.95425400090963 3.40437257141428 
198.27717174896202 12.120934873764856 
0.022049184945750047 0.08119805465285784 
7.891883252110952 -8.880590382281003 
86.87565197228926 10.165719131807698 
-1.6501341146658333 2.3454832016431935 
-24.67603702422712 -4.8177893145580315 
56.92407799816138 -114.66254986393947 
231.6455679241247 77.54542627634841 
205.01639207163967 -3.1535167794291694 
-4.287906026113757 1.6700051260662148 
14.860466355980108 -22.33302518319455 
-49.871319091078085 40.32866696226796 
18.173043127787174 7.7583304653345495 
182.2731559485694 31.312857062712954 
124.97883249957087 -30.554614335901107 
1.4923134233377602 3.8971131891409896 
-22.101327265053456 34.53042047131153 
173.62259610645427 10.11766543809732 
203.10891188482915 -0.9423876593406046 
172.26264661204632 11.021396743226964 
59.41142059712314 -23.41796183769437 
84.678173939594 -25.051665398469844 
-5.038504417651851 -8.313874423896186 
17.944822548644872 2.9405409129541575 
158.35144721304542 -6.088014810986083 
-4.284338497138157 24.67905543686329 
33.56056546780082 -9.063124426961473 
28.4536501946301 34.198503354990805 
210.303324486203 20.358705581501294 
215.06406587192038 13.36373634842854 
-16.817739356869932 2.9928474716027624 
7.667807425418367 3.692034351928708 
183.2128725220867 -6.03885595781468 
58.34427532926465 -2.393048478385418 
-70.85028366231195 -26.250977199385552 
318.9066894438433 -8.08833983504344 
285.0743625390668 33.7429444336431 
62.14638201999318 -3.5877768565264385 
134.47015128874114 -16.63381002204282 
243.09765200395222 51.15743776086316 
208.82486378612234 -3.488923509312211 
63.00079967686385 -31.22234608489608 
210.61626830126798 -9.830030896132895 
253.28396685488661 -54.13612633839233 
223.11563458346237 8.41308019901627 
