1.0
1.0
250
50.63046251006858 -11.480185445915746 
3.8601299911409015 -6.828285348343703 
205.8122213822719 -7.524987832799013 
-25.843989007210748 -58.182067558951395 
202.6600508391604 7.384477964881441 
48.742455941848135 24.562391043746373 
-4.879453609359008 34.36418283457281 
-42.38641846520423 12.515510256688048 
-33.179752305898326 20.45263249141044 
199.71580841125365 -4.177530786529898 
-28.629409363312824 -17.661999197470365 
197.20307881385938 -10.243274626233527 
2.120576306739151 -3.987311236220086 
155.0709402469629 -5.181740609687162 
-43.47891318428127 -66.18039086096945 
-28.17672698608084 28.40353850368269 
228.7280721411985 8.248611767751592 
198.19387893856745 0.09534016754660643 
-5.945337242071741 -26.914743647903453 
11.942618372011006 -9.806546438829146 
228.74502707912433 29.464804100253566 
-54.909283828644334 10.220422774925103 
226.14137986039395 15.49994916790191 
292.6793139642409 -29.170240959430235 
-52.107202197725336 37.72038818153637 
-18.65893227003726 -24.711442637026714 
209.943437670895 -41.951461757943605 
-52.39145353406877 -3.4931782927605366 
76.31707953363548 -16.896676007381448 
-37.05542445396939 64.98598737578601 
-12.936411039727991 -14.252211538424499 
-0.037634572737029144 -53.27764318274916 
170.22260323349005 -18.087745839750877 
-56.421073071039814 -16.542137378977824 
-22.277270049080215 -17.793683020022392 
180.69760068513807 -1.809497959665455 
263.256912219169 -74.17379163421572 
229.84784936096636 -12.558416759318543 
203.0526209811994 -30.045616636123466 
179.70309377976622 38.2071946367381 
0.5510325421912394 -32.628907151405556 
203.7839426660639 -2.9632722255665422 
-49.31817636632457 4.248875019575638 
235.69371151276266 5.431557813275677 
231.585688872787 72.93315084673706 
195.6376947476335 1.3802317316798118 
21.448599506319557 -8.821720436198673 
215.2565897689942 -3.076767327593561 
276.7302683537224 28.898868042447994 
-52.734783574494166 28.680602794829444 
214.64343922308373 -8.997568509182958 
192.79192229127244 21.496132801968646 
-0.9046195765722121 -1.9373924857690248 
197.6904718392467 4.5777338138509895 
4.24015586683188 -14.415978427458041 
262.38338358443025 -4.658574769025859 
211.5844888194434 -18.580140143678605 
-56.75188901563981 -58.72166204360119 
98.24801022608288 -47.512174893970816 
29.14291147279907 -98.91182462030193 
30.683822032475756 -19.981032976557636 
-17.39802699596673 39.222736648104934 
160.0821843773732 12.080269614772563 
193.19401890643724 -20.55312804018941 
181.29593869394165 23.205871526402294 
227.4067614709972 23.026037238862727 
-21.279442720011122 -10.998794355774633 
172.85593140902816 38.45792337902469 
101.01147408448685 10.310641815077027 
197.8734927568238 19.310963243403997 
213.49828683935016 6.4928614925659005 
156.84794196204814 -15.9784578392685 
-29.60924634858521 33.90596378253555 
197.2838807547744 2.556398471894622 
31.17357729580099 36.53182015913374 
207.9716581323446 4.307389550325584 
236.90041286014494 41.359632583788496 
178.37499994298753 15.988303011613647 
-7.82818057323114 -3.8944937776489423 
59.92993929211229 18.740199740909464 
187.71110009953517 -10.443151338849246 
212.45096376002778 2.4251166257172017 
245.28578917043086 0.19549047728775246 
266.63736768394335 -37.29078256777574 
208.84062937420612 24.121229206012735 
200.5068868422506 1.883875492302616 
163.60633245310603 37.56121929903822 
14.069731996194866 39.96610243353724 
214.97677281823064 22.684337798383172 
-5.301669716490978 10.573778121560835 
-8.19593239422782 6.9689234047151345 
42.86929119404269 34.69279157823218 
12.250769249333425 -36.98996378321991 
242.062836831041 -12.92716011084416 
-5.9050764358381 14.78194984067674 
195.69163583747442 0.3753982724138849 
-71.00190549112854 38.881984139920775 
78.91225393390805 53.259232371116475 
221.6363173466463 33.8227130659108 
192.20143068605452 -63.504465913396515 
40.030219491806854 -41.58426899699128 
200.87684863901384 51.889940271624035 
236.1604011369401 -44.42879201881269 
217.06760104666176 -5.713466628016117 
244.7603943797819 -32.94064376480954 
161.49288431639826 24.566139899805783 
10.044978967212408 -4.990905983251263 
-15.618438493155333 1.5775221786398195 
35.54659215070179 -64.42592711543217 
196.37926437636366 -66.46930774876458 
-6.2904266919242415 -41.5808721589324 
213.79592146158245 0.10380988369061556 
-21.336532651291407 -21.79512135534889 
0.5493257148374086 -13.179597811526854 
8.008011929005214 16.82734003098753 
-32.166469640559455 49.77593642638763 
-58.50841428756509 -0.4157691093983521 
274.03360826000574 -5.023069637827866 
13.011243364195895 -62.76247447152273 
202.1197686899266 -6.180312874179913 
6.9075481347331 -7.546717337628539 
199.52343197856254 -4.308703864589503 
-87.63374439570266 -25.47657616492576 
170.2763480317246 -14.022573120874897 
202.20223523916073 -14.30219040402965 
189.4615913766292 54.45959713100734 
-28.67096234536681 -37.76450568532668 
194.2695436744006 28.32317163132161 
187.70996727275735 14.941708490066006 
211.2118306448325 -8.035371119271966 
204.7761359492776 -0.1248471966196028 
225.3244199555221 37.596297227636526 
200.17062357118834 -12.366302047964561 
187.85118970816325 -5.266065660825021 
-61.73711988728881 -1.9303033569756474 
166.14044524050618 -24.573263292246807 
-4.7756992913913825 32.15170684165868 
206.70359366893075 33.484178542539446 
202.51422604846306 0.05357157751868075 
-34.44430151442708 8.760978153557604 
227.15656145491474 -19.819521241364694 
119.25227097427091 3.8064021159645653 
38.48163162487594 109.56886469779008 
237.38108788078299 69.89113374488517 
177.45333490510376 -15.918956466509432 
-15.352755445410873 2.2341710275550044 
-4.046532332102714 45.446408566443715 
32.78260437898585 23.847435975855653 
16.713257501382817 11.395397356844361 
192.9472843735034 1.3691920616311115 
196.3848685603982 -57.75210201605129 
214.7848375799908 -7.968353229964823 
54.7050271969284 -4.153902706762027 
24.735732008162913 -7.857231817792791 
21.865120404032425 38.106654440291166 
13.049136601650664 53.85819183343256 
204.34800998433676 5.449383250047199 
143.19156169451793 17.91640190104456 
199.674717084824 2.88785831744974 
231.4299479695979 13.68922971574652 
-7.542080383883307 19.943197417079933 
15.960595857646052 27.14166924706628 
-14.037131512961908 89.45129728896232 
-13.5267904970786 -32.54784296187147 
-9.306508545752 -3.0847083891965483 
186.38890165748595 23.316611204062834 
6.050007599729167 -11.290712121226651 
273.79494637494554 26.237754969623616 
231.95378878139766 34.6674022150465 
19.04026828451458 -34.708514077023786 
216.65619172004486 15.44132581689654 
0.1759088326708717 4.041565959182929 
228.23071498499996 29.852957144100756 
19.026985270292414 32.884471829543045 
128.8716698669547 -30.712357124387793 
-5.824417607945759 -18.673795043491783 
-9.053316794994123 -6.410348732638678 
190.52175016508855 28.770547858816904 
5.984550735173502 34.20193782285163 
2.6619296778657113 -15.838547610899749 
0.5352051793702142 -9.60812631605911 
196.28157622563822 -20.12255071530976 
197.13459053288065 -5.033038305182544 
183.98104169736376 13.081148472995142 
-55.25645165956368 5.831141621260954 
-1.1921782002789199 13.213244247385926 
218.8442088245825 -104.74719797536056 
208.18022163715432 -91.29494648210898 
6.905971386008724 -11.11231253948159 
182.0306136147614 22.03081161209661 
14.940405357877028 19.932196611539432 
271.3076716870755 -7.10374117934379 
2.80534054510192 -18.99740855852265 
223.5910684731193 44.90014037199812 
215.042473590006 23.692321829477862 
205.64659842313816 -2.6407963060537565 
250.02054651389506 85.12185527565397 
-0.7111429152820523 82.79375180872029 
190.8893121655266 -48.37940316047531 
10.327507758321087 -41.80869250806865 
151.19877816144077 -13.040509558545088 
251.62100143968934 68.20794678092238 
158.2841684980572 23.284187490462337 
1.1315439145718307 14.049486657772974 
8.940618810611042 32.80519695862433 
-29.97755751359608 28.10525551277749 
140.33947180682298 18.937417103240932 
220.7100993628618 -10.450730589721882 
-13.859931503002603 8.442370168649552 
-20.999178494782605 -1.6831886876702482 
-9.251559272055614 47.26371170340426 
2.4649189615646554 1.3682347654322942 
200.36678420761424 -44.490341338806296 
-22.34696502347418 80.43448934655879 
173.79198403045018 9.60305201381777 
83.86190787857073 40.90856634342342 
13.662410111259248 -22.315126732705302 
69.69803515246038 64.59598620721509 
-43.70555013696744 11.084739705610328 
-54.1506828126056 29.4946507503777 
195.78250606635956 -0.922797502817602 
179.17165169875193 -61.87706917853345 
305.7292694965823 -66.73094981023371 
217.08040679717377 -56.56049962142044 
177.43463970279342 -16.06254528228276 
8.289361621204 8.250473965957706 
244.03124804083717 120.87246472460222 
222.63244768033167 27.386899093060368 
9.60390842637035 164.99784205292184 
242.8157726401288 21.384342481886673 
225.61018808730347 53.57317209939722 
249.32552077732117 0.7255261017736825 
204.0536602152379 -2.0106521547860816 
251.4941989530541 3.785230712239066 
-18.74731109390143 8.999741813229676 
-3.585953668734911 -7.329402380817561 
227.51397141524416 44.47281225027903 
179.39856588159117 -54.770474723251674 
158.85368838076545 -17.674513312216895 
210.75544648946263 -8.876603736924379 
-49.84826221739764 15.04145664459994 
183.40249268250074 -34.208204666940865 
180.6261851079637 -85.40297300948619 
307.1478846517616 10.921426277988122 
14.563192462826336 22.23257269320305 
223.80300285834207 -54.2529120481371 
-8.640802516877294 -7.783357746842044 
203.64525682624222 16.507103850435875 
-14.51651573443455 -65.02025573315574 
36.56763352255664 15.451018747382543 
