1.0
0.5
50
-52.669329526313604 71.61766240356864 
196.65521656616116 -4.307647551209226 
7.998647585166716 41.00639849503786 
196.8580292355078 -17.550131771503764 
14.383984328498919 6.215156697807256 
210.03575357632297 7.7373731980045735 
244.2908272623375 54.562662618061246 
-23.403425499514217 -62.0566159389408 
-32.62389001313389 79.90865301961382 
192.92868154568106 -5.971867389206427 
59.72307662294961 16.301897696263673 
-12.636821333157403 14.049594279331744 
165.8057239895559 -35.43297883890468 
135.69157417254593 -7.63506271166936 
24.27991405488766 36.23944800195991 
204.10529537178888 -35.38156113340649 
191.98200209003227 -3.323805587989384 
17.84045276677844 -23.329045496161488 
209.74260583067553 78.226986458201 
-4.141499983075687 -24.419511886513362 
199.39553330637688 2.130507969949098 
9.156812350370027 -30.918213395857478 
27.92809227161518 -18.049182098367652 
-33.996080893294454 1.5140410411013256 
211.2793088240247 92.19941360304537 
-21.619130082076808 5.436188696530259 
13.92720480125214 40.22074194638032 
199.2597262434122 -102.7098503786647 
5.330294207097595 -9.4927015754424 
45.724701767137645 28.10315907983917 
-53.263912878886806 -15.6878239918157 
139.30654158513678 -7.341719546797806 
-23.397940343887438 8.814332879998936 
-40.906649312374 41.490578859493816 
51.690288542429506 100.79419505661484 
-3.7149513870471327 34.910233036069705 
-94.80045071301592 8.272635589096465 
-6.041427116983928 -12.813169330296596 
185.92165154319048 48.25854128446659 
19.22706788670683 1.15713216586261 
207.27341970142655 24.1859875473311 
68.15410501079371 72.91247286368908 
-2.3505766086184883 3.6075344802011386 
211.38431218668313 -2.20034351381212 
-18.458836415160285 -44.368902036136056 
174.67986202191366 -40.19243774297586 
206.98484700749654 -4.780935724811957 
201.1826436475517 -51.04087695752345 
187.3569665147079 -23.23472036234051 
160.27178008075694 -26.845079545967163 
