1.0
0.3333333333333333
75
16.74514345306992 4.101580377500672 
-0.8547026726160306 -5.030599175956884 
164.65207012356154 0.9400430952407145 
-12.342669393373344 2.60260463964435 
213.4094907486702 1.507149912430486 
263.890719451424 -12.218496630206952 
213.17284063849047 14.843027200334637 
169.03452255129017 149.16801950978027 
-19.46403705004011 9.118745237944015 
21.685079446063185 33.256889663144634 
-50.62122130994358 22.523295826796573 
-6.277502972867959 -50.592290691401125 
-37.01684815378479 12.285107145443668 
196.9188794608539 -2.976917589154613 
-16.03447154520096 -3.0670901748399593 
-32.90567797811355 -29.159179428997103 
-5.092359930020815 21.81869714864313 
199.83431671152184 21.132769905872657 
200.61924252409614 -0.15217578861341563 
-24.32992940131158 -13.402501368312048 
15.136349311333417 33.725737817521 
40.17347573824005 46.852631005488 
153.4411854684726 25.188554240084258 
172.79047091312225 0.008650292579103432 
198.85393363302464 0.6302289907218158 
3.131025871051994 1.0100681699519696 
14.614501312414761 -16.008692156729595 
3.9273818743342375 55.32316511275692 
200.01051147858703 -1.600556906785199 
33.49640746807262 45.18263650623277 
-2.814724286212196 -1.6207370289666196 
-19.72430855079974 19.476000434934043 
251.02046138202473 -17.757189312311716 
248.6721735392409 50.79268472151089 
200.62064749266534 -1.655911330265069 
162.9987005669691 12.523849240497906 
12.18548716270589 37.51285667618121 
-6.497667016335342 -3.052678377819507 
14.043208157822823 -25.137877699408058 
-0.45859029867037293 0.42797883476733584 
187.29208823486462 8.084700388492758 
206.70613749307438 32.555495516982894 
-48.01689556095302 20.891184304816015 
197.485047892743 -48.46947962550234 
-12.135108501047604 -53.558620027762444 
199.57787601690896 8.481239835457368 
36.65878412659149 2.4528819405205646 
23.169687599556166 12.427242683318507 
170.8250068090311 -5.505698231015997 
-1.61511305516949 -7.804800596751802 
119.2869917260404 -15.525643905417729 
199.61815054449355 -22.576406061321613 
36.8886470091022 -50.55039591491466 
-79.87059268932079 -39.85070472252477 
122.49536474808608 64.47398678924937 
12.10977122150506 -12.037248526648142 
42.18707581138029 -63.08609906247457 
36.15784704647353 -20.9144999904779 
244.77954246574723 -20.577778935357696 
-8.265630385634585 -71.73356116938092 
170.46876575581348 6.9743180924179615 
-65.30891971080094 37.58638855877621 
265.0171870265701 -50.430929072955955 
-96.74206168023952 12.94866763596534 
-10.534258307379517 -34.689569681212234 
204.77416007108687 9.564098912109198 
-3.622917066357657 7.685618095997404 
-53.28439071739425 16.982560053753847 
188.71472850609067 2.452782652845598 
200.6482910513978 -24.948906474891956 
56.24944437473399 -17.63859348845555 
197.39964875728376 -4.953265602166653 
195.23948970144176 4.191405391304086 
179.50545616904589 -18.252567578734784 
-27.568935363967686 -18.707246451269565 
