1.0
0.5
500
-1.9704132908769665 4.24948787199568 
0.640492159731 -6.375675030734148 
47.2434449563593 66.76751912677624 
221.62758415032332 -4.776144390077437 
187.17587437208795 -25.49750006927009 
226.9333174370087 30.191041346725534 
198.32933923092602 37.87142645180318 
238.04757692347965 -31.331128068875735 
224.3643282246448 8.11373412211085 
123.54208484746594 -79.83553566810055 
166.27524623564108 10.19909468510465 
201.3070003712852 -9.096411872535294 
52.443459105310126 -22.17922412859197 
1.0122496719375327 -13.793340825722824 
-69.59705915169029 -9.736900713197917 
220.92119453906406 44.420537734481385 
-15.232227265952316 -20.909510518017655 
2.5683683770568595 5.955172601614089 
275.3891375176579 39.372445738789594 
188.51867978812874 -53.5673264943238 
195.05581329843363 -40.40194057153807 
164.9574634774712 -53.73682481059322 
-3.8699127532658344 -9.075424748751502 
133.02989567466034 -7.339802385801768 
198.736567150361 50.91031848702781 
0.36068193876428706 74.4059732972946 
183.2980985505588 14.38539818997474 
-14.997999477009213 -5.116140341543849 
-79.9222340696487 28.493825240263963 
-2.8736222330410497 0.2686447698225793 
31.513617093861363 -58.05203084969575 
202.15286293728101 0.47180056162421247 
-84.75231664362384 -53.379389676036006 
239.41403207166027 58.64523471143135 
-36.01554423993424 48.246724174038725 
47.624651925132184 -25.061871575014226 
5.287571317643259 -3.585607926736668 
190.83126154250309 -0.8391767764317551 
197.37016304094612 -0.9979739836850572 
199.58304718608613 -49.33958161247422 
-1.5412152120708777 -74.87393916335829 
50.37418198751911 -0.9312945536781798 
25.17157080678948 3.304640358414074 
44.98672834825164 -44.19840515088374 
-75.18000343333075 -25.841082159382452 
194.12623900167333 18.44412499091244 
190.21878599354704 -28.081041375048382 
-7.435591684073691 -6.5600083966774285 
37.566435054504005 5.748351078479257 
184.58451457751622 -16.565383086370982 
44.79957411469084 55.8101221742556 
201.62286382375615 -6.308338516092747 
278.51174206974906 -53.12826700708424 
212.62852316067568 8.521297601580825 
-16.41279725047352 10.499345600573982 
21.34947903462942 -18.911118465967146 
-1.079751357937671 36.08934969389695 
-25.333139606513612 -34.56475632989698 
-15.097009815363498 -30.58267147800193 
8.707184296461568 16.87421581834418 
14.041107469503666 19.560631378580773 
26.071925627538143 -2.935628949931627 
28.804390328988042 -10.743845161477605 
-2.0448480947669463 4.213586340083972 
-110.68726973296513 63.56235831000436 
175.67307366594903 4.517683408941098 
15.433023401914443 136.8512399663479 
204.51697629373984 57.21622580488673 
9.273765108897551 37.98419095414771 
21.83232877094073 51.20624448427267 
-35.91259384568446 37.39433923188689 
98.42707088192861 -56.00072884808211 
256.49240660845527 -38.51838043430046 
95.7170310470007 -49.01554686028933 
128.5705342466972 2.266306462299961 
198.25730463606277 71.29829114959686 
200.58600274966474 -66.20386549621738 
-33.42103960300361 82.16815368803154 
32.33738581250017 -67.4061586962955 
157.12593637614899 -12.444693389473354 
197.17036212854305 -0.7274584761810063 
233.1630331958333 -37.05988949567143 
183.99121606830403 -8.023124042601298 
180.08107018973698 -15.50854682640253 
31.242904519436625 -30.602004935570847 
201.32945760674318 -0.5342108099361295 
175.86392392101112 37.97531808668099 
185.04145857779105 15.011689314963142 
189.59859086788228 -12.730395448158111 
12.26909432392519 -4.3628691936907975 
57.09824875609177 29.15132265997768 
-120.43896263905356 1.4579392242244766 
35.62644772708907 -10.25388376571626 
-8.127257118600152 9.096753395186736 
-5.559772828156001 -22.21560117821792 
199.92358671049516 -0.18448417110961252 
209.24428088103565 27.302407799108824 
-70.26924402135707 85.37339676992056 
221.61422478929242 48.06071278495293 
31.336519265628347 6.9440579359610375 
211.64046524566615 3.2003424288793867 
83.74357881327849 -48.15326421122758 
170.42581228929228 -40.97443171524337 
259.4573823864539 24.493614055503954 
208.1288057917545 -24.257747230217305 
18.800408533190133 -2.98721142942093 
165.90795122710955 -28.87010435903548 
198.80549702451756 1.5334904061702876 
229.9817915608599 -43.21960546682238 
-78.979361132032 31.188549389282045 
163.10008189491447 -59.94689277729502 
148.69605826634677 -71.06864684366062 
39.82223295660575 20.146571193571877 
-5.785401664480677 -13.09938106350645 
244.53523672162464 -32.78829443104891 
206.08325437932874 6.23113103118788 
-22.338140835493743 -4.573350161742858 
174.81264836737438 19.375121756540587 
138.166338092907 63.23282435864483 
194.33549714005605 -16.519345405666066 
-1.4932991483899756 6.0156293654472925 
209.93904050771064 -17.68635981497216 
206.481811526001 -52.63040176846714 
184.46865351920104 -22.3629883756954 
194.9930791053513 56.62029768801281 
210.71703567365594 -68.26458395858302 
154.96336663978943 -12.997978433949424 
186.15926356548596 -91.88681567620945 
207.37366182596205 22.294611611937498 
186.19591547285592 -2.898983056451133 
208.57219129322792 6.963481381863429 
198.04397433745174 -4.96608911049109 
193.69897150792534 -11.222913836734028 
-5.765370911376684 -12.979126458162517 
6.095781127814969 49.339343380312556 
2.107318962027137 -6.192377908805865 
5.363113026987276 -66.71798925128046 
-69.39190711437237 41.214490813028505 
27.58105967806353 -26.84032051325301 
177.879338122589 13.06559550950338 
101.68999079208137 -14.65771901657859 
8.559402792678222 -0.695091495425547 
-20.56283022505224 16.447613298889447 
-9.377125116248093 28.353274300558027 
-72.89778282627509 -71.02969126869985 
217.52782457429234 9.500538401079078 
-15.092552010363367 -12.771444038284216 
194.72560366949415 5.00063959212155 
198.14141261147796 2.5533529021889025 
27.579753161819514 60.5233895085709 
209.22768410200936 44.64907859289913 
196.4582451663416 8.130227604390827 
225.85284734508616 28.8169974522865 
-35.45620513502296 -8.54117633395199 
30.883300630813963 -38.75317849444415 
-18.23637736584472 -39.46387036638525 
-1.4323586803733384 -5.503334782049717 
-28.469943346063683 -4.379911823578555 
51.707230440604654 10.85825274598877 
-16.0331569507983 13.562571574240895 
252.68992315086186 -27.284256825790766 
-21.88937633839701 -21.682581349602756 
-46.42009839241557 45.61308355392495 
0.08432565249576456 0.018971869710130068 
20.18324593338275 39.26268477879445 
-19.22254994169671 -0.7450655519172807 
155.63597831262595 14.456802159249808 
-21.040225431001534 -41.75168070602922 
-2.794674459613335 0.00919479341504007 
191.12532709674645 4.012866659342576 
254.009410828876 -8.500118220697303 
176.34646609550535 -1.6312659704721728 
0.8286097539694866 0.03471549002272993 
197.20249531546682 71.9013621072461 
188.25368918597584 -24.109182555263267 
-10.000446954336057 -67.27888127871974 
51.44615914492554 -52.154714982578355 
190.3153505342004 -12.447732948551252 
40.06271531390542 10.102524500279051 
182.81835231912476 -23.769280848267503 
206.7532859132618 -8.681443681315647 
196.9586964051622 -8.901754132895375 
209.08914283571323 24.57060806876237 
199.0196146782655 -2.544845319534244 
145.0125662435127 -8.097016986877174 
-11.748765745033182 4.357663612121291 
203.43228072858327 56.97805095043176 
-50.97306405959648 28.073744653845136 
204.41920969181544 1.4225669338251579 
-29.011626271996608 26.69997494139991 
213.90959552566838 -13.667800688839337 
197.0138150852306 -5.7082822677010645 
2.0755444410507495 8.942144733242433 
20.8814417019885 -58.35512225242245 
18.50697129444365 -4.118768586174769 
217.76546754161666 -10.605764428034067 
-6.81317307166336 -8.497750328262155 
228.1793484237465 51.8288792475317 
0.3035395880011333 -64.0995418178475 
199.806153899617 -1.0263470276383213 
-16.05218915465702 -20.568585094064375 
198.78336396848633 4.2241369973612155 
-51.856412490345136 23.693597437106995 
217.2275041859712 0.7189740977450922 
175.1752222520891 -85.32723421915432 
5.476072633749007 -7.785761339972765 
25.831066009174936 -10.688069686304779 
209.55937929680647 38.9158958718416 
229.32710077919458 -1.5479438786829374 
-41.76667496319983 19.76329812787642 
154.5026952077767 -69.33621115739658 
142.2536847704109 42.120932196468836 
214.08476266893777 1.7933730632190192 
17.87881419756782 28.822802765054465 
1.6958067267374421 10.879550896798968 
272.59211026070506 -2.7115080486564547 
31.162156835702103 -24.59178234888977 
221.7496269243952 -39.015815085033175 
193.2247342671441 -0.8543443438710041 
-44.06152824980269 14.060721390344005 
196.21968180521483 -9.613687420467262 
242.5484980233493 29.713331695840303 
192.14280915817898 31.14716465123448 
167.75622922425205 -48.873621356087924 
17.77453481728101 38.719170572789054 
-1.5519549873800869 1.6563353998415549 
185.476092757418 -1.131016894465618 
-34.06299824412573 -1.5735510854651973 
193.19813108765484 -43.69396613701791 
26.435637050197066 -40.26714885734846 
-0.24704968614696002 -1.4171629510355825 
-13.566134345449324 6.702667740683901 
167.86959741119773 51.254252917217016 
204.55398886959983 14.598090960958276 
191.17024584294148 -62.975743449348876 
-5.0552587112022485 -1.165121337049565 
209.24433596666606 -5.623721636100977 
217.00253898481841 -7.441518382113478 
-0.8438838642096941 58.07014847549366 
195.16538142455823 12.659941722239042 
229.63327278077614 -50.21621605153048 
178.4704643446402 -12.493113351919488 
180.1303709916527 -90.24715504349257 
45.7475762597036 -21.95120593830012 
208.38345878906875 -13.003380213067995 
40.5490471577828 -46.874445698053115 
198.97907325569983 47.34245790845135 
-13.447738654769521 3.6701319309029268 
178.00369279283106 -68.81246589901943 
76.19338275845968 43.31621228604635 
188.7089854964287 35.521300539442635 
-35.62908396342973 84.90401245741266 
148.44388699189807 -32.05794078394169 
-61.94042706852338 30.12864575152928 
18.11627185411933 39.07852345733635 
-0.21968715250042223 4.200836604517694 
-8.408458348514236 46.87072725794753 
180.8470534005719 -21.124417203235335 
39.9810058315776 -23.51723577578743 
4.41373983385892 10.925815389891435 
182.16382758813458 -6.525316540374482 
3.175912438141677 -27.620621729174328 
200.65578899284742 -6.0533860930629855 
252.11281020888737 30.039278537021524 
230.95403481017058 6.091208703295077 
9.847870004630048 -7.478083039058937 
-6.104798063290578 -53.38775324481535 
5.358340463732369 1.8319776417219678 
-4.57671739596919 18.010164522902873 
269.0906971642143 -32.083241442613215 
133.98051450844093 -60.84454550881359 
226.36182329158518 17.49822693299486 
-5.323789068510456 63.305853548163896 
138.2109234944911 -94.03335683585988 
2.4272786062649088 -24.676942930546762 
-14.656709755612054 4.155121656550864 
34.09395622896038 -38.13745043825943 
-17.965589519524826 2.9369874673904914 
-76.6846742072923 40.45895603982778 
3.9199345406082444 -20.203695688189278 
-86.36930874457184 33.19330542930362 
-14.744719639509736 -13.655174800307359 
10.221858078156593 -0.15840356652924353 
-25.619654999327096 9.968150402224074 
-10.185498344757873 10.018837743885522 
54.24309375651802 -5.227684981625999 
23.224731004209552 -6.858676973768965 
218.74113754286688 12.096879060279173 
-10.791782383521872 130.01132696288238 
255.3259306404511 15.361990294898026 
211.35606322786975 -41.85960235302076 
203.6466940188418 -6.682727189515873 
-10.33471728571208 -4.040779345042626 
204.19876965582472 -64.62137598256179 
204.8797596886529 16.79877910824602 
26.92141787259813 30.210807860191903 
192.20791332294465 24.193532544212434 
236.88595927550105 -2.6699010681515025 
200.22779625061082 -3.662919047516745 
14.627979407171015 58.92865493306475 
194.3614371503585 -1.621455431747294 
1.2627492797420532 -41.17675413603756 
153.56174671231884 -12.249370154554931 
-8.471303461047908 19.374548207874255 
200.8630538854814 0.46001408876898986 
207.56468922284395 -5.397952936109037 
-19.239297478477756 -5.763292708831937 
166.50051851269723 -8.427273661391434 
8.33180181518742 8.228984265163211 
154.11607444387673 11.73407430379153 
-31.38790271727668 -11.907240694056403 
7.544644339337277 22.788898756784057 
-16.538640655206933 -24.467641668796553 
50.63781240373165 25.187006924361576 
105.02713470574345 10.643206820909793 
-6.860388963618317 29.75430093258086 
9.219428469318093 1.2936792896653115 
212.18880218503858 -10.217444358650607 
26.724688134811643 69.19077133848491 
-23.419318317046326 -13.26475080277085 
-42.29514926210389 -2.781238694861647 
190.44917412357057 0.37520947877964983 
-31.595971972516526 -30.48594253823245 
199.84623562027085 5.449682832217475 
185.9996434867216 16.684511657947144 
-30.648581556798533 -46.165742740233036 
32.222399369698415 42.23249193310896 
21.232827719853773 11.989344927573677 
244.17844875975337 49.57345271996886 
-4.200398953553916 25.39884541957765 
187.843842934559 -8.458687248448822 
-56.51489329269585 -13.384542951981686 
-29.28032179781413 -11.652375073979067 
323.89258499927894 -25.61549752670387 
73.9683178950708 -20.738500461351954 
208.61488838785496 -38.63296198768682 
6.829920957315806 -2.0064238095565248 
122.65614160342922 -2.5813837935248714 
9.243513408102274 -18.75842448092578 
6.1133796243161465 7.6652773530256555 
-109.6344731890567 -3.9886861921054275 
194.97079801538072 -16.419918146289035 
-0.29145760200591786 -2.6989832744481332 
160.67298132590966 123.92438118728148 
166.56185350817708 41.43759276884913 
-18.15610289294767 -0.4947878426162312 
-27.987391853562848 -2.7448520080975896 
20.771193424263217 6.295329292899272 
-7.162145751538596 1.816263507092551 
-18.766947083200495 7.761719697227049 
224.14645789265927 12.792742576162178 
237.457058923508 -6.4207885615171865 
335.1950457580109 69.92471321047088 
218.4425951682187 -27.70605259155358 
275.3332067451902 -62.537368349012525 
168.84839308083255 50.541817673761265 
138.45956988976678 67.66773171066598 
171.74037653948128 -25.78949562126446 
-16.455495670851896 -8.907430535472262 
-27.324516562190148 47.45478860960168 
0.7872826856540178 -1.0071343408992024 
191.14371335620288 3.753147466258251 
-17.033498759700873 27.15970188393517 
-30.3572575113294 -45.054274034437164 
239.34178712658223 -12.453797025564372 
205.0681972703024 -37.69141767503256 
17.72389846344386 20.52372980682093 
233.69268877535538 -63.39849424462221 
199.69394225604114 32.06097980485734 
-6.70606687174018 -12.701799254117791 
288.3827228773529 -18.69549060735323 
-8.073135456809043 7.554459414503378 
179.60679581463586 -5.254211924489803 
0.28248889141261746 -26.858090152111153 
-1.8722095764348188 -35.880730018826725 
219.29337990153343 64.91022798773163 
212.02017036269086 -32.57739408116629 
-13.12987049473814 67.41033601491569 
255.3853779101518 -12.679822289314368 
21.7437942099952 -114.09517323276991 
130.32264788036986 -0.18433424215284602 
118.9911274957572 -27.49255028781896 
-11.831454719317378 -15.006538944398294 
-48.92712380862846 -44.545521439436804 
-12.07905737402655 -25.995876316816545 
16.216128467226888 -17.043393442931954 
224.0227064701624 -67.28693384061187 
241.39060379698185 4.432274523866552 
-24.588709925165386 16.895895702715436 
-72.08048817335579 -73.03310593922747 
198.81101544825157 31.249533674221706 
-41.78355376052363 68.34155393094913 
229.1100607128708 42.57673116991893 
207.08709525423035 -12.775397890080814 
223.1989831865619 -8.151412128657139 
-38.03282549060466 21.459778253865775 
23.250302140765594 -11.254875164008332 
53.74640612988332 3.694752191071309 
39.24691330616396 -1.3596852457383968 
12.797570429565265 16.678676099828948 
262.94016333931637 14.058226827520777 
-1.2746093072329538 -3.3389266043559527 
6.472877553506838 -33.25047481150481 
235.46975318787287 -14.875751383453006 
172.08672366318447 62.98499447354468 
13.769148319687789 -48.20048098927529 
83.2988638234548 -10.501827305029053 
52.02525889553707 -101.24146647773344 
206.05993671252824 33.63650681700934 
198.5611712502852 -4.716172801305514 
127.73508062098664 53.23934246155041 
194.83912138810084 -38.94415902735968 
11.967949499942868 -9.388657359059268 
203.51363390984253 1.3623603199236702 
198.9458780670644 1.0575771441840431 
4.809121792827736 -15.028031285805472 
-0.7542422584322199 -0.07741796886848154 
206.69850336618 10.870397456170554 
55.022051760998366 31.409342160799387 
189.6361110209999 2.4936339788282327 
18.475696604807705 -0.12438678014624426 
160.772374137135 -2.701877894852214 
-0.45649607490186495 5.872597846261507 
199.79303055702957 5.277211841553502 
248.3635853217731 27.362435982662195 
14.176604749592641 -34.22439988637095 
235.59234295326272 -53.0963177378079 
269.87875817524395 51.840022598862014 
190.16267681207373 -23.543957807103226 
-18.119929101861526 23.599943263532488 
-54.51664746128791 20.02217075172697 
12.588248123904556 64.0242027898998 
200.26845840998553 -3.3516871540184545 
205.31756881960683 6.085743570566912 
-32.24233744706725 -3.2717647874200857 
55.02069109749669 -56.47724926968124 
193.72167822437206 4.161514753327294 
-25.8358506487218 -79.21091107720662 
186.81585901489282 -25.162824883350552 
-26.098479567232047 3.418329370169156 
204.16877751606845 6.5124780320436 
-20.37975914684122 15.81856425397676 
203.09234295700747 61.451061683260136 
146.51403608053903 -29.964901451861515 
200.03598167718695 3.1565379105777147 
26.865061245267384 7.869000340992633 
201.2699635793199 4.1851763690460935 
283.45018669086255 -7.739809001148087 
190.04060369744124 6.732833422549274 
-70.16939214975821 60.02750085314346 
4.096211995641913 -1.150676979389515 
244.4796497603523 0.41480421241604 
332.80831234129084 85.17083289474509 
18.335070387794715 3.104347226863157 
-0.38822303922290224 -13.774594265326158 
-34.67917198201056 -50.949183763364374 
72.48106875001528 10.930138131990379 
68.33967829631267 -5.3989345081541265 
-7.974001804965934 -45.39063501061637 
-47.92841012649438 37.21994930863506 
-21.12984864282784 49.51660691990941 
222.1721220011311 -4.001238732934828 
209.68881837263345 30.83349487013228 
8.041853549931844 11.294540376944344 
-30.513482690816826 -75.8535362583366 
-24.95788262234852 14.536091363269097 
231.9014892121345 65.90968382668339 
-2.855208174372924 5.255523657204794 
0.9432539441157491 -6.173864840375255 
-5.922410328717227 -10.649634341889216 
1.75799321345749 -34.7735178824328 
181.561740539871 70.27919819751375 
200.33128936411796 -3.489527420074486 
194.82661151975836 8.248995291112731 
214.76454615851546 27.85853470681518 
-5.611268898757387 -125.93168332973545 
212.0768195649292 12.268032282604306 
-18.466211247919595 14.552630750688246 
224.5840502363646 36.35719364154661 
171.93663010899655 -7.310897385738316 
13.010313048385274 127.44899284638453 
196.03247345257742 -6.4907693425641835 
195.75538286747002 -46.51534778240466 
202.6458876203388 7.05494978766538 
-4.466082248251871 -59.692546784223396 
218.08592597539456 81.1022851966893 
245.94044547331126 44.969176204733486 
49.317536186721355 -51.42683257298598 
236.92531770893532 -34.0095167667449 
205.2766261523149 58.77514921158994 
119.88179804366564 20.71595218401089 
195.79060435627275 -0.18260586475354854 
-39.99963818205994 139.86779711917208 
11.188186060995285 0.9713903782071471 
190.00113243692098 7.118025271944989 
237.7632233506648 -7.655755527478046 
22.09819766889287 -12.26275372123775 
244.81547452566508 -44.418105277315476 
-10.687005666544767 -1.2875075159917886 
229.56170128807102 -8.764565897163592 
