1.0
0.3333333333333333
250
-0.1407579388123376 15.030537241671075 
256.6546403211131 -54.01199326838188 
145.94695136647402 -102.15019588759104 
191.06275675040024 -68.86411027819233 
22.914034642639447 51.47400076190533 
-48.02005984229628 -38.10615692474421 
2.8686493719869515 -12.710406595801329 
0.07582226866699418 10.675624539296635 
21.18512036027406 -3.7680319425211284 
174.05769442695652 12.69849173632275 
-1.0310747241260703 -5.473091916787067 
281.78192406995976 -37.42202187018887 
3.3549608685756653 -7.55590997779541 
-17.546254793853542 -11.82702752223259 
2.52151944700841 -11.708016470064274 
106.83360254967619 58.10362958339576 
215.46630500388142 4.154851787782949 
-60.616956481073885 1.9268477078480426 
189.42753665016846 -0.08288892331050382 
199.79430469363461 7.441884222467017 
238.99759183740832 -34.90406480350132 
4.309456800815643 -26.35068672064143 
188.10709897914433 -1.1238681484193704 
-3.7434596240571376 42.96589963108005 
4.870618792241473 -65.24181135525052 
-3.2366992254573033 -1.0986030340562236 
-33.71036729413193 -19.863477042864826 
0.17756039983449087 3.512731705034252 
4.11509119250643 -4.589926294343771 
-30.48296688790408 -14.397051528407385 
120.4025537594932 -63.87485414118065 
-20.62585209045186 100.53102199645531 
-14.4090443542534 -15.43315292568138 
-33.63755698838627 -39.30373339678465 
324.7774084354755 78.42102806551031 
188.08913040771617 34.94054710139662 
153.3167933564781 -48.840034894803665 
207.25870494407874 -0.6037189854255463 
195.1858761147738 -90.13811739767725 
79.0239149369894 73.35211940863422 
259.136748115912 -35.676395945918756 
3.895052725030216 14.68038328558948 
69.34280823006732 41.057818254088204 
73.83554903351798 -3.832734947929338 
-58.416089600081776 67.81422201925695 
-20.866371365654356 -14.382706030222648 
146.03105353611784 -34.65158838020521 
224.77308949842518 5.674979879856318 
211.3453559515695 -3.77175885209541 
2.7484871359267427 14.806120173965782 
-11.747578158555234 -20.141316886520983 
6.064563226229007 -16.233730376444782 
267.45664875442077 24.2885531904009 
233.50182825822685 15.091251149209938 
-44.380369167993756 11.600203039297357 
11.763295254556386 -2.249843515712875 
-9.575965021778103 51.42273736282872 
201.46283181688486 -6.217363417640736 
12.440597037941886 -18.84221447794842 
207.55946897106577 14.06275082802622 
230.7833838784514 -7.506495988122816 
-6.167380568853843 16.696391909164728 
26.87665606257798 55.34382609292067 
-13.883087498306933 8.33479967031645 
197.97024649312 1.2690074778367646 
-12.870193093403076 -23.358095521351913 
217.22044109380448 59.51653367309496 
262.7901136608176 22.996429771297507 
207.25365683913364 9.042753967842696 
-29.315463768732474 -2.706274522767617 
4.118090857215542 -1.5388281893857643 
191.11777946751994 -19.301609204131402 
3.0253475181432052 9.13194613475101 
-19.655655576780024 1.6828237085136597 
135.5307395045819 35.990308220865586 
118.93218066222495 34.16607405721072 
27.148685414679132 30.222718707172152 
188.7610190514027 9.082784903065031 
223.0679014733705 -3.5943338130354645 
173.7643315494911 -7.571333842834301 
300.8017234813667 11.551504648930072 
-55.438608394897244 9.890725591402697 
-12.16291124872394 -52.076505990865186 
-14.448463907573332 46.894732065519335 
-51.693066786171364 21.829506767322265 
207.46330388303716 0.8601413540414736 
19.430116292359273 -17.446712296762694 
196.647982336472 -12.22117449651574 
-41.67599102912859 -23.74140097754419 
-7.224000676385297 20.491526427062194 
178.56736316106426 63.39510137296455 
148.67256141139652 8.763884505202538 
193.78434527569604 33.253899509170445 
-0.5081558299200906 17.370307305025023 
-4.543873055563184 50.058177350364105 
2.7704144624627465 -9.233213208795256 
0.7388746122182542 -86.37541519798262 
17.276827656007644 4.273475082859701 
179.10360164607275 -34.409324081853825 
15.836600764572824 4.355530481166708 
199.94949798449176 2.5149266082111104 
35.2314281239635 74.77080379841259 
240.6180347972555 3.0718342534225287 
0.0054480306611571685 1.4276191972602854 
-17.106113247772566 40.70983459637155 
177.57963709323136 7.524251543680684 
-15.305412690294839 13.399497523290938 
-18.491658845969692 -12.939366623681721 
198.2315405837218 28.741974261727485 
22.592798180451947 -21.855487189505396 
0.10845738220560308 -0.19016678222762506 
260.63646538425564 -23.10032376502974 
209.31452035311298 3.4972372802845375 
-4.327051243179262 -41.65291098568182 
192.5308417243061 -2.0261737832759223 
11.761139592386275 -0.04554783493268615 
224.3571247378922 33.94575549362557 
-4.425471517659056 -9.440710266035198 
213.0923985055656 -32.81952306881674 
36.64529335475191 55.05001404983543 
61.70719820074486 2.446736925339484 
-6.074570251476697 -74.78922870040178 
164.06697959922138 -26.970451906994565 
46.26356117782253 11.086768358900393 
185.5869332152624 -8.447059150754262 
9.824388987635054 8.688534355221295 
223.86054668485178 -55.34908991301788 
-33.814221449260955 -18.533236296731094 
200.09732194685694 -0.46056375290095947 
3.3291738061122733 12.440655589496084 
202.08237164890596 -52.472258172426166 
-3.4387492389958094 -15.375332446368992 
-84.15019252690024 70.44458649317656 
7.703798460153704 57.343218674707835 
198.8182672690517 -22.07239172537238 
32.930060235514745 39.57099805287857 
-74.77522021522405 -27.60244487114023 
-21.125105493500097 2.676584606876097 
195.06597475488266 -11.3811512090894 
188.8912806151655 71.16893358120572 
13.790034691169204 -31.223559561406162 
230.6568030905136 22.466988887061706 
8.542809594544849 2.6183581073341755 
74.84595327126544 26.323189081686092 
221.7237736227074 6.664359331294416 
0.7892415989020917 18.652681105462992 
32.795078524462774 -16.857930510019596 
0.5781911420103356 61.96615404085387 
54.104808959692015 12.264900908561255 
207.29595676102375 5.983216529059177 
18.18044361990267 -29.468127944251947 
169.2727663766819 61.07678787866969 
-3.9026109315790074 14.602046845801782 
-22.903892903041218 36.72254598623095 
201.5228100947127 46.62713056614064 
26.09344777521135 -28.083587878808583 
198.36143292184084 76.5769290891212 
187.96197733863758 36.71691938918456 
-8.476101875158518 3.3024466622881703 
196.92298913214265 0.6490923878308077 
238.47177782563958 103.49583227461343 
189.54224682058572 6.554149556089354 
22.323033629813892 -72.33654213179521 
192.24752446290688 6.38913640489949 
266.57196857027793 74.25959637429189 
230.8942461872034 6.339747663648704 
20.98574095465249 9.347677405711773 
198.24530732320198 2.5911255103262008 
198.7942508894957 -0.6789992292660593 
3.5751952447262343 -8.131978050862255 
146.94977563490033 14.745568380465288 
205.61905516188892 8.815631378393164 
-20.09329883097396 -3.2335257419117966 
-8.118932289418488 -4.957056636599967 
191.4162749818081 26.64437149386637 
-28.95009371162796 -6.172428891356279 
20.868869365979013 -11.80179048157835 
221.30950780172364 -54.207503061783015 
239.8109515314799 -4.702395928361215 
6.32039809439544 9.07572458154263 
18.932561893243186 44.152105192437254 
295.7070811522518 10.387976061046656 
210.18722337559012 -48.31301545576559 
185.6164499013317 27.594305751493913 
217.80880341963547 -41.66895201275722 
-16.25339679699123 12.804132360039338 
229.62669579579705 22.284312193302796 
4.57087278882745 4.528679047278934 
1.036901585110692 0.18726799589753435 
251.947063279423 33.70281887383246 
212.83947800009764 -12.525572284534125 
225.60400850043786 41.21528304327724 
199.888632397343 0.48491453276298896 
-95.04072873988203 -53.718728941118194 
12.262720710782688 1.6063284915433207 
-30.551920034371612 -7.850423387499713 
199.8014021560745 -8.017407361552168 
242.4657253135178 -41.23092313864433 
215.43063909887866 11.354728866283523 
19.044195661748194 -51.0248739913845 
-59.06772461779223 -25.83641529656154 
176.48487896215232 -29.046637188140974 
189.27522898392925 22.25242586108957 
-100.06973794551318 43.63691640298362 
202.9555150696474 -8.580234128472304 
167.53617331598724 69.26943624675181 
199.86415535709588 -0.73205354998501 
40.523521897992275 5.766215037136208 
3.325829879986441 28.100128179382267 
-16.05581670514542 -18.650539951324753 
0.8875134180765628 5.947388505459871 
54.820152573409864 18.324192530351098 
-11.995107066297557 86.08571712476143 
171.40575785616943 -98.15744908233901 
205.06923374132325 27.427463745136322 
158.62793362079614 -10.851722536959452 
31.428539388190067 -4.1870771626513985 
-1.8848446634185312 40.28296142358734 
141.28969652186316 27.458019289727915 
20.568847451289706 -26.860837890907774 
8.86387678068936 -4.514640569270047 
161.938276605635 6.23529516978045 
-3.0369942764250006 16.182510262229872 
4.451790873567456 41.543317224233604 
12.84919245974386 15.665933726360477 
100.08660240510326 11.353996964026933 
57.156180874582404 -59.37615613235524 
27.532138546542722 96.82565398883573 
6.588807885912249 -50.794845777459365 
198.80870812313148 -5.831184089004486 
211.9778257058405 0.7362271445542792 
108.18318000115701 -21.62805513609304 
34.32508143646292 -36.79487417735395 
216.83261980774012 45.36448591729852 
203.49537791371966 -2.6275404914709477 
200.2298146448869 -1.8517753564796606 
325.5088969537589 -16.31773728550219 
214.00592219681502 -20.765554097363857 
-70.96392354952297 26.34566916696156 
176.57612791493534 45.515521199945915 
28.344639215931263 44.48636783231087 
15.584470215588125 -39.768578424867236 
-6.475995898350728 -79.31905613242587 
199.98715981925656 68.44759279493393 
-35.46297480706707 28.736183999726734 
-19.776916512155424 68.4255648084802 
-8.710052621596553 38.02738455975535 
18.74183191380172 -73.30240867969808 
0.6961865274220695 4.65765855853133 
-3.7085202796553607 -20.047606411755545 
