1.0
0.3333333333333333
250
-14.613107130205876 29.30546810406309 
242.5555510159603 -11.100415694254977 
101.05713143813153 72.56144949433687 
8.76045773183658 21.148848365763474 
207.94443372080326 -54.456113876145565 
268.9586429203807 12.977970223692939 
-9.341857953837883 13.863355464458616 
208.97663481493936 3.420763203788769 
3.001332774733991 18.45564275404967 
-53.52777820483502 -1.5822390966411937 
257.0147283125143 -29.4722439630996 
22.076879347865713 -12.21432535656457 
46.72518095917882 -17.661854830608497 
0.5076066143729231 0.01419708540182482 
-10.85737481509054 44.699127034631466 
21.197707669744617 105.00327700845052 
-41.24075619250472 -41.71420214214812 
26.092482253007528 -43.95404493719897 
-41.029434536503764 18.87988940756715 
50.86305245156622 -46.030436998198404 
-19.490694987386867 10.800854687602618 
194.79689596908244 -3.1702544865127518 
-9.979616291022241 -9.58547705585493 
-80.95397115769303 0.786098222289044 
101.83519045674504 22.919210873312654 
16.91936224227218 9.139463194438076 
-9.231643374840749 -25.383263634407005 
189.69715362430915 -5.7396157495230264 
194.46376586872756 -3.0092409293944016 
199.7992431826554 0.5267194891804592 
30.426900413791984 13.91439878693382 
150.37051047299474 -75.93156093482898 
-49.20388242414941 36.25194738473856 
205.77425126951175 15.016279776929595 
263.4468446949767 -14.358479358740492 
185.8458377569102 -57.70948426830318 
-12.419884146927513 -17.236893321803187 
228.66381944086052 -16.830556500447422 
323.1655221908429 -2.9747817436190926 
0.9095977159888249 -1.6787136825340954 
173.31251767399863 -2.1471852050607705 
235.83353624205023 51.52880370734656 
172.42912930934142 -4.503409876024694 
-8.484517372776676 -52.48734438293409 
170.8032663010264 6.901431411418535 
201.59829876557205 24.444349218844287 
2.1279198851809786 -25.315206321327636 
225.7838329247513 18.593263547405158 
197.6969893083076 -9.730889432296141 
43.85908239752675 11.389653876231504 
189.21361469452322 10.794523697007309 
-7.514894514308691 30.04089010904705 
48.45183269998443 -5.892223468211996 
-4.275923293851608 22.679525358403474 
197.15679219242347 28.42715280129656 
0.14837194975397336 -1.1553717283026181 
7.070502521558546 -6.463335583293725 
102.2555968528798 11.930756954308622 
303.91909336671523 46.85252690744168 
27.079315594074597 15.869222716933551 
7.839460986653032 -32.757611886184385 
5.609942154691228 -8.352852908030268 
101.75761671337554 84.2788681371386 
166.72916141536749 -46.95482540787508 
201.9513093496833 51.678740379575586 
20.63440489891395 -116.30361591318372 
4.821754138801674 2.768868793457345 
265.5769689952632 -39.97787171487057 
207.38507112572165 -39.97786121122084 
-45.219122621109655 -0.6857061309340085 
192.23371596080938 6.69947028157907 
181.31382649620764 0.08125129586597046 
-28.096195946449715 -55.72352539920684 
110.04085156756007 -19.168280492025485 
-81.56711268889899 -19.43987358998485 
-2.7097623180395667 1.2437879958398983 
-4.9101223661573865 2.479315510124182 
205.8499324250713 0.5773252337917139 
52.4806048785561 68.224187585125 
39.616325429458776 -27.78617435344591 
21.65759312105196 -25.946798121388714 
162.78885502685932 6.809840471577443 
262.7331457735995 18.636972490243295 
42.16948342263728 10.718889570712872 
-10.31757306844638 21.52117767519066 
13.256805774979874 68.48542028136598 
-32.18062375641687 33.081412696332954 
-40.34673412480145 -55.96157659423069 
258.09390574374976 32.07073332696674 
229.37742281832485 8.026997579504952 
1.1210108644607595 -6.836313256901131 
-50.79386246397018 15.852094485126589 
189.03524667302202 26.551603945055874 
-20.62138132811781 40.004715758204554 
154.89690598468337 42.70467548728015 
2.151053916128745 -25.828282491464332 
-2.4333946844172907 -18.89088198720564 
-42.519778993632464 54.09219957034987 
177.21062678649037 48.00815101705851 
206.15793460991054 6.884281755361059 
-2.447393751595613 26.1380264748904 
47.40914107481037 -26.81300512302253 
150.32685104967084 66.13101904045911 
199.51105241265378 -0.14375626858034712 
193.79029750252067 14.473842376697776 
192.65805575365528 6.69415134787712 
52.39012490777994 18.36610850826001 
3.7370254051348426 -2.458647019571892 
296.83827392993396 -2.4128591995154416 
219.58124569514467 -39.684850275237466 
227.0486190780345 35.381962487955285 
155.96053416607216 -39.683365661964764 
260.43008377771775 -12.322342816516663 
139.53469823755324 -57.01673961652445 
180.65636588461575 -6.779418191239566 
9.35977901466069 4.838478155678756 
28.686679229948847 16.552326915522993 
210.14982652748043 64.05378220326413 
39.040845596497384 -23.327265529592097 
-7.187150185080262 -0.07126963120790795 
208.19639411431558 10.434810759905002 
197.90000824135114 -2.0773844406093676 
189.44110377621934 40.657330360750244 
-36.34369025267654 55.78226469153474 
200.38226944206187 3.781549304199842 
199.88156271941946 0.06384507842789332 
-76.22578504195592 56.0559955699206 
273.9519584215981 -16.6449405147421 
2.6147668997354296 14.447428454272407 
123.4182192348677 -1.8274196813618877 
220.96839765084252 -10.01726461766505 
10.204254549908784 27.082365434070134 
3.2276412165136925 -63.78927977961968 
8.14387719253092 38.8806830072556 
34.28621060381471 17.33835904130711 
213.0580938789658 0.134324789994296 
-1.7362867232987682 -10.632804811221607 
57.10639840370391 16.691769320258015 
195.9481457505197 57.28765201982946 
12.643747200427638 -9.006810316922927 
-31.699623304137003 -75.25702618704781 
6.770830891856704 4.733433901449676 
209.4189297860025 7.839765554569989 
210.34446526685156 -48.6090160172845 
7.599327772319013 -62.11190525721523 
178.38351289482225 16.351580133260832 
-4.035424567315531 9.027412372957727 
-29.21514002601836 -46.79474329458107 
65.94637515909326 -34.473728309822874 
-25.645464875285324 -23.61746909417891 
180.03329134992364 -58.99796377188827 
157.9049093686734 26.33375784321779 
53.337964339364774 12.81633925871355 
-8.937209106190592 1.487852285142942 
17.928792188330572 -101.05252496062495 
10.616626563632945 20.978478757542298 
-9.16391070989544 41.500712693852 
52.361647229846916 -2.953117359745463 
139.2633648076218 -20.796183874177963 
205.28315996247554 -3.2253587393207845 
191.0984018639248 16.808002850487792 
219.3897473333624 81.95070815289864 
-1.0283553006671644 -11.160017322642803 
0.11063433127823705 38.250868484892735 
4.085535516143968 13.764845577623845 
166.36273974536567 -34.140204433062195 
-16.46458967395229 31.099221716057354 
38.159851662151546 51.05659041678629 
215.72920091699262 19.012833467823526 
225.35851912796613 8.13406065218603 
152.01165975898834 -8.491638861980304 
202.25713591524692 1.4367200759446705 
184.02592871403522 28.70338119471715 
10.26123198679219 9.889990418255445 
-6.1047081249383846 118.54453453921172 
87.64919459839084 2.6874496854401415 
64.60389197658542 -56.53860752413597 
-50.739957741018486 29.833097979940902 
16.71981065797594 22.28674782861552 
32.796955391408076 -11.425302147576954 
279.69013005420965 -15.409552822317858 
199.394773189531 0.021914203475384062 
198.5057882214022 52.46320689881841 
4.445093993351739 22.381004528906 
4.921299559528132 -7.517934504646464 
44.844641312648136 -22.067831331527643 
242.62161897699463 -18.39232451693798 
197.08194103552765 20.05603277042954 
0.30968918862497025 4.041377887193664 
47.78051009592387 19.273096517411854 
224.89330157445187 -17.711140947283198 
85.83064541016978 20.441145336028367 
6.418435535710471 -0.4794063205375541 
81.69347421019587 -48.176381051653024 
175.19982285625184 -16.491833513302005 
277.36856903961836 -75.70893328209243 
168.14057218387703 -2.8170441780747524 
223.42114675242658 11.800703809588567 
227.537925349623 -49.53986232782352 
16.55693427041067 -24.37234232513047 
199.9026559738489 -0.07137411570975283 
40.390201705892856 44.8076650482396 
35.47596785344957 31.541300240023233 
262.02675675988434 1.5940833315101428 
204.04890814072667 -28.183626879659897 
-37.51315419434478 -35.82511399190279 
142.7377377791479 -19.455466748604803 
225.2758788990963 -11.547167799484146 
192.80528144959874 -33.80169107375468 
36.81522057731164 81.69132164089562 
171.46194959619652 9.603435415095623 
-51.894978467409786 -0.4021192858458472 
275.2597414775869 55.157433671468965 
-17.875314277373402 -5.5661380017750615 
76.50565790466834 -6.284867379594283 
208.24123942269867 6.450053534120385 
-11.728902265643155 5.505061889996742 
-19.93001844398093 -36.69378634339947 
-45.641092799244284 8.110163115280114 
-37.518459627408554 10.305820329617765 
201.6719916073416 2.817379382573934 
183.5827964035086 19.08802378295717 
-49.77441201551779 36.32010071476717 
22.360941734059686 108.3356144379358 
113.65537187060983 -76.5248678832356 
216.7293524037887 24.168633565471577 
-0.5303091385774646 -1.092059297753956 
33.536302748745534 11.551301503902291 
9.366302990537035 53.685547629358545 
221.52254689102415 54.72932354492405 
146.4895365270201 -37.4409667116248 
-6.274039174548983 3.5950024650282795 
241.50151090326864 51.78494532310523 
9.435439333374056 3.3007512155708936 
243.87591532176825 -2.98183683968328 
230.68239835819048 14.736281129474953 
18.565944740780562 -36.41992666240457 
223.7306252114812 2.8263472733975328 
204.05857705439578 -21.230624530199556 
200.44314180634117 -30.566799974207736 
305.2905296996188 -4.02277852468995 
3.982968725119795 6.473601183260315 
25.89670714960383 21.573717100118348 
195.93523467896293 -12.900346236723973 
173.42527979491223 -14.80169845332507 
-53.648873532327826 63.33055958794233 
222.44698729687235 48.233132295224166 
234.94480125214363 -36.75911886281018 
-2.9400306280562356 -44.199614189161544 
166.27488580993963 -51.66890788288878 
