1.0
0.5
75
7.05186422841478 -1.2781612248307408 
-17.500389459431673 -25.645434204481845 
219.63999494289573 -86.17412696171804 
205.824559447756 -14.38135046203521 
44.120774428493526 -27.690087436297592 
7.541673691075003 -3.126945822431751 
171.70341853829882 45.10756975999628 
199.68966779578673 2.012292449160499 
56.65217320525362 47.79020219567241 
-20.3807477772395 0.6007783641662705 
-113.35612118586599 6.083285771653481 
2.9608058831222586 -1.8996327301099458 
32.005270348871385 -37.15761290798367 
-2.404971453334121 -123.18818238845165 
200.2040881814857 -1.0628944645330303 
-63.04689939928137 -3.139678615290852 
193.43845471691938 8.296927029988556 
-12.923783849465126 -14.960958576803868 
-39.89748002585772 13.600561204913712 
-28.539885059797093 -66.43654311443206 
-8.591969100470857 -20.7085467445648 
233.2952208519745 16.573796227967087 
199.75908395423633 -0.8929064800866028 
-10.197860784094685 -25.37057232129662 
231.15624459783893 41.22012460927309 
191.00902045543182 -9.537968579933658 
15.582928711207783 71.87724040544445 
174.54931755899207 11.011356452331034 
243.85270313333754 17.63372504254224 
-43.421562550245085 16.019400455779547 
201.18894801961915 0.8260142816764257 
142.4137637543518 -47.89277586995143 
157.96109962623115 -9.309066458733508 
214.08550241951542 33.533394383557074 
-38.77070646765726 -43.07683265961763 
-34.71909435902757 26.880522677904473 
227.37817135122896 34.65105979183633 
2.8365909548766473 27.231192775852048 
237.78535600464102 -30.812531873301378 
158.50543409587996 -86.2199385050964 
2.1093235771885133 31.147866531176845 
194.12004827112997 4.9788999925643065 
199.48286627695936 -1.113210901032687 
201.6873306172017 27.848653335162584 
210.40152223977879 -14.060443131788832 
31.14831881597606 -34.70063827351207 
9.942677024008992 -19.013551382545423 
176.29790115761872 17.266518210647348 
-7.201619693186765 -28.01693165013255 
173.69196527636143 -54.97547509907699 
193.06236360860447 4.525580938797774 
-53.48175531431216 8.554466410846091 
216.807296740962 36.69236794583458 
34.83336449902612 65.67301764481356 
-2.7920686402139103 2.2323473319176412 
188.89268083501338 -3.9231175530702735 
136.54268690308385 33.93793299450043 
193.65950736805362 0.5788823891499868 
202.07843114224013 -2.301825578608717 
237.31872493086536 54.91980198226791 
198.746296165117 -8.174516773838205 
-10.86449872825686 8.592408029255882 
0.38055094617073776 0.22468086368820767 
206.80084774478587 2.474257040927254 
216.96286540583674 0.8700672257084633 
207.30200083235934 -14.889696620473954 
192.02545373805725 -6.1937080329422285 
7.113846491764241 3.9321497151488827 
1.5449610735985169 46.986952184956984 
204.18425764148247 -38.51260271739858 
-46.39505448605621 3.1006165641334076 
198.34752598634603 1.4986267994431042 
-55.58300811975153 14.067991210845257 
219.6164254820695 38.248887407798605 
282.0435685654803 36.01172810040808 
