1.0
0.3333333333333333
500
52.959593173097275 -5.266268869631355 
-0.6140737534238807 -28.926895616695344 
3.026680126733702 -5.8773066777829674 
253.62531407312127 4.433866168244785 
240.61239707750153 -19.67450492134199 
235.91787247538744 -6.900902309645379 
216.06089404906172 38.00304172917746 
185.426459848039 14.232819663299875 
1.2880363403207815 3.5355528130034837 
-5.937064504760653 14.529636353279368 
21.603792614627984 -40.716740107193075 
207.68682810054372 44.24339176805761 
-5.153905875888878 35.92921211816995 
234.00388219277727 -3.068915926408117 
30.28903448068798 17.315899302166954 
6.825169807203061 23.142728166200683 
-18.8755631297504 -57.60439516837196 
238.2275093316541 55.12547837982969 
199.7464871964215 2.4087402847598187 
104.26822384678324 -1.6827360313607769 
186.3489527144749 -8.59953803103096 
167.31110380271292 -23.03922742833907 
-44.17864818770074 -11.706052879104268 
36.96045310550048 60.0683825172465 
-11.838798449995123 23.112239611711765 
43.96539429869913 -21.2900230618807 
29.289634605316607 -6.223445524534544 
194.57742104345996 -2.940437992425955 
-15.703626839077257 -7.051362948689625 
179.34438956387814 59.785680622963746 
204.78507093904938 -1.489821255886344 
77.06318422075616 -53.658555445298106 
270.5062825079696 -47.86052545784492 
184.62134137983074 -4.976110614482094 
7.84766185628526 0.5659637098189606 
215.35840112182711 -8.465978196979023 
227.15104651159257 3.8639562131024574 
19.57048940322909 52.7471793047816 
200.03133542551856 -0.002166987323214154 
157.38687869759408 48.997254054294565 
47.95110033670077 -67.27942966457468 
248.59412837071272 43.52722472114237 
-14.47223187297993 -12.03859268721513 
170.96541190625277 0.08268350614639673 
3.5349077139251075 13.028153922554083 
286.14661412835574 -28.534932722106532 
215.56464476900925 64.77457728924495 
7.899345448548116 -1.1206656809002336 
181.47926437667377 -15.456064594557681 
-3.9842586765247767 -46.75909677160215 
85.49450895038976 28.904441941090052 
16.657369339173318 -27.24567614589423 
0.9476001861939466 -5.764353186750833 
30.293466602006685 3.0532032841972447 
27.80578662592693 55.5373177852662 
216.71721586611014 41.123125122921856 
183.93877637695508 0.5682878710744232 
146.69483728677585 -24.251532806827157 
207.4830971677871 39.19478550518997 
204.9710580461197 4.589543706018299 
197.3615642642689 2.5227299907507246 
199.02495781829862 -0.6407318445084583 
3.728010845126056 -3.499644160864054 
163.1328148666247 64.28685923684051 
-2.60192484571238 -2.4463928254971385 
157.66427163164985 -49.33072267883992 
230.2563453020515 -2.239861420352074 
175.67111028699418 -5.511080177028329 
8.449261042522446 -48.151462654617724 
272.95357668612235 -41.38077293772151 
232.4660383673246 -2.902053820681045 
206.54370962744665 -22.931577459661273 
22.314732056920025 -7.606828006269867 
183.3243925647118 25.619156935452196 
-70.24786548491151 -1.4296966115624106 
198.1051932872828 2.21023932347686 
10.577817450049295 -5.860100413925508 
200.16018903208433 14.08162236281088 
230.92156831509516 -31.230359942819625 
197.86998938749716 3.3678287728559986 
242.9365473283419 72.40427242586611 
183.53999786718296 -77.70124709267643 
199.7150440839974 0.5466111834270526 
-3.7097487599657777 1.0292825066018685 
-16.370772593716282 -65.6316590346593 
198.55541580696686 -5.14447217348667 
-0.07497282219496665 -30.7768549734272 
2.316769735626254 0.2760116685692669 
-22.690883868612374 6.198844105396293 
-9.75081998299254 -9.655306078217906 
2.679360099228814 -2.1539790788589634 
-13.862691383216918 3.422684418303332 
-21.144169910801597 78.32574530079033 
0.7382008411909612 7.798630356661443 
26.96681664260921 -35.10529747764378 
204.04384810821975 4.392721857030563 
5.220163561400934 4.5418233847506535 
208.9846446393402 -1.421621825308834 
0.14792132151953044 -32.5950869900117 
0.9836623783018581 3.2793661172835114 
198.14241682622932 17.261563867865995 
198.64653188702476 -2.4077686655025046 
0.8823776246787737 4.615381610341269 
-1.8680899043526995 -4.423404745052833 
183.8706675995926 18.758106582765937 
201.3157634008862 107.85108554632498 
-57.96033822935636 -28.87985415436561 
-12.574487770887094 -16.59107634460205 
151.21271503823203 0.5498667403827299 
230.13432174672758 -24.11261790133963 
259.6534456245727 15.144015988019214 
-5.058688331680539 -4.663507639232324 
-32.12018328176074 61.605340368197595 
17.72029286116824 53.166770436943814 
188.11344956018266 -47.91660163208313 
-12.897225231429692 32.76880991177515 
219.81734876943685 8.952208512353252 
212.1534221916297 -34.75162233449215 
-9.36561191766677 6.276369410609891 
212.982453166044 -3.520566295974583 
200.4210183260283 0.4341161277438955 
60.957860427296914 -103.03059891057558 
142.9078399342352 -11.610067922154302 
184.2459456659177 4.839815939179231 
57.83839061047605 -67.66767483664333 
-37.48216317468597 -16.117622877936395 
169.58974333620165 -53.78204885904788 
-2.4400460881749515 28.041864723701263 
31.403365987836388 17.034423389697487 
-0.23031288243384032 9.716341384438119 
8.730507834978535 -31.687832701656305 
149.4504756254512 1.4815238305607161 
38.13632303830807 47.375799360326255 
52.836013579106655 -36.82027727930853 
198.6680878414479 -3.904049132822178 
178.08770172097113 17.01425600598849 
37.73561614305466 -30.060179440058004 
4.361646724371363 0.6400969259744119 
194.23619105429123 0.713090697970448 
230.55674462446754 -5.833385665510698 
-55.04066713323658 2.3926205201535224 
-29.658314407669625 -25.656847172782104 
-56.005665746965576 -5.078462154870208 
-44.9616551829475 -48.49762890839869 
55.363168881147075 29.141582263536666 
197.04808582490196 12.129840159278697 
20.11869675129836 9.48679774807548 
39.272111919989435 -6.3524303087455705 
-2.682719156310177 30.279025271645416 
241.283624627536 -83.9550071283126 
-7.233873879997719 -23.85111298231844 
190.76033315738977 -19.24113007415953 
0.21328377562606865 1.566485167011292 
2.4930902511199546 -6.391115376957298 
-0.11249904950988433 13.062361802882174 
215.72433689920152 9.706631043790157 
84.4385398918846 84.63696398526925 
212.3333444321252 -11.084774682904968 
-20.474341016532595 4.176498187384825 
171.13068546995623 61.509838098581014 
199.0574759866074 -45.043336321140096 
194.82858573735874 -45.281242276232824 
199.28108659265652 -10.739428737520788 
2.6173986925591564 5.45067358888915 
185.61563897656163 -31.404759126621467 
211.98238324394745 10.754698811193919 
184.2752874050371 70.98633559882602 
-120.56542157741691 -88.06808879440976 
1.5028893639492458 -33.13645393837554 
198.059337422369 31.460676176053934 
222.69503344109035 105.24992519375577 
7.671217620344527 -33.8116012659823 
-7.138156700048737 7.523373632822891 
58.400314108461274 13.660321037487543 
156.72769099706727 -11.990795754748792 
198.44183462738943 -3.862889934405587 
7.819133016048345 -11.898806794904798 
60.843292057330245 32.38393479646851 
-5.500145928862779 -1.4406834256881196 
9.36665497725898 -22.65521201448827 
226.95327531157912 22.806498452127595 
230.6691085366125 42.610998952755764 
197.6278681752331 -23.532232190491623 
228.99657722815172 59.627886251972264 
-90.17680646338455 -4.097728743800469 
1.313220961566828 4.6942718367253295 
38.82482506896326 -6.65056196801325 
221.5250549663915 10.004968913092162 
186.36541807432394 13.043701533039789 
-61.3269764919763 -47.42353132300309 
91.36679162535683 0.38494340873262234 
29.1707056651352 -36.31462092448035 
42.02887950612592 -29.579440787284454 
-54.006968882700406 24.171148234462084 
4.057201208360188 2.2215343274682238 
-15.786365720455795 -15.928264219742625 
19.05553717613353 -17.94014177284062 
-0.3178469226069772 -9.900102417098429 
-4.900877463060606 -16.31026842233094 
243.23391966199426 0.25984425231504116 
199.99976195213324 -0.0025891122804750006 
200.51655255886183 8.584109379100832 
212.6270927111634 -50.28302644091486 
102.255005233155 9.686555107925198 
79.27270420641467 -61.99958958547853 
-14.146768374815881 -27.67078493827244 
189.8927295146967 -4.246435832914101 
45.51869133094076 27.33738323126255 
221.6101670293598 13.970267969229491 
44.05084403008153 -43.481924564249006 
50.073422168188515 42.5786677383536 
180.7357249252976 -0.10157370845738903 
3.40276696584709 63.909983319216636 
220.91278089022535 6.913752654134093 
41.9158895944937 -0.6237811112480416 
5.23926270384903 90.6919515510666 
189.7655299450198 47.92366719434131 
-28.63265829852244 -34.71650162452427 
67.7688318965743 -57.465331703026344 
200.24786369983175 14.516649890560807 
175.9563794915989 6.330542276445566 
164.80220161826492 -45.15049068762334 
17.95286756284367 -37.190438350038576 
-56.951393168693905 -23.02474533439132 
227.66256760597275 -2.9544866407145864 
46.03580193094715 4.918514735562841 
191.18163516400384 25.401674235772333 
-32.36186699623797 -9.607285459179309 
259.83987562137213 67.16561264930321 
200.5229413451221 10.690843491079926 
8.2524410008989 81.46681562874431 
9.456590667554508 82.49215244923673 
226.63420318660962 0.599756907716274 
189.54072985638123 4.180243731207431 
140.92715951602668 -18.509309996861955 
-6.330205452451649 0.24440941728106272 
225.2025649378137 24.159653230809127 
202.23557819681977 6.1812691449977235 
206.19327601859413 37.77547022375269 
190.05076478067016 8.886416857181723 
46.25395053643484 -116.25476291795113 
-36.243742367846714 -58.5421934547123 
59.639304716755056 -6.093364590325741 
-4.910469769058038 -12.60700384393303 
58.58417116633552 12.078213715670184 
175.68229837525578 0.5382440746926267 
-16.60522854083897 -104.05460635028714 
-11.512995957334615 -10.35666507290956 
-20.363256967627056 -1.1188384306213524 
284.94850160002795 -46.68092930984649 
263.4405783996946 -68.82885498044811 
-0.5000597747174047 0.40489535967484974 
184.24814950918702 53.170135891737196 
-49.19379313420653 2.822835638838655 
184.30795020832406 70.51357028086524 
248.62971875196308 -29.44229740662653 
-27.50071692506624 -7.5503550188763935 
1.6684879455051904 -0.08672955176984642 
167.70972390510832 23.569936052426694 
234.18140755891648 43.73153736625332 
123.9883038306852 30.6661509379482 
132.6081566323048 -29.349176091528847 
-67.36294449951579 22.354748952147535 
-7.274728060372819 18.260553613044333 
205.35851720062473 0.21655850544306052 
184.00013779738535 4.390945590974044 
0.010403321123915786 0.010520343116044042 
227.56841315942708 76.09115193120186 
156.68366533792948 -50.36871274647135 
-53.65001344585393 -38.19632957727012 
5.820354038504233 -31.445316012951672 
48.607819035610625 -18.7904296713675 
-34.22593002567972 -52.70149356109953 
-1.4217212963298447 -52.62421812335542 
39.71623626110772 -3.3446272544189313 
-4.1079717578905495 -2.233377832183257 
2.854023291739149 -6.902605687706347 
-22.989999516344483 -29.131280152513167 
251.86171551305597 -44.33594780054787 
243.52076971478235 -6.336372806126387 
0.2630904873870352 -1.9355196350790547 
229.47881629728184 -10.297607900814624 
223.24849234260816 54.24601013882251 
199.97515651826743 -0.8305905128826523 
190.78627397642347 7.3602696304884985 
-45.89139970862337 -12.591085787742774 
204.3568040003321 -1.0575994238695299 
151.57906744078974 3.6263745897320425 
-24.753287524315837 30.152162431592334 
134.43084622141131 -27.330230327444404 
207.9673011161801 -8.494231513287971 
-47.20088200011316 -76.01405201355887 
3.2328246358672024 -23.23561610155069 
118.50220269568518 -1.342093299359363 
242.7787585212902 2.909781533260033 
-4.9498134517127825 44.39077186264088 
202.81369981547482 -42.40710872372625 
3.6903128410190273 -30.616640927355398 
208.85968734791908 85.05745902229118 
29.80697033987018 1.0829850091527147 
23.671625392721136 65.5142032354388 
179.22211024089287 6.090214250353223 
200.93436106284236 -19.63666738439146 
-31.608229388435916 68.76031631232365 
195.8309325565025 -8.939314870770644 
1.7389554788157946 11.588777744048159 
192.87248039379924 20.626880894488533 
213.937636970777 6.3867212003853595 
0.6300208012613776 14.307948657937683 
261.9909325332348 42.844725444069304 
247.80181890928245 -91.41532125980517 
0.1519767687525118 3.896510427286331 
193.77035953405007 -55.47034734085336 
-7.577520090009651 15.785128930631158 
221.24018360027904 -28.055493856195913 
193.98007808085285 4.856534509627059 
76.66310362179942 49.11441200668287 
-36.94832281998142 -40.71116272762336 
-28.793674836476217 2.8910686837751003 
26.727554998530653 8.884962950705425 
4.879083147724675 -37.050493055293124 
-59.16676790502349 -22.0235163742637 
192.66372588046454 -57.9827881095496 
-54.02506789848464 1.2070332994269106 
187.3389605984934 -29.06735122286006 
125.86722521527086 21.118346448379818 
199.8287140265729 0.3699022335706618 
-3.863920408423759 -21.58618666400018 
-6.306964988371055 -1.162011040075985 
-26.027381518289435 -40.516415409599475 
234.43317054075737 -20.91926927835245 
-23.616306030972193 10.239290819758468 
172.6434623779793 -12.588411789929655 
115.1143948319722 -33.609808947455726 
215.62581743024134 -8.889763852406197 
-7.861021219164862 36.37539877196983 
-9.520016474126974 35.86326529185263 
197.13548892702465 -0.2678897433494673 
10.888583919912106 -13.718682706078772 
6.766921444729168 -19.335204565622366 
152.72103047152945 3.0874153567776346 
267.2358548248301 14.884526969142016 
261.5697670080874 -32.46328873627271 
16.218424672740408 27.805371504737018 
48.031905596112644 25.497905442813714 
183.42387431362692 35.906445069880064 
190.00416935646882 4.173493200418229 
-21.79081572053895 2.2267636319208934 
0.4583119695237588 0.05596916965139639 
183.01739160322467 49.39751664397669 
-0.7835646660874623 2.8060843735164274 
170.8980943671093 -28.08004561046164 
204.4899498931224 1.963239932146747 
219.63417073387583 -8.99709227195501 
-5.269911177420098 0.5539658378082895 
157.34180531830893 63.34436856421691 
207.4506700535848 6.6160872734448875 
42.90765146980641 16.125394291440415 
196.79491597405652 75.98291004861252 
196.6138539082829 -0.5331438125603987 
71.12757504243832 -72.79627972767966 
-39.6403825055236 37.224194906952015 
210.28194919095137 -9.428681794761873 
201.9244529102977 -5.680586176046356 
199.62455438875702 -2.9150816702841125 
193.5383173344048 -0.8451473598720254 
245.2943502976838 26.387887981338064 
3.7683620650444283 10.717818633671833 
-4.968728813721191 -0.5566042828388327 
-17.6722107689904 -15.029248824734857 
189.53604600296092 -3.5951097158986123 
-77.15613310213865 -31.09148643147763 
46.63911022960381 6.405468364090749 
-13.243211287073251 3.2013631710272317 
-10.876965789479515 -4.227959226051196 
199.2964428124475 22.724703361254736 
6.457108500655163 1.5794507872829902 
214.30429712738808 15.851296299281469 
182.39702364618978 -18.352162351728335 
218.24820402635564 31.896508080819345 
154.48976935333513 13.524457053386843 
-30.790999081050998 79.57990884662316 
0.6709059788662437 13.517297841423543 
-2.5510792211542532 -0.5644949609100997 
214.68973950244538 15.032589692982743 
210.3486273181497 -61.152235899607106 
208.65072690438902 4.746361460443431 
-16.193112995842945 -19.14165687550213 
7.042135566884716 8.074007558676277 
220.2726729063458 -53.24636089956778 
197.5496378385916 -14.202360291680572 
-0.3342887070666796 20.738854551566885 
234.52311328628022 21.951276275977715 
48.168395372844444 38.33793536860352 
9.327002927935887 -17.41219636665651 
46.073990028085774 90.28824336873635 
12.915614946144254 -15.579715818507916 
214.77534142107768 34.989253949732614 
200.42921526878013 4.89044219483992 
25.105027428929645 15.580000076956958 
-5.961187206108657 5.599921277110315 
206.07960948188176 1.2961701474952303 
135.4251725070959 3.2451116960702757 
193.12859360121928 -1.9935705476303032 
-25.579708860436163 -32.57748373336895 
-19.032598141512356 40.26883200428536 
-1.9854827987154027 -0.6271486626101109 
300.8934263382171 -35.06072416121388 
5.864447598251636 1.4643337448104097 
0.3195791796649952 -0.7183654981887776 
180.5123860352236 16.81198417433801 
230.3390750024842 -3.6404560391897607 
55.02944438402031 -38.152458887558545 
-1.7713602571295524 6.174092241564124 
202.13967193508012 5.234709156100973 
-58.010824042895536 -17.934779422480208 
-3.222164210678428 18.878608120991352 
196.6237956422757 -2.1263266093903392 
190.297322608864 21.509842383462836 
-48.030275374155806 12.47125437187984 
122.6594186994317 10.753916577862404 
-4.437671389290633 36.07783473062269 
2.416772894811572 -36.11588269543619 
215.13471393983008 -3.1685239519122246 
-4.095233004542516 -101.16280690287093 
196.06218608516645 17.77060115402185 
227.11673281356096 5.805842225294085 
199.52593686870807 5.568288015642712 
226.6097314532106 42.938657738611894 
-36.88554348497749 -38.67006609542023 
115.0566806836047 -66.55705235947651 
-40.883360553059624 -6.676512392813266 
188.88401877040772 59.39869433415196 
217.72366689377054 -0.5380859107817214 
291.0208797284869 -20.185784117926325 
202.08601618407354 12.413925067533595 
210.37266427743432 13.39950398778399 
18.163324364959912 34.572505371738266 
121.25565840414632 -53.16773952070724 
-7.323559910313755 -1.76366374830174 
40.89918870766295 -17.630604445931233 
238.80711581736242 8.223211657518071 
290.3601313163516 42.063248519113785 
1.93219454177759 -8.427208678832075 
-5.172168579734967 0.4070283329487887 
-1.250746243889442 -3.441064892108991 
36.43702902670297 6.368694284955812 
196.24414825456907 -36.179618477163004 
180.35831072894973 -10.068614520544113 
-8.813514519857229 -31.900680203628234 
223.1805761455917 18.488794141270606 
60.836102312012144 114.30553700893928 
156.0421021738964 89.41482196702803 
196.8278938655728 -2.7494224734516184 
4.026666284196856 6.333460609372551 
148.9481743146126 -48.317985764791125 
218.45011903233896 8.754035650911918 
200.90689602086755 -2.669774876114372 
12.213611445105906 2.0059636202956996 
163.180774558163 -26.933017131997392 
3.1436485256311477 -10.843961934783982 
255.64037229985433 39.747334869633185 
-66.20906469975633 -23.562784811118828 
96.62800405387175 4.679338298983688 
-44.96313650959537 -4.912526852876822 
181.40118292090048 -1.8957204764059457 
200.6806246292943 1.0324628003372727 
199.09625722540503 14.249134559548619 
206.03267418003875 -50.93744479789639 
81.35497764102804 0.3233268101388854 
-12.286258124776564 -48.35024750691422 
-8.343829247463082 -28.22848092780216 
61.256642925596225 25.999412096209323 
246.01255571654133 -44.8812010751709 
186.77993928619185 14.31445593044193 
208.43277655714863 -12.84839160400161 
267.7267277486261 4.380006606022486 
-27.683278347227986 -22.59504770890062 
-2.311906773615244 -19.423015562043584 
202.5188761395133 41.1297539461555 
-1.2010463773349531 1.7044747956884554 
-7.618908779131114 -6.224614248614205 
260.703441082891 -5.711688045003747 
189.1541785729937 -19.507284620379018 
187.6824026767406 -12.363771853596763 
-1.441738447635899 -29.989772268270332 
-55.96109179857623 -17.958959735054027 
214.1904477977815 -22.24880547396165 
8.443734729839306 -3.6253933678840684 
131.11383466477122 23.80381937161573 
-6.246657479422467 -7.154167603523097 
14.612123935798557 -105.41495905613537 
173.91707630385707 -11.639958555094404 
206.81643106682014 -15.208005623986658 
185.7067776749144 -34.158088316966456 
220.08083002797127 5.409631821093552 
170.83436291695054 -7.4600538718446545 
0.17711430822531582 0.28483420846603774 
182.94241112880098 57.07800221259865 
20.360827207122053 -3.5399426271443617 
