1.0
0.3333333333333333
250
-22.024789672183093 -8.033593766538923 
0.8642354788488145 -8.638166634033324 
233.7822846880304 62.87467800840431 
15.09403072558681 39.54345049376409 
273.1495057475892 -60.736086411674854 
207.64666737294468 53.949983288869795 
251.09865376308093 -26.161092084203514 
216.948418234543 8.870614331896668 
236.5363709821668 24.386889158232623 
6.685148519759319 -25.002934311645085 
194.1350615912359 44.28159803538458 
-0.706730380625606 -1.5031150015272177 
33.66509217474775 13.433929924292972 
20.78111972593614 -9.916581753311565 
10.810081274401869 20.701673083389625 
195.78694002227257 -0.8826002016428973 
-42.69667643572732 11.297172202341915 
-71.48237003186597 -10.057599470469544 
-9.503249288581571 17.33523640463113 
238.90710649881186 -12.110452799401367 
9.009146297908307 5.779804486007744 
17.353979839665502 -5.497509943741547 
220.9594277330939 33.78010719412886 
1.276789691390755 -0.9293013750686652 
15.635175021092861 9.638073875103037 
248.73164518127658 -37.02004613520095 
-58.99602337157679 -1.9848662828624477 
178.8977132154322 -41.08727119050677 
54.894830619430344 11.798711996948816 
222.46110326758458 -6.392978695536318 
208.33545633513017 3.843493009029463 
229.03517536587762 -16.034898016905046 
60.376931834348106 -24.485972809629594 
202.94535559659317 0.6993870829802853 
200.6124705437571 0.06106206446077586 
18.513930728193056 -21.54642103533315 
234.4397136592358 76.38857687445135 
33.47362881025426 24.163832731246366 
-55.83282227789119 10.147842956888804 
37.06833138234899 -45.53058104618839 
7.305397749146598 10.832030787156322 
198.90771061713363 -61.222864199968775 
183.26553241273842 4.615682572319663 
54.1431019602799 -6.505982717890523 
19.850833347441007 -26.014039828895164 
106.80745310039767 -54.68825234259186 
204.3445086179983 10.325509387783946 
33.25122831192558 -30.951028397841732 
132.28325994573348 8.846258806694154 
35.92573633297517 -30.543309078024425 
100.95974495662203 -30.10268119390691 
24.560575085312195 -55.012089706554356 
-50.91558514175892 -20.448080634669196 
-26.419056672107377 -42.12392328785046 
206.55798375884723 -47.96894728056804 
220.271231988075 35.25701418640067 
206.13956586237347 8.379594050174681 
-1.5971111651860843 18.76436963883203 
34.499039825210005 4.525258797055365 
170.86836167848926 -8.384845336586299 
49.760606361898695 -52.951856623797774 
268.58378731335614 -19.585810739166178 
236.76631807455277 -9.831099978920633 
29.570983786524973 -32.31795275960774 
248.79984234686015 -4.94392786394601 
-38.290963115781395 41.48960885524242 
-2.934765960245341 -3.738755170993645 
194.68680993458202 1.5068040249393235 
185.12612384081257 60.10296695744081 
233.80367989003435 5.974823310850703 
0.39255663695793447 12.068573140934529 
229.55270894649976 -6.8882284386008115 
128.228694741273 -0.8599625160692803 
189.1330685053386 -49.15570881458554 
-11.931949575022863 -35.2457315046943 
225.567298401408 -36.82514878532921 
173.99060266311434 80.34038920609 
195.68479733949923 115.48337829915164 
-30.395433180132112 10.034473660106443 
21.271715723498634 -18.262201528367296 
192.26334970507608 -11.974988939881598 
-1.3834560880900844 17.10469374942385 
181.25131073498596 -47.468971549320486 
228.96605375182853 -31.71711789785419 
1.8107449467757153 -16.604671248018953 
10.631690712238623 -49.463353659754034 
2.0189610318460063 5.370160304000038 
250.63302108041808 9.481966816519249 
145.64801441444507 13.572732916652711 
12.320813220674909 -74.24736293091073 
273.97118412928353 40.109964103195026 
13.820747304450677 -20.284224326079872 
210.60291627087489 -9.750376878193151 
195.60099104874476 0.4506417819078743 
86.53573223618211 5.528950110607738 
163.40566272000243 -17.09125842178214 
-8.432886153697384 52.58852477663886 
203.0410311541609 16.825581966441753 
19.039117520387183 53.48051096785653 
-53.19120777877338 -79.2690402711992 
206.3025462234484 -0.20778766454538017 
-1.054599381918231 1.7462736606631126 
-16.226845704426438 8.777347942353204 
19.618318671684605 -69.49787696144124 
-5.176405892073889 12.421904803724207 
25.401528488967507 -19.71109286149977 
181.6439334453867 41.71213783979271 
4.10357000247852 -3.2691688416000435 
-5.261708389301667 -10.617245832732332 
205.21981874428937 14.191815599644897 
-0.7174469203615841 0.24590013090560237 
188.42442506204358 -20.533342969906325 
-6.62472660047103 -19.538805717584637 
218.51436128647083 -11.9702039503601 
-13.403388878927494 25.890164808261446 
157.13902473114766 -4.844045848550606 
146.3330108291572 60.867475927741665 
202.69847458110377 -0.426502039718692 
176.6309002657685 -46.21994047987237 
-5.700978894531367 12.23435629245509 
232.9146481385745 30.63102940909499 
160.41361226494695 -5.538877337752513 
156.46608325787201 -65.09700480026967 
-34.74164950964681 -3.149586652893586 
142.52127576753205 -35.65262330262251 
21.495442214219374 -12.334148155440046 
-1.7752894704634785 31.898340852200974 
200.5575769055262 38.267549248062664 
-14.175285024164284 6.538529369243491 
185.54303736070423 35.126528297304226 
245.93103990201547 -1.113014913331383 
307.9575829112415 -60.8402713464727 
-49.42754806264751 98.08813566977327 
-4.7123422511299085 -5.142007673770075 
-7.036040948509768 -75.71425164288279 
10.402584859249563 -6.276008918797558 
230.91647297541374 -0.406064516606205 
16.905991687288786 -113.22836284280247 
20.319028504300494 18.00151463646733 
217.13218946447927 44.354638363372395 
218.1554938777956 -9.248492652449832 
210.718143901206 -9.212204325585228 
162.37608739755754 -16.991312321126312 
21.246700733551467 -6.027913582811504 
186.9232824878306 -33.39566709618504 
3.6645800681961496 18.465947711673476 
5.227437702971057 1.2840710622879186 
-66.87101364869328 22.347222905108868 
189.57474983712422 69.32237462530838 
14.617848994592483 3.654750028118884 
60.17602028826502 9.41208920272818 
-6.37335728392094 0.10025889910021665 
0.15728969713903557 0.016920315392865856 
-2.648965841872802 20.074258093668718 
33.42031857479234 52.003443190151295 
-12.879779897970453 -45.099708074786356 
249.51094528620763 35.90350342860937 
205.2164596956547 -13.768108608896311 
198.09642830395714 -6.765511489513259 
-24.34347552026218 -7.693291084324616 
175.7328319144484 -79.16090066172542 
187.60647625977458 15.666557702844253 
-17.697334401181802 40.95442394874851 
202.91941147772678 53.322427243083254 
197.98621256186266 51.68187097197722 
180.32635768067016 16.85995998290281 
253.28065308771136 15.156493039288348 
260.0348344482462 -62.74711167596808 
101.7952351298519 -9.38379485561124 
42.98913254597949 -10.82156427348208 
169.39541751609585 81.97490193512522 
-2.844773265975512 -0.8891394606393324 
18.89538199768517 -25.38238872789876 
140.7493159834032 27.20350173445797 
-7.9498646165135325 1.8554996804156667 
228.70835397437423 -54.06293356786953 
238.5438331323806 76.41428821676939 
8.58562414137434 -8.407138714772136 
-20.701624742715026 19.941073332142825 
137.92918220536015 -35.342304403737586 
190.2806538832198 59.81731159126386 
200.10669194511667 0.7697675968884159 
190.4712723331939 25.815521689445347 
-6.479941628677316 -16.327124962662424 
52.17361771423942 29.4658959837026 
7.155156520111212 -19.985195191528952 
202.4271632254633 5.188869123102472 
45.22135235255521 -3.736704608428557 
171.73501584313985 32.15532136812198 
262.0629678433448 -2.1067729995607243 
134.60003637704796 56.02661429359324 
228.21847999514645 -20.88935803825406 
254.72181351374053 -2.9077827375782794 
213.7217430935767 28.093140991036762 
58.770036533813744 52.644423570027186 
183.71542803898092 -4.508103395357631 
293.0350344771832 -3.4995707852920237 
1.1301571722472086 -35.199099712987675 
-45.80314929980436 -32.91530077477027 
-3.108137149181928 -3.0790340712595388 
6.990692081117276 -19.741223565166635 
-79.390731078426 -27.782313923570868 
259.177118876128 -13.754494259138735 
20.749631077799418 7.616901364630797 
-1.6558344329256907 -3.3954418605440306 
30.894778612661078 -7.007534582523737 
207.88897632369995 -32.2720009464648 
-5.205080031574313 32.16405033998104 
-3.776491836931359 -23.901057366793843 
177.96804901115803 -23.305323010646024 
210.91800881112138 -7.448506122445433 
-56.86330946979945 -19.656188726863217 
-28.985144038431407 2.155084032628855 
-5.799606330732623 4.975646983901842 
232.80490785295484 -10.17185294917556 
237.68690450859447 -52.810511532111576 
230.09829481667703 30.36770181674165 
-3.0236693041789717 -3.7154863335843284 
184.23194673857662 19.269423101165827 
196.91090011875298 16.5728096738338 
-2.3483596754973037 -20.1815110732201 
16.083240650484726 9.007866306787657 
9.727109583414288 -8.837722424897825 
-15.708701604607585 36.02688373388808 
38.24594240725736 -13.5620584745652 
165.073561246371 46.47544534627686 
187.96038315459526 16.531135203088873 
-3.109292292608666 11.79118381330061 
167.23035428698432 34.55333569520178 
212.15680125412268 40.38395886622535 
196.50135615536988 -4.638324338000878 
279.2105556829125 47.24783173747964 
-44.931415676463665 60.03643481188706 
-16.240862405768002 5.893553251782546 
156.16079840731092 28.962733843730806 
43.81013883355679 32.53127429933422 
-5.685518406885674 -4.890239181088694 
199.5278043531282 -9.726277044531734 
-46.604357279739354 46.68204058085566 
205.14040859224332 -5.989873341443781 
201.42403778626363 0.8203957562726928 
-70.15015840786927 3.042155864067148 
234.82629633152868 61.50989452887849 
-40.38306835950706 5.89679322700141 
235.0286628902232 -76.07286311198023 
208.87050792594331 -2.418913146218011 
158.93064799549032 67.62205770671538 
212.3287936752295 -19.504709184034628 
-65.11252532947799 -36.9655122693607 
161.66373012411 14.929819788545451 
