1.0
1.0
375
-40.92614273253199 18.62360571749462 
-5.4677165775665575 -19.01274626681045 
9.97072357934443 -18.97569051035179 
157.60491390806556 -64.20904312931968 
199.12763107493151 22.074800912553236 
197.26207310507635 -0.01257262619020367 
-0.02599965257767027 -115.36842652938492 
161.02114046466346 80.95688308719356 
12.808939755925108 33.33052491316843 
0.28076329330946864 0.19972960264194192 
0.4218722934908842 22.917724181791343 
197.16672775796678 -10.020868934646021 
38.09189305531385 -55.58403348659349 
15.793687179082692 33.45397807774674 
170.53617129161384 -0.4698831594607658 
242.75358633923292 8.278918756538399 
232.12539334867733 40.51285257821942 
2.5383757303379793 4.39828600802074 
-29.71487330486689 -16.961146583925924 
192.07551620510733 2.0238942769259727 
154.17256490336717 60.19125752480089 
19.69385152867316 59.42069733463184 
264.5022879613242 137.6726250762016 
176.76040442031606 8.88407365904976 
165.02018515796647 3.796601819659033 
203.9976159443748 21.921893968396848 
302.78395316102 -18.42060253653059 
-86.46081843020828 35.600641013623026 
224.27348450057997 -6.853154215465084 
-37.87355916966338 61.728696054188156 
-30.843012014049233 55.67611013760988 
-73.15705047537872 -38.520072074210674 
155.09837164115058 5.591956351779589 
4.742350219803866 -0.348612153380857 
6.435057357109312 46.52078714475653 
-1.812697417716344 39.11274221983822 
200.52679856051654 -0.16307563632793884 
22.17699477875871 -44.83610827897806 
3.9923260112555092 -8.490069692743553 
33.42728343558233 23.904466343900104 
151.87624260839635 43.26389591403499 
-17.766761365379473 30.171372710331603 
1.9630027649248165 20.752689616051278 
167.589058248914 25.454562104958132 
10.961723508367202 33.130344122855426 
208.21739833564064 -27.76799498505785 
191.26793386821916 -79.7912353259193 
181.26333266136282 -70.79072414445332 
45.231888155909864 -0.44352428930334287 
180.46980562458603 24.524411462536857 
-48.70488046398254 -34.754947264946274 
39.290981187822545 0.7546011494354457 
-62.341282628565594 -7.5247774310027875 
-15.21197983474299 -26.804593355082314 
25.33351244458301 -26.644193041561753 
222.57100071538616 11.327904332838077 
211.59429037523284 37.14164060527366 
126.94578162539997 35.275013255972816 
259.0168376625677 76.08280159882072 
74.25329627537576 24.6726626001161 
-47.44460628357666 -21.588276701498696 
214.06252756934134 -4.109120550412749 
189.74213987907865 -1.7117527378295427 
-9.594866640109176 -30.892530767173405 
-47.96112136227946 -23.37169960413491 
171.31134761843612 -11.06296478770201 
11.930394588984514 -7.459876090940152 
234.09608208425453 11.634808201022597 
6.423542643218058 25.131497378082646 
35.947666196781505 100.98096846329287 
0.3873931674879426 -4.002015667734418 
190.33297806871482 59.59310465799985 
8.312298558495023 -13.259284035004946 
-24.560135000212515 -14.232202430016041 
200.31908325362454 -23.513584950425077 
-15.54462820013028 7.159780114983467 
208.4878783495346 -8.740776778685927 
9.57502587758406 28.724129550576407 
186.1211593232324 7.947706272947999 
-23.970353246556503 46.40875617361382 
-72.81879843481384 20.42359703864306 
197.9406264678369 -30.922023840721504 
41.44223960518107 6.28541300683532 
235.2073564404388 -9.021208410337957 
37.55369238971586 -107.03399976743283 
29.189936629110928 1.37231628590482 
175.0847927424069 35.952878131053296 
15.118731874091937 27.587343657827798 
26.17946801876929 4.214083043155291 
223.50167808511418 -9.795921210746771 
-0.16849065625721346 1.176457819370726 
-22.428227330084415 -42.405449595244335 
201.25248732863597 2.4764458230707227 
11.126943243021078 -10.655153632515345 
-5.992681383798367 76.99428966525292 
26.856755261236835 -38.47900198804165 
7.719502453810474 -53.571602637831816 
-102.0211415062289 -8.478265584178587 
-74.48821392455051 28.730739098949673 
-16.479137194537078 5.963700865002303 
-14.620603942193146 -82.03108059388946 
205.85351682812808 21.403381095480366 
252.65731979344264 11.728209507580596 
260.3096868266629 -75.84028141993845 
197.7134062828113 -9.407077777389834 
-1.800418112558204 -0.27462967253318743 
205.15302208880587 17.984607799095805 
281.9429974091248 -39.73933438113367 
80.54123526319825 -57.58953365180883 
31.471017700763827 -13.219745930515897 
221.58205051886503 18.153965438300975 
61.62327850597281 -13.865530747739415 
175.8618811301442 36.65079550467425 
234.8448871608495 -115.17420168139157 
-24.986266047204115 -46.943253521103955 
-13.827176092101267 -10.920838534330818 
-15.670251026692798 16.16914819283171 
184.3344626284178 19.69246797136899 
178.71234960253537 18.67142401612986 
-17.781597090108498 -83.43872378401491 
170.83387231131962 55.784399257978976 
175.90799954725472 -48.44526814896048 
249.31239085710232 -13.763843630985397 
22.36871416766305 35.308809245515015 
-1.1760954741394722 -44.30023468184741 
47.95913752985468 36.06213716983613 
51.434094852901886 -20.18677057736945 
-1.3012260705819374 37.986909153760124 
195.93205446601925 91.96249988689499 
-6.791763241217971 9.178882498423022 
74.03985395613223 -38.35708975260505 
-16.3185556420411 -5.687865386303945 
0.44242703491429286 -12.234179533851233 
-71.43921211158087 29.561320623648065 
-13.690682220754798 -4.408754932266533 
-15.32592174742443 52.61551615797399 
191.15597295146495 -13.71506335736188 
0.3894952750052068 0.04835559687578769 
103.46997935967508 62.4555285346065 
184.5912811349792 22.47180129270822 
-54.57553564700396 52.41201762920046 
40.490917758484215 15.610575179471219 
200.87891400510375 20.75374326358662 
210.8628501293507 71.00289946095839 
231.1586796618469 18.292043963590384 
0.9944997797109804 -100.39145093271021 
-21.651723892233637 37.238882439848176 
220.05106499041165 -0.33577803269593015 
-36.029231099079446 25.600113923584694 
195.6748713609419 -40.49701657115227 
10.993236944035306 5.717723197160185 
-17.57611190599957 44.767766424036495 
189.41819062273672 -31.40186791712298 
-13.89738186396116 -8.986030765886902 
120.0477480546636 -9.950346870178157 
224.86874946262793 4.236416546183686 
168.76102060595548 -29.316794897432345 
-37.758197383330035 -23.54094781410398 
194.29940410082455 -11.92960192390701 
124.2245121993601 -0.05521366035669516 
-45.08905460756041 5.8211078601678725 
234.59718254327336 -38.56331999977891 
228.33300147196027 10.132935121996164 
164.36924323546904 -2.0867357150023604 
192.80112491627824 90.49627046191277 
7.061677539004925 -16.957366817460507 
158.01294305968847 0.16712446936224595 
202.27588936194294 -6.05888539377428 
221.5050393861027 -69.58782547991177 
214.8927175923873 43.17288914675726 
-59.78433843674806 69.96918738750112 
254.93120521340794 -12.750009362574994 
2.679147481894465 117.22720154648738 
28.364792575885843 -23.118512381626527 
146.1495700407763 -80.53047267704335 
131.69020127412517 53.99621618675638 
2.2376786244060516 53.86334756784512 
-6.143995859289123 3.135545570229975 
198.97277912737343 1.1298049075459182 
188.05833566252596 36.991100474110105 
-5.122716616777081 -14.698545630551857 
224.21907441171987 1.7712780261372696 
-4.128683633271229 -50.51793330418733 
-25.54944296792531 34.92625512418535 
-28.938364223571327 30.34031745924258 
200.71596483232085 5.9263311603195685 
187.52026146613062 22.175994772122312 
-6.786587297367321 16.71576974392993 
12.222462499987202 3.329676288549296 
183.56904391900244 47.108901966272676 
193.2082124512654 10.07573680403609 
226.01491007269317 -20.233239708903245 
-15.82342106926776 5.783250691754953 
211.7448359297182 -19.448783152602253 
-4.86938287835437 9.308316683120431 
165.83623051097473 -54.88346079726424 
161.48816585747625 13.720859003053778 
37.976150810021664 14.720386501188404 
-9.311301138191267 -2.1195167108588797 
199.509053266684 -7.637726223237729 
0.9617793600244046 -0.12178590844205527 
203.79599607432388 -42.76894879381785 
264.9103654307464 12.11674864073006 
200.61683367919295 -40.535256152154915 
-1.6956730069589063 -0.24290888932843302 
25.15618493559318 -148.76820227700276 
178.35413556102253 -43.33724854553898 
213.87091295288823 24.056245206690278 
3.1883775641505854 -18.376003342169273 
18.573064717422834 -5.817251629508143 
21.555870591696255 14.138220427978405 
194.6976169218656 2.274302073334203 
-36.477250003980636 -18.291742325343517 
-29.88557713149294 10.903746109843675 
17.52968491405422 -10.690948905467023 
-21.593687417262935 15.300564464601194 
64.08265767932582 -19.47768873028557 
4.101251946077551 5.393552378704468 
161.91835094625552 -11.511506650579285 
215.03364250188807 0.8533037318114892 
206.75626367585673 -5.48695375358613 
234.2339052209613 3.2963488068564613 
181.99263100131083 41.05149364152457 
192.70175578816125 -15.910325630114396 
210.8851207829205 126.6985422789553 
2.40244961277881 -5.930904801970511 
195.6954620192833 1.7439959305647599 
11.669298273728616 -10.41163076627858 
-20.407576308750542 18.49823165624876 
-35.18037158841343 -21.92933828055179 
229.65461259989465 -29.513997342306585 
170.58528156120724 -42.051741146721255 
185.28635116204356 -16.477821407705658 
0.8900628808500702 0.7343471569728798 
221.97675442479417 -32.15542883751751 
195.33253816874833 0.8332687007448143 
32.58325372431191 -51.051215888359046 
86.2421890536034 -46.846254998309895 
-0.18081766820283604 -10.43475987558791 
179.28853906497528 51.898517213131804 
195.65238781789034 2.0317023558676643 
121.64376129338133 7.2923849333713955 
-19.877140948916093 6.926128971569254 
-25.855048091608186 52.78699121206723 
-19.309116791914082 38.752484019152035 
200.22860680594263 -41.548744676658295 
195.06174040370354 21.406426978954848 
209.28537182094303 -19.973276224990975 
207.73410122555552 -44.1122849640745 
166.34463575696628 40.784040692170926 
-37.2492934252126 -4.451137775576273 
67.41135581034209 -70.67436562120076 
189.50547526114735 29.595069534344827 
-18.450719769738996 17.461253216980456 
184.07956239205546 6.031110534663407 
216.1421936454592 -154.28359454648702 
230.10769648519775 41.56836658326875 
-14.374610022253178 -22.702277437392667 
207.49745993423025 37.824879330662924 
135.2297127781265 -53.138396711594346 
219.65136154280844 -11.523519639512479 
25.396616762756764 5.403592160551132 
0.7963632256156035 66.23282482672845 
186.8946514664815 -36.537895969858994 
179.5304062941128 14.320165213719365 
-7.0585609055027385 -74.23712152143065 
171.86987538113087 -8.355589539250447 
41.10037566670545 -26.091065381261664 
28.16534681755302 -67.052140039885 
-39.07061971163809 -16.76728503897715 
7.031406208116632 -4.310246766930718 
-0.928496582039751 5.82967962186325 
182.14861126824243 -122.6755270453462 
148.2405995481445 53.67772673938124 
4.554844533739506 -21.800360882493763 
198.04062499693478 19.04829178403579 
257.2007980984449 -32.32689948027109 
202.87246413442588 60.9144115338839 
-54.16696362877848 16.79794177212968 
-7.471701547052111 -1.6801801179490945 
-4.58254633001732 58.38587194876822 
217.3600961333015 8.901900198099984 
275.7494506981317 29.959066565316885 
200.44127393782242 12.295651095923395 
-12.984857893492714 -9.82380293507083 
170.78686756522433 44.94326436706624 
-2.97385136517136 -10.206450698458706 
196.78569566805456 2.4348007067145803 
164.56640863347087 2.266805332667194 
204.70276459101757 12.45849011107339 
191.53104706263838 31.140585029947005 
205.92473001111432 -9.574686752401734 
4.510097377365183 19.15647636863579 
-5.172563859910439 14.440574706435598 
35.32122781307848 -1.1548670514023829 
-7.03652604563361 -0.9591831387781352 
159.67048809383704 14.737416939429377 
55.69768617184755 12.261054100928813 
226.6513220806168 -15.741891185628738 
183.08887046503398 20.523702117241417 
12.420859910358441 -6.849273264784163 
162.92377359248746 29.423035188624343 
-2.073554248187442 -88.4665415759877 
-41.49813373604301 -26.103982028721408 
1.4646876907483395 15.856018986255975 
168.60605758321537 -4.174477609153225 
263.2013574421849 25.633201215753463 
201.45460933436647 2.4007992003377154 
-59.5986741002204 29.092745430757834 
-13.117668525327403 -74.21181344334275 
-6.641355995439624 14.382115476685428 
215.2555297180673 -19.501123476425644 
0.19958016977397913 -36.83269882097808 
203.21963846753368 18.675079964178373 
66.32915536618013 -43.30272346703007 
195.126975411804 -1.6412989842249088 
200.98449798469215 2.8551266784989817 
-5.940632567783516 0.9222971607417155 
-31.678212427548658 -4.359479522643942 
240.27809842646352 -66.50779386611036 
-38.40376012962784 -22.58483413255978 
6.529814013210759 11.798118762289594 
164.7974434680124 25.29369058485431 
197.73530041307902 0.4323349591062886 
-7.987844889809754 -12.001333271286223 
32.37640052338735 -19.737792672128258 
0.7063901084645478 16.00427212503178 
189.43378276435578 -52.086097474201964 
-14.75387841173003 23.854942013095577 
206.3892941005543 -26.04770245471217 
259.5224845847731 -21.008751650321077 
206.3689613387573 -29.649033623668856 
76.44434864874086 37.24027090917095 
30.457321290972423 -37.974660389881876 
-45.86562262468161 -4.848030038665483 
171.43747275345413 37.188796445623396 
-6.285788754982926 15.090174969395026 
241.17435598525825 -35.01263080930517 
165.7133599027919 -55.4114184407714 
33.9950425394367 2.856732043349869 
-14.399938198504927 3.6387011617833322 
223.77782951995843 -73.79646079741389 
46.78511050298274 70.17590556833471 
58.90645372051734 -6.725410031225887 
-6.819425225657627 5.485011875756552 
-0.7822238021946247 -1.9226946526255582 
62.28763853306261 6.346053172880831 
197.79580994079325 77.66511886792092 
193.71137817452652 18.225957302417832 
211.13652307219556 1.2529294281383039 
165.70998526813534 -44.2074531217922 
8.902309504131887 -3.6776374754300054 
27.1547421059856 -16.806901717798596 
16.15928966592884 -25.140097741122432 
7.718900709155987 -26.069421288308934 
208.83817662018825 -25.996899489605163 
154.55575245630038 -16.212577674085196 
13.010827654590441 -12.05969087623698 
283.2746164446395 28.02944976186426 
199.72141342339418 -2.643815784059472 
213.14947085138945 -22.125399876370626 
159.80561696335707 -34.920498617288246 
45.694323883739685 -42.00123188595564 
-9.694583985977793 5.848299587200511 
19.1674381569516 70.21635100142261 
210.17374557217985 -38.30484158302965 
140.25141184317306 3.4415930146152847 
-12.27533024026295 -30.446631097822294 
204.0760404766608 -18.32842073869165 
271.7204666157876 0.0983852399659388 
203.69900565630903 3.6782664697433916 
298.17594446108404 2.812245116962534 
199.70168744098575 0.5883374540981496 
200.72095687990424 -7.194362354539517 
180.25352679417983 61.69186925932501 
