1.0
0.5
250
3.7547980595579333 11.869316008341546 
201.94877624602574 -5.069828186424933 
2.044010745371477 4.346779901374967 
172.0550051874809 31.963319074220976 
10.491541572621639 16.32074178107282 
233.7472208030495 -47.85859196385849 
230.19774934745695 6.726282912583712 
258.14772154496717 -104.30736219095382 
34.45317581516526 -22.070758079572762 
211.08213041394606 3.9704412880088404 
-36.58940515510959 -55.678386765591156 
107.60897179416055 -10.852102735263067 
233.1932233256407 6.083604243601262 
7.547661984607303 -25.033670422769053 
230.87660127841687 21.74687420456036 
230.6559313306115 -23.685930715092532 
-2.3873947597026435 -3.0929867175875545 
210.62222499821945 -9.161894800163944 
3.269371808089616 -5.121593487073998 
1.4640885700445314 5.623275183951715 
-23.79323713061151 16.465359482046246 
-15.143663702755083 -30.970507074408822 
111.21347308640127 -22.237490031726477 
326.13789104660754 20.0504067095011 
-0.32210376700848026 -4.0333794128173075 
22.15835414750133 -21.407247778055964 
212.72610241985336 -36.711677348167186 
16.17408578059633 -42.643810932396704 
197.52705473783422 43.93346507889029 
233.32256542384275 -60.353936421816904 
196.2289879961649 -3.804115667649392 
207.25776682261943 -90.74372820197617 
236.90120705611267 -33.70601514590992 
240.99533420976832 -40.919957376333755 
-23.7891637645978 -41.52675784692979 
-35.22928541780337 -10.40313748537107 
-5.122196325288427 -50.67787131451236 
13.49459629145636 26.268471502505683 
18.917025923317688 5.048859808760409 
208.25244979109755 58.705854630758104 
20.63841889413969 1.2655560547024258 
-10.694803542430256 32.25302870146898 
211.50126733155335 0.470348702657875 
207.1185130740128 17.828310173702103 
189.8335421372834 -10.594619137383697 
193.2894671061039 4.524850503070072 
200.7123730095868 -25.682576855639137 
219.63263450696644 -49.719551109991876 
3.9779666936492144 -6.504429551976812 
216.2146130370956 -0.3235935771609934 
5.044323818793405 3.3935783022726396 
-26.637629602864283 -30.468517201300354 
-75.09417132866614 -13.392513710683797 
-12.384815472349993 4.781157738510406 
-15.648221596710783 12.204508691556146 
247.35998461720797 18.22811137991574 
-43.564850568615945 38.52309139593914 
211.6553137351617 -5.439396999323199 
145.03922197163632 47.86829958567827 
288.65858092263613 -51.9698254346943 
214.84582700422783 8.165557493786686 
207.06673895108491 -5.946910627086763 
212.79009781548604 3.382174529604505 
157.83252777967692 -29.887221790914232 
25.57542391249646 -1.313871172156959 
214.61982600078971 5.2098199794929165 
17.182485986773514 -57.00471429237846 
32.99747693718689 12.524599086400054 
163.49060053928162 23.42374241860663 
331.5818661705342 -33.07579829345327 
12.859852425865801 -21.039152912829834 
223.87577259891083 -23.713595644434754 
208.1103739481082 -0.3459546880995674 
199.3215958262524 0.7877886893083742 
197.50294453091738 8.157055593610853 
182.33889662679957 -36.100825354763224 
73.9644535902652 -0.1449914250155335 
-54.589669440255285 25.161993163809782 
192.55329096976237 -57.147825447393274 
1.606731958602995 39.76002261137723 
61.5418966022773 -107.67172215832781 
-60.69035053016576 -55.311277874664746 
-31.74385242559607 8.495047845524544 
7.319111979182623 1.4841720893800674 
209.50385094586738 0.79042191419731 
221.09639842276187 6.334379573628137 
156.729820058156 62.533595408036255 
183.58271494990527 12.770289340338289 
182.94027391281494 40.81091214539017 
51.40143557185535 -25.26362280543593 
-2.966244365287007 -43.38692088773597 
185.6090541550939 9.935223570220963 
-1.5872983036940875 89.55196770726977 
-4.913521217206368 13.139837000051063 
189.57262647072145 -37.171203541422216 
199.1723569677786 -22.96646554164075 
263.5918738747415 -118.84856577823697 
78.6284201678596 12.623965737896802 
-0.5522701085813507 4.561374364749576 
-53.767494767579365 1.2438732747748171 
18.56216173099257 20.54860623969238 
15.107272169559506 6.806436466761564 
161.23592602851568 38.302383518171915 
215.28549992566013 -14.411454787715067 
212.5522474310594 32.21147999900642 
199.77670888014853 0.032805188783355387 
46.440981837983514 -40.88011841524946 
247.4383339098024 -39.678927964533635 
170.96071382415028 -26.83321064697046 
-1.9286173595911706 51.73578859422528 
189.7888998204758 -54.999309018066604 
201.48328565795944 111.89438377726005 
10.97858400252151 75.19352537030286 
-27.560279836061365 -22.409244685778923 
-0.7659760521772572 6.519677029483272 
214.40080723244202 -14.459034968628515 
-5.068140708423951 -27.30770715239211 
15.76057681479156 18.486753998384536 
-43.364723317012405 43.150146835716946 
143.2530155262805 47.06116147043967 
251.37921022155157 2.074893576529162 
226.11185914993757 12.326900593197198 
19.11386176497826 -38.7717817285261 
211.15905877704202 29.526305061229642 
184.58583630004966 -14.885469009285869 
86.60589702051875 -31.88365496706408 
91.73942781892053 -25.660270026862054 
151.72596039621632 -45.049106711638096 
54.98046655212101 -41.77740642247753 
-37.45861516258023 48.46177945856684 
208.8797868929718 -10.93113038838033 
237.99950131432968 -34.904278677889934 
-10.42568383858001 -10.444891895953152 
42.944597776348935 24.73520927455716 
213.0745034531699 -4.384291600288079 
-34.05735697448842 105.3010583062602 
-3.5560224326922736 2.0279720244864357 
187.79843234076156 22.169084964521684 
17.238759651995842 -5.310022236247263 
199.76735291963053 57.82546586011441 
-5.003200780582021 -5.096348226851119 
226.7014987352694 6.766260724522434 
209.51017015368484 9.54254648772944 
204.03514129220332 17.19112791815011 
199.8949016183095 -1.2942808714780345 
-24.75366977360569 -24.31198370096672 
1.5268843329469088 70.6358912362275 
46.089794627624165 23.919511191446663 
202.86530786169018 7.587498225205589 
-25.81998696525274 -23.299502398521525 
10.805361652816673 140.57164136341913 
200.57335587990653 59.50718581378268 
129.16285747402065 -4.369163520778407 
151.9671499791682 47.07207729837305 
-23.604363374086255 -46.166001382908235 
194.03511596423365 4.419130001208498 
0.6097930230324716 -2.954817893121512 
-63.937144565043184 68.62643755851165 
218.2783162702319 -39.583330805408465 
-6.385734811047423 20.053671740150676 
-65.58877156017232 -116.11522049694594 
-32.129799095112716 58.6928434887968 
135.3262697588957 28.19135474761619 
294.06947966891994 -14.904562536949248 
-75.96668346357812 116.18068843924479 
201.34768166022232 17.242036678013623 
-51.244823555902244 39.25449076761071 
198.15837913974883 0.46337688875227956 
-21.423772303125073 -28.6974741463348 
180.3860227013769 54.69071823594843 
299.9343106103252 -22.87985390640672 
200.70269006415913 -2.367796437125472 
166.27476616706292 -42.2443512557063 
174.17627657279252 45.86202677590299 
218.69032939246003 -53.98812588249139 
202.92953029126983 2.3036517749435226 
-10.413733461252592 -63.52402018374905 
64.35092627668531 -68.02171201600045 
-20.987376986965792 -4.3432988032154825 
164.6691087807654 75.44035199081364 
230.02735994799025 -22.607638903178394 
202.247191951115 24.381698247809176 
-38.11506992009352 -42.362501746830226 
-29.63989392873436 -38.48221653611427 
165.4693992168405 -4.555516589941374 
240.93614352451112 -25.775526567432877 
203.39012265356828 1.5638891554648078 
211.19014774205206 -10.274968870404633 
2.9047888097641064 -1.5415689188277744 
114.46617804273329 37.43731225831258 
203.36930609041858 -30.160878286330544 
229.1098228719179 -7.935785973945417 
43.54446503125672 4.746152905148076 
-8.377140006034471 6.335996526825718 
4.341731427934938 6.519341704499599 
262.2621469276886 28.39357494910643 
199.2771757096401 2.007768873769316 
186.5320413212608 -39.09271977071366 
-31.549340803175372 60.91185523063595 
194.94666359155931 -26.591826991093182 
205.70303105125734 -36.3254342732696 
184.64380333191227 13.21992787625594 
162.7720471811455 13.15067928320967 
171.4817639792755 -2.9628304116705504 
42.86664768554136 71.8034311755611 
-37.10995965916026 62.24552721194858 
253.82408337412724 -0.3526876605860956 
-93.61056328943825 54.76898217038871 
175.48988648445308 47.858975010292724 
13.326518279978442 24.48289749676273 
-9.834198958942464 -15.51111767545364 
141.81651404810046 28.3464689623869 
178.57549109737457 -98.14351531076191 
1.1424566526540354 3.7595047285842846 
185.0549397959522 1.4552839887508817 
206.73904748549165 -25.879372901822666 
235.56386549274384 3.680349137068824 
199.2979025287279 -4.495470843574499 
231.75398360212137 -14.713354142601032 
-38.89143971268653 -16.712825756210663 
13.814319226593538 -3.959078446609406 
76.83176202478957 46.23948503360157 
-8.894687256833219 -0.3189004376793677 
1.1869361244893388 2.3820600369516334 
-21.780056262786896 28.73645930100442 
-2.97810315018684 -34.876687162980026 
-42.201370734744216 -15.742237350709258 
-6.277768402729648 -40.158323530772485 
219.57083475539022 -28.659346392137802 
-27.978278710826565 -38.907578516270796 
201.12115745585726 -1.6164088542962984 
194.46674541043487 10.579550064402158 
229.49351997149975 42.464079219897975 
-3.705486548933471 -10.330198915211144 
168.46655593448645 7.874073521394318 
-64.93494692289963 -26.110289479787976 
-3.901156762863972 -17.64309953644015 
209.88229491984927 -27.222357999028137 
56.35839626509437 -27.799311155749688 
-33.39603195071311 64.01477925707432 
-48.009007000822734 -16.566723070074836 
4.782983370551166 0.8067315477065147 
-90.50440034661352 55.69428773624019 
30.000124305669793 26.87329705114883 
-0.9953771689742216 -45.578880609764916 
0.9517490147938797 25.725075505574498 
187.0819380559846 0.7076395554687948 
-10.553043619605697 -71.73669586435332 
-20.320842795462756 20.294493630051456 
184.97863802104646 39.33430731869248 
