1.0
0.3333333333333333
375
30.191757593608866 -19.83064532208416 
2.007814930058677 0.25206050419302034 
170.13513541046993 -9.606660723894832 
40.08288280070651 2.953790462083862 
40.42112468855504 12.926238520132669 
-22.337993329512592 -0.7048071195066371 
265.931981357543 126.29805329554986 
203.5203018387415 -27.38246857173436 
-114.77743138173736 33.02512311206512 
-0.3739771148085627 -3.5968315333353984 
221.55064206104987 45.881882312181475 
117.71507422730014 -29.335059080677972 
3.4108478455609554 9.317506919961792 
-2.1295567536649864 7.062908242157848 
16.41691409807766 32.935989504408866 
246.40047268452435 7.089106410322348 
193.5986983661948 -50.301050257251234 
84.23842757946582 104.6513431854068 
219.69940387885848 13.150302487181582 
3.1924338274057034 -14.079704412358852 
-0.26676111091474175 11.430951750035641 
231.27850149617436 -0.29886477329912564 
-4.732332816887653 3.527410625031378 
4.477475819747215 -38.02994459356171 
-23.18682191777035 8.922437611859868 
-6.82330799222816 3.3997159646818584 
193.14821912350442 -0.3912600425907517 
-17.176939485576465 63.988683851670444 
-0.5303140751558056 -0.29110355905564517 
-7.006121003136033 20.767866019920845 
199.09711052614952 2.078165355857357 
44.10466515015043 23.108474122115783 
157.15124928029022 -134.3189984278886 
-1.266180292501937 30.14702457567811 
5.8929315567555 7.340083672718001 
216.23279459742326 -14.187170458250694 
202.34190788827277 19.738678795027642 
190.4048656475206 14.372167802993783 
66.10999561719117 58.340117252424825 
193.24915552287632 8.916791128865002 
180.22206109209628 23.366951577977467 
-86.23800151251687 -43.64033047478767 
-17.888658617039265 11.929487523848563 
-23.39866218898435 -3.579906920571735 
-0.43096687582727455 0.2769786315265377 
-25.28340581168275 -35.24440279209332 
-34.041093398939935 -8.566662551245246 
222.52391723735053 -25.931495998272357 
228.52665997961165 -88.7326846369345 
1.9444248631798968 -1.489107610650795 
195.9614784654269 -17.717065013935358 
0.3246295214319098 -0.43413739697470016 
-6.387745511485594 -2.058371293629304 
176.92563455886125 19.768888450891268 
236.1347873549882 58.157745078162876 
186.04771051676423 -34.01279661789011 
-2.3923750052958317 5.746007325142902 
144.935849902354 -20.905146643084485 
-7.627880225589298 18.506631253371275 
287.4216224960946 16.403572250258883 
40.07030118791977 41.657790099309544 
7.982191307926261 84.97223776160138 
145.13614286964972 78.9091892348598 
34.92843027907466 -5.134670256277263 
-55.17429366720055 53.033755934272236 
203.75633084474006 10.11923570343198 
245.6983741670398 -16.516968302896682 
92.17166056250386 16.055746486897753 
-29.802634999530543 -35.20108964409578 
196.46881448365713 -18.70243293595462 
192.53127319844586 1.8845921450201535 
141.54864391422475 -89.7416604976972 
204.35686477620928 16.67253966988134 
164.22532032148362 -30.657627298376358 
-24.344960383337206 6.6928688550250515 
-20.835891321290692 5.117562743697334 
126.82900442271918 -93.48754693981272 
291.25624197240836 -15.538038712500315 
173.1665006496687 -20.419521104566456 
213.1179092634134 8.804343125639344 
189.47456756744094 1.6982016114450935 
-4.437907432220429 -14.558113479722744 
290.30333315436025 9.433282070922134 
291.4810439590866 18.821245804517748 
-22.131520197702095 18.571775103935405 
134.70655334219896 7.948810501835288 
200.07451956218787 0.44236151864731327 
-0.5708749302516293 1.5006490685457947 
254.49192041247292 -52.32508945777367 
201.71855222538062 -39.34208250744272 
199.04397616690832 -8.581272495307006 
162.34570783381022 34.72442317892509 
1.3245729352245228 -7.368600354727325 
10.179662519277008 -0.7635858462693147 
-8.54772726693076 3.7959586265960743 
179.39115902871126 17.833939411568554 
-3.383213272636399 16.433057479949532 
-28.371820277753276 103.83135705754815 
4.361189851917556 -7.82821497334545 
208.75255970474996 0.6323052073822732 
198.2571552046574 11.929942776891947 
-46.01435627590074 -2.3634990570857055 
0.7643614408733764 -3.8607073018503213 
192.88501798252975 -29.54460764736103 
209.255100551953 -2.6383076975210806 
-23.994355442566153 -41.646829101879575 
14.808987276467656 34.58135405059462 
181.43448867410282 -7.8935319329742475 
220.7762248005031 -42.2590040653163 
201.50773385800585 -22.41760467739558 
-36.049133050878474 -25.40949326362034 
-9.374385901431122 -9.341652135539594 
110.22802200465382 -107.84585682130643 
177.43503079132446 33.18634729139241 
176.22487520187948 10.566184288019604 
19.74826986707598 7.977288328707617 
215.09079327692146 0.8780107248437187 
-110.75910623568181 83.38879004581695 
44.02379906069945 91.19371053854891 
189.8465028756506 -31.650913127595867 
-87.42553498347989 72.34518492853186 
-37.61636053434683 -66.96252343727913 
14.430124373986834 53.52206353926482 
2.7948659613133575 75.21835395681299 
211.15159792472386 -59.148237041204354 
-1.0289952592429632 -4.3188264736136475 
221.8355633707852 -88.82695553573802 
204.07481771806255 -14.683531747601496 
248.89081738025288 50.20544141405627 
149.7983496438303 28.056210698005234 
199.16533994618112 -16.547522126853178 
5.372814204725405 18.538417407988902 
200.3180822570984 -0.2633716028621676 
100.42626336514672 43.80253790479948 
195.77643626730904 10.111792065848114 
246.65552577542357 20.854899875589595 
181.20405632231876 -3.3930731785800434 
41.31485855718812 -55.84981351901047 
-3.1498679526234623 4.4741680403043365 
-38.82147671156547 -38.89912606054963 
-13.38616654360254 -27.086006813480672 
-12.090193945578289 33.34128409637405 
0.959386976927667 4.445839979416535 
-31.87378712033017 8.336517578638096 
-21.943357846137573 -89.48716604119474 
-61.95405579477276 19.437428807346503 
210.5705333495586 -24.24736247546969 
6.427242331313651 -24.021958543582556 
5.931865380054135 1.3875997974661511 
233.3607245494991 -7.802108402064703 
219.34014162952107 -7.386715215314251 
37.258737009398985 10.896294611410019 
20.270429798197235 -9.73889517898512 
11.123971505007836 19.000459818319257 
202.14670749439838 -6.583022018982864 
-1.8704610801464914 -0.6065790782002127 
228.11956841510005 21.296728949711483 
12.907331315581468 -8.85840317971966 
240.1318932995273 -7.699325091270224 
-11.27604418579319 15.274468934805576 
177.27274206892037 16.789798422208783 
34.953922836950724 16.254948900830236 
206.21297472611522 -19.0492394638654 
223.50681364921414 3.0541528482368974 
181.79238244374568 -31.738988746119894 
-31.098126336136634 -25.17185644938454 
131.825405184925 26.3652137352649 
-1.637067373458922 27.073059947572563 
178.66926297740062 -12.694876979894673 
187.40434586870472 0.37914442110893154 
24.11238017898924 38.08669619016215 
225.4483043789371 -2.7139901172969534 
222.9347511327328 -14.709410073185131 
199.35072996177686 39.82535747565176 
-9.021311803655843 -22.22971852227338 
-16.196437316289565 -52.71817930525245 
195.84455874610452 4.764055186099146 
239.8474854803972 28.86808530433474 
18.5437715249097 29.942500995983508 
148.37614262877523 -75.51539644583303 
-2.9524125374240473 0.6342669753447997 
207.22235151565374 -31.13168386305776 
-48.123087669634195 60.99261472395817 
185.66095190583295 19.500748417891838 
222.2232867334517 44.14298048817067 
45.55617368261455 6.502228816506 
10.080087175189037 -41.12080440447677 
262.45270192749183 -48.343878400147666 
36.915800535364205 -9.50638246981404 
-9.095281560927026 11.436409374418359 
1.757733480392207 -0.551516614572583 
173.41797899329995 -11.524494190019054 
197.17891708139803 -7.706485023309784 
-65.59078643939984 15.280925034876656 
198.47338554271724 -0.8242380957081509 
226.21098261617206 19.998688259791635 
192.83389990310047 -10.541311383430424 
179.86819945761192 -12.785208147385205 
213.5370524284553 9.65472259008279 
199.56523879462904 -2.104129143004439 
244.45548063147916 38.53272321854702 
200.58663672244452 -6.0556640709435765 
-23.447511868818093 -27.275234322102968 
18.455107338847615 14.862495728788252 
223.66645313480865 -66.78295574983555 
198.65205352322107 -0.07656363317580132 
199.57917897762016 -0.09957374052803486 
-26.823695412900122 2.181018111149692 
-3.9934947848318276 22.480363786996758 
33.29645389904039 -8.293271182738378 
3.459113226789053 -16.909326199030584 
248.79317317684763 -39.287315417676304 
-11.462892062160078 85.62898104809666 
25.220906563407077 37.236546988236164 
-0.620720356706411 -2.5619665412140544 
233.01778339264445 -5.693308614534851 
228.5319775379592 43.801988309737865 
156.48486338810775 64.58710256396674 
192.8536863863551 56.669177504366054 
-65.0442527326777 -15.071864561126779 
-25.29933900747147 62.36857914106441 
-41.16452795453975 14.900605946993494 
16.669810076026042 -16.907638538517514 
201.3505732016642 -15.98123551533636 
-13.530200871273331 37.990886600668745 
-16.84969875580381 14.075991331131164 
5.875279124004435 30.989648831371703 
-38.59113922369761 15.110544904395908 
207.5990860808245 -2.516877262670175 
-69.82243178735061 -30.70358380405754 
197.94507963178665 -3.4614425903969583 
144.6104821006077 -16.04549107101153 
230.26490994121684 -9.719890185651552 
191.84050786984596 -32.054948932341816 
192.17364825056373 -3.31495278384849 
198.2396055747387 5.650344918230951 
185.29368353174704 -5.036087778101959 
197.641489507009 -2.5350603362527315 
203.93723230874176 -27.53404543182778 
3.5810998966064576 4.659835526413839 
169.0529670919441 -109.6774023437556 
170.9515732105918 -28.68118880570923 
199.60446473348418 -0.06548091430384492 
176.9725502144705 -22.83980956154986 
243.50962083213724 -37.885176907797664 
15.074912820009237 11.529607634230482 
202.72024177542426 8.524456130707367 
-7.235356156300138 -98.61036819426185 
169.43079310651365 26.408491145148968 
46.676849036739675 -43.18038620887107 
153.08928378008733 -64.64444456407189 
193.38919689101368 16.591269004243593 
205.57730854736985 -1.0702523497613015 
-0.7300003436468172 10.990190566625387 
219.6101819410423 -3.0992986877594726 
198.9978515387334 -28.76735629368802 
12.153104924587169 60.425195894849836 
191.529385194785 23.258890812034274 
143.87146431706952 59.391834315463576 
253.97517220295003 53.39663411814628 
218.59648785210834 6.184007754707579 
203.1164706556851 2.7224947018372125 
275.81537757070856 4.544581533389047 
7.347833429348637 -31.254991710329925 
76.16683223295236 56.65494039508335 
193.243536801153 8.411999230638806 
34.64732657771207 -69.5213956631874 
7.681340993870971 -1.9857047555011782 
31.492801953373682 -8.631118969606534 
-73.51983041537773 51.6361509322872 
-46.23412849783526 -30.692961271742018 
245.9258380158139 35.28096352782132 
30.729100365535412 9.763871232114447 
212.96936372775977 12.43038720823763 
206.25423561983757 25.36861785418826 
-54.57434838230774 -30.89174687888227 
8.294334596517905 23.59956437552983 
200.41932555346457 -5.311672577166466 
201.73572479395082 -6.496678977730002 
219.25780207969785 34.155489784802135 
223.5723689363054 -0.9585403835074797 
-15.940282177849411 7.894571649103906 
0.14880671165052148 -46.359918416354034 
11.022815320481431 -14.534801154305882 
233.15977425598575 15.03578989946091 
64.71690793442586 15.567769036675449 
184.05599469664338 8.981443549907755 
280.884293612125 74.09126196904238 
197.3138191360289 1.3185681002565837 
35.0889886290686 50.45307595734504 
-0.45446232917537055 5.031529250140953 
260.84919676804253 -26.98167002274966 
2.510528789403438 56.35331175637366 
84.58651049006797 47.224658416469154 
-27.797546237230165 -7.815395174342927 
141.06326366795886 22.496791366697774 
-26.16342799699339 -13.824984975220982 
247.2244308314488 -15.889251243804658 
162.3595568906332 19.034651398965956 
-0.47631875012013264 -18.48547488048271 
220.04005727869006 -55.48139249089737 
-40.608626310987276 42.67546303039889 
199.79734466327358 96.01211628293403 
199.30210672013956 -14.214397300160607 
-56.28338519493447 16.38854842099046 
84.83835201101608 -61.697560785045646 
0.7419040163574026 -1.1118907147418335 
85.41253417196344 -83.83266710874288 
-29.03403584915616 -44.95192471641818 
249.38690619282147 -7.957124712518446 
0.027104654181926584 -6.783188912718286 
-34.84659892062904 26.703039341794806 
56.02960252599411 -4.998003726243621 
2.374020814326622 13.745429471749063 
-7.051060343233962 28.12048082955749 
260.5311210814583 60.632097469399085 
52.18458039239571 -44.24099611248061 
216.64771993373975 6.666687372508925 
-139.95955003234982 -133.49722288539206 
194.0833277623281 2.792418619597064 
15.734854339157396 -73.74309602694319 
175.0343431916679 -15.331120793715527 
-26.982649935496024 8.20836689052144 
45.98396523807546 -39.82192913450715 
15.326965979362287 63.62869359506044 
170.0015726528621 5.287087688106807 
197.16374216563602 -1.7100447919032684 
-17.261329167103984 -32.606270419868856 
199.37487823096413 -0.4335601739164453 
11.826979363658678 12.183216813115651 
0.4828507870365765 2.721769559782386 
160.60680665436394 -36.419053770189834 
41.98649811792152 23.291498942774243 
189.59629034113175 -20.065974629873146 
0.5431807758065278 0.021218522475844607 
251.98905597731425 13.227428166691437 
-7.664855132847735 3.5915348073424367 
175.10697961201683 -43.25112685731698 
257.0278172363168 13.137320270658174 
182.51443598578476 7.377472624525983 
-33.96083633808756 -5.250855422213943 
-43.043765159356795 -23.893959738031405 
37.43377588268789 34.9661315418432 
-0.2840969037665104 -7.568281495822838 
189.86457486921296 -1.3466726942480436 
183.66645679420645 -38.68504728407413 
235.08272188203554 -10.481416909881295 
56.351947441513516 56.719698286861956 
166.97227642257275 19.478758072820938 
0.23417750374199572 0.08920315110280015 
243.76347306808043 -18.83875155863734 
-12.817991220211372 -3.430420190240453 
55.36370152598489 -69.07554629994792 
-45.61928707201328 15.277929351113581 
2.087352366562459 72.54418939089746 
20.278518693065816 3.2054599833251842 
-27.259565588877567 -19.903692062106074 
163.54827912120808 -38.684095361078114 
24.002727692411508 -2.0824434540510945 
224.26536260792696 92.52109934009292 
198.32034602554333 0.6436067636830729 
201.16686990092546 -1.554164465240783 
189.80206195699364 -10.855168426080722 
182.36734519154433 -34.91606563027557 
35.400751913394416 39.141747246796704 
206.88947621153392 -11.041663900809871 
163.29943438932287 -5.285930897682742 
147.5213025375619 -73.71043827772425 
17.65883068401365 -38.46267962901616 
229.5205727469178 -21.89568627410486 
-11.341065220055587 17.23384935110144 
-41.44635563558946 8.10406622554195 
-78.341723683464 -40.9930431721163 
6.435116288931717 -8.616464936350715 
-14.261828981652206 36.32599104609667 
