1.0
0.5
100
52.028375676772285 3.5973149533021793 
4.90574088516439 -6.113309920983416 
2.229655709935659 -55.51796554851046 
209.8448688781705 4.369025110751267 
207.80377258612128 -15.5282242809225 
198.60141656380313 102.07104046161076 
-22.242022290243888 -22.898306568954848 
213.06357437960995 -26.067949275543484 
-2.9784590551452377 -55.65712248640065 
-33.34182088297837 1.5350998315997963 
223.03906551831324 -2.671589823119636 
13.705355650938332 16.213962825074223 
167.97918053555819 19.7462148476575 
62.40624198471368 31.68245758695675 
216.36489794480215 11.916392533577023 
214.28009424691544 -4.71944386957364 
196.08607645471253 18.598070021141698 
169.50705671317456 -28.156677429190008 
207.58174613733584 37.93166066691694 
198.69803455560668 1.5170833936824897 
201.96460053571462 -0.14844142600636007 
175.6408236743839 15.689697047716127 
108.52253330364324 -30.68553194212677 
197.28913122750401 1.2442191672446032 
-10.132248395054841 -32.925109508794066 
1.6614293712761175 -2.6757724532211586 
9.798309232564415 12.958441203762373 
9.468175846535624 7.249677844287787 
2.0896714774823484 5.424061292408907 
235.17413504934245 -34.91374480582122 
268.3526211816937 -25.191897206801432 
178.10569539625357 -17.912119621402205 
-2.8453276559807184 50.778703421499074 
224.6767776876975 -0.7483270513589491 
16.550353638696848 -37.77079303987229 
0.2918882720976799 15.841560182871463 
-1.5531207420614757 77.27839955640529 
208.26286901972477 78.37477248196886 
-12.775084196122357 19.788663284350644 
210.02875214439499 -0.27090023086354553 
-4.978634151251852 10.612096974941881 
170.7912188845861 44.79122849653145 
-29.023173770326256 23.11550845035732 
225.89238363341693 50.86392800161182 
-0.9977404416528635 -17.170722800940286 
199.92533808267657 -0.6087489202453363 
22.845806329982807 2.381744361620818 
201.42222699502668 -35.443745876504195 
167.0473812247884 34.454763501641764 
-34.739919841731485 -7.151077725491887 
203.29952840897363 113.86753055985537 
77.0797166438156 75.1436483229794 
238.99807062331195 -5.900188467781252 
296.16719887666136 -101.2117897850297 
239.93237917280084 -16.744983501082597 
199.8728844992708 2.8507473341120297 
31.248005675048095 34.833194378981794 
146.80942493903763 8.315580194229504 
192.4124654146008 51.24784262416681 
237.47606657538236 -27.65129288651755 
-4.564205191096012 -3.8681149029575383 
159.23125672426295 39.786628520894 
-3.1530725497488636 -106.11575995868058 
188.44861437545254 16.46621472706661 
-2.4141617826596766 0.7118561270514147 
10.216035988411642 0.7817057520819374 
2.053410060205272 19.065322661441744 
226.6402202231923 20.49505101159268 
4.964647073380587 41.1367715995683 
-23.634095779241573 41.415149682863614 
255.09449134621812 56.735837217105576 
190.8138338004918 11.50595124746874 
45.13104446532694 12.254783213061438 
-23.519411560739783 -33.85106920772043 
27.4144774916699 5.927971740751361 
23.223172514550946 -22.280601198651592 
22.445691445956797 20.436321266535334 
2.632405812703805 2.04835695172048 
-42.879051805569844 -11.432664415674717 
173.74049696109128 21.369212380410087 
204.99295714281226 1.2369835377116931 
1.9826078343629119 1.872795169119761 
-79.23219596851013 -6.470140804644835 
-2.875085651138173 9.984742076047132 
151.2437312126725 -10.970264784547567 
-29.293516667805626 -14.441038098132053 
186.2372761725227 -41.12845390230375 
197.96601119141718 -12.871817633440342 
198.84547048213395 24.532885512351893 
197.01791035885537 -0.46516791045364275 
207.2831177452777 -36.266784834983596 
182.4226393361032 -6.522016619155511 
189.7741073194976 -14.078369802507892 
-59.706270462422076 32.90672439707975 
31.414552179397432 65.85639108950632 
-7.987032814167698 -4.465468765037911 
-4.839979460740525 33.34841996115697 
197.15124670267028 0.5447492764715848 
-80.47357696937141 9.284960262573769 
298.5568983534256 107.87382741827547 
