1.0
1.0
250
-13.062245852535456 -45.507135608123434 
112.6064358804246 100.2162896602427 
-19.868078614694063 -17.456666909266186 
-75.39807647934258 -77.18608650822398 
220.5740940877095 -23.540095639645443 
4.175114771478998 -114.68836098914859 
12.651118044761942 -3.8595588406402523 
-9.501567018144762 -2.1930326903407042 
8.061173143915234 -11.065529705239861 
10.294005178954217 8.658587191807735 
-31.699799146220467 62.508369658324256 
12.021903932295247 31.39785374326917 
-1.1165903678590148 9.904092335870889 
6.2828235537875505 5.095509669289904 
-4.690341634433141 0.3137643375008636 
200.97819764057118 10.128460549080598 
3.9529022308496056 3.5340524980385397 
3.366548348864515 15.39350883528019 
244.92589154289053 31.228389308171256 
72.16951624782881 -1.9418574211579116 
202.9428898300344 -1.9036813923193396 
201.33222751484428 0.8766105721591666 
4.07830006800307 -25.56573920767861 
13.084483956359335 32.91977978188906 
92.08251006469095 57.934215870267394 
264.06153023398235 79.43929631103045 
165.24921907815303 29.440481866812412 
166.6068440576261 -38.43360882468316 
163.41487689623213 18.614334169644767 
-28.152575231880917 6.699702547163317 
195.01237910488342 -30.081557899443926 
-28.484882451087685 -14.180930764110878 
188.72590637751426 -6.727586043549919 
1.2020463539129307 47.69008018186475 
285.52033261496075 -54.012546094295935 
142.62826449219898 9.35764365302677 
-23.1216160127177 -10.68615090503672 
173.8736557522872 64.28924929795599 
2.1922699161462904 34.423145689337055 
12.510958099953774 -4.887304711551615 
-11.936462321331565 -2.839332173691576 
88.2219825130062 -19.301312945356326 
190.41128037502037 55.230750228880645 
53.47876892979085 48.87663479131295 
17.219707943707412 13.464350250723237 
139.22361159836785 -46.05661125112785 
5.741175036350449 -27.819743708760257 
137.52417516960327 4.8215311126540055 
-4.811127436618917 -6.424303007126418 
156.2225032164682 -38.394191388410114 
-25.194681924491334 -18.542529151483027 
-9.927715150955429 -24.865050576906164 
193.65132984087663 -2.022803806515737 
19.01591021079814 -23.504236238878736 
9.770937802138649 -38.64890162128888 
82.34969071313851 -25.978946478880623 
214.3456718662819 -21.605690225732754 
2.50807372554517 -10.77767156178553 
251.79630232041455 27.898602304662912 
-26.215101637050598 98.20800712492 
200.01610486947192 -10.221029582345107 
23.106465812746254 71.3156842663627 
-70.2681440676522 -2.48529420468843 
234.00620884361308 -79.02407957486388 
202.91938690302305 -0.21051474226816475 
-14.069219764297936 -5.943369699960971 
240.55823680640168 66.50212504268131 
207.82770913827983 -21.181114195094356 
24.149708822855175 44.586614918550296 
-14.150709100694145 7.0520824775959206 
-11.469450421294436 -7.541187939201114 
172.56743801241643 -46.74158663995963 
259.816964205953 4.023717102740521 
-4.571701319273189 6.646483975259265 
202.53579566501125 -1.0446780211643296 
67.76032783560692 62.57554883077562 
212.7230482963145 1.3290525548298646 
-1.254731779764117 1.4099394671253684 
230.4094330702948 31.13178289007493 
8.69406101479537 -3.0845339346557186 
176.95860549974554 -10.857682250256058 
217.74603653892143 31.791711717798204 
-0.6239682475555797 7.634094243453401 
-0.18178826362749526 -25.33331408417638 
192.7595959844868 -5.32931759351361 
0.6996156004635365 30.000462415700664 
213.59232616652656 -2.0001438215208776 
189.65872746097136 -27.844407867530464 
-10.643431106021922 -19.123962193554178 
203.72242388283493 -21.95351551899936 
196.16957600427344 1.954804321512446 
3.3838109836588246 -2.3481052281469528 
194.02749132528461 10.629055441223125 
302.249349600338 79.97746850141661 
87.89626971164701 -19.147792994205425 
215.69991828042345 18.511576606550957 
273.2144553801533 -9.12752159313362 
6.4803688304469045 -23.154625047028798 
-14.85809308813615 -38.593299412963766 
215.13047716016777 26.680708093116937 
-13.068840739624143 51.630227755373795 
212.70688058859815 34.08942302542013 
201.19482282486132 -1.3817970642341164 
206.39501761637405 9.968864745499863 
209.92761045323317 -29.20659384612158 
248.2281212302093 50.7526079096991 
193.5311038159159 26.12433942572009 
67.6197147419433 -0.908461916902229 
215.72895764524347 11.911341625330012 
20.065964748919136 0.906731097209106 
-20.400395126495326 -23.18366210039379 
-14.89528592473848 -58.317098678836125 
-11.219231622620233 12.729982529807502 
13.804825812996738 27.016574910252587 
204.66557582455053 12.44804983400199 
0.19911576199152486 1.890987052670272 
65.91280464089523 -59.89548058231061 
0.1363494430283324 -6.106066375022668 
42.43054816174356 -29.050173073216154 
0.005546594070853967 -0.02862499244799576 
-53.89898153894584 24.11039315377348 
211.37969593277066 1.4868654781871844 
172.52431142661592 -28.293007899196517 
237.4548497582487 -45.54010741390717 
193.52598608437629 -4.020166279709918 
180.01724242177852 0.224864532859467 
237.56843108335147 6.359737658719564 
26.593659686564656 -5.243434440272951 
202.2530076353777 43.0908344775043 
25.81785070707402 60.22903836170881 
196.92929389405037 -64.18455391161712 
25.280751162336863 29.45896502409093 
213.35418638437883 21.2692458243193 
108.2651704282102 -39.432547304306645 
200.13725252878788 -0.052785605396006824 
238.75153950217563 -22.391955526458702 
36.19430975717855 45.861364687302974 
195.9396148555039 -0.6603044701744616 
178.29533046666026 7.926165661660666 
41.02841655365062 47.66718129421816 
-22.500271587875343 3.194453374412896 
257.55116888841167 -26.237888357922806 
212.09901731683644 28.896137902959293 
168.3151997346035 -5.666009582575739 
-7.629178796541665 4.530279969095454 
54.79846005425024 -71.55284125861198 
199.8292428232767 4.93914149154535 
221.4095530671289 -20.578326985111733 
66.94541096397458 -44.10636701778207 
8.057095063148509 6.245174889335452 
-7.714378323638719 27.199227006744227 
277.3545145332352 12.498338708970204 
203.4509828800359 6.3235928144059885 
-10.156579440334923 56.781526121481456 
213.7814577939727 10.638554528582263 
185.8868276000256 93.18338509404029 
201.75972734501548 -25.67523269893687 
216.2098211756897 26.31966598391783 
32.166426028740155 82.72353568562194 
203.99620420366355 5.2926672370217025 
222.09571157331095 11.529131290735016 
6.723790300114598 -4.726687771916267 
274.1221823707808 -53.17416897856493 
-14.91281976474219 -4.757657586014959 
218.96273341170544 -67.36591501597901 
33.57977507125995 32.781581120905194 
161.31343591188326 -24.52965202628588 
48.97325739011381 32.58758044218221 
87.4668987288093 5.785606565455641 
-50.52054296332402 -26.351391991211706 
187.98514216000385 17.977275463632793 
-4.712229264380127 -52.37649108468518 
-1.5255343981615626 -9.448416616828345 
5.96794371495415 -4.568413499986666 
281.5289926750139 37.271553693660735 
-1.819865945342037 -0.4573609299158211 
70.37457185850806 3.58270910177369 
-5.295038184297816 82.29881292626857 
17.756772720724513 62.32867653527087 
239.43584376519198 -11.085882047664775 
55.1350031031876 0.560491139330573 
224.21575954149301 33.7442337918319 
186.5965279812312 29.49856197287894 
194.65825516146467 1.5937131064404735 
-8.546186751005065 7.884994969853441 
58.46157336004737 -20.427287012340678 
181.5500278876335 -5.798206254871788 
-37.75524314760681 78.96912611274125 
298.658307923283 -103.07254839355453 
54.582062090623346 25.238328427116787 
0.23437353829186658 0.0017217482231577392 
279.37338213255265 -51.94271929550845 
238.76424372215232 -33.55637706311434 
8.423409430500227 -32.75132246549457 
-4.059670267930215 -2.4248176172606097 
180.47890912891694 36.01874453928271 
229.62295086748705 40.33410688542509 
251.3136640733307 -72.13164736534135 
129.39752898193564 12.952941839782296 
181.37911204350746 6.9638676489605125 
244.41468949668183 6.983980350781919 
200.21004562386418 -40.72970957877622 
-9.311591027602656 -109.75751900227955 
239.0515694963729 -19.822019488511717 
184.503201055998 -25.164548713137417 
39.94338208252387 -45.98199701642126 
169.93360702228068 37.85320337929077 
314.7146205072945 71.67300987136149 
208.47374799309657 4.311062183831587 
193.72208690311143 44.58721022316074 
12.224454066876564 31.614960020069336 
31.13603360451845 -18.033378713801483 
8.743379003940841 -36.05758484436536 
193.87785773717889 -27.376796998797346 
240.04869741331623 -75.19342147024452 
236.071607886695 78.7634710833586 
171.19852248860334 14.935890561472572 
201.18399497914353 0.6723322884820333 
188.95296042002624 -10.63694307349456 
186.06216901872938 26.551690722264233 
-21.54350821015186 47.087947320894315 
252.82668799035443 -55.000710726376475 
172.0089271360055 38.817787646833246 
3.8687525557277604 12.106507374726295 
-1.4600740347253682 9.73588261700006 
-1.0485387508144492 -0.709185885867017 
-42.259201210679244 -3.057079567428885 
156.6964715854977 2.22241563984453 
185.78743645082196 -29.7643444209999 
203.2991877615048 32.916735479504716 
190.33058681564975 49.491950484041936 
3.2120019962370603 -3.135699745566614 
43.628722772849905 -18.130498424610757 
240.71309033190437 35.04621428228663 
244.16379312497565 -11.345878822382085 
257.6123969358724 -35.557326326060334 
208.21507004130905 2.486397876100769 
-16.160206417748608 23.56346432962052 
155.04358815307847 34.842205693104994 
-56.362096617771016 -38.04971142173554 
-29.518660487887328 0.4656647721028752 
19.629811955949524 4.201304775327528 
163.17555291683064 70.42506746270091 
-62.09802091628778 3.356897678843753 
-4.704635248837254 26.727055575491775 
-47.5863422269495 24.3115941204161 
209.46783025558747 -2.412637527946686 
-25.653856365543742 -27.72679724269716 
-11.708750537768958 3.4004088879829957 
224.95140666074366 -63.80671194087002 
