1.0
0.3333333333333333
250
-66.54589175396127 -6.614289590524027 
204.21119458908237 -14.970613792238243 
178.8822315056617 -31.50302715317039 
-11.155393043950594 -0.6091729046412945 
243.9789088127793 11.410981383595507 
-6.6405478060291205 -2.549144213155711 
-4.20462071066283 19.22179459310691 
230.56582439227972 -47.695863491139086 
196.7820591732661 31.42305435441373 
198.32253008036292 -1.1406155272957998 
-29.921741429717823 -15.177533572962338 
38.46114848351482 26.32956368678586 
-95.29947906324008 -16.6304300664977 
-14.920509132050334 -82.93763270850187 
-113.93084180648655 54.51547556667827 
72.29450006391737 -37.837178888878306 
178.21054320572938 -36.71359097298897 
-2.801268841019137 -7.582648661013714 
215.51977063442789 -40.84605530565929 
-3.545755943522597 -0.5149852135981374 
226.17622251356818 -3.763451856672546 
-5.197809116026258 7.807047052712941 
22.474972027420662 -66.22565316319238 
58.60469875627795 -25.318990487297114 
189.95161882797532 13.153832400698162 
197.83806840844872 -24.127680907630648 
276.4983060983794 31.26152732622146 
-55.632967909141755 -10.778574684997194 
227.41652794460933 26.15566549541376 
196.22237561947404 -0.2473473060964561 
240.67387837051552 -9.95904386823348 
245.12527729606305 -3.431956699784758 
163.88826731016312 -26.606334439439408 
49.75120703854745 10.564353657118923 
53.53884063486015 -13.733799000780635 
182.10742683807302 -14.088163157567637 
195.01399555501206 -2.319745420757608 
187.57099315415397 0.9672223142205452 
1.9565880956572905 -34.102171538270426 
193.70424824717094 -8.893090775771856 
181.72753801625336 -20.866145162719068 
171.53414488355295 74.42693210147384 
190.50825042756836 36.554727525436086 
66.10541410364809 -60.88919332657539 
204.88940213742057 10.784476396853432 
7.36448862729467 16.981842714789092 
-147.69153922699996 37.60154090002014 
190.1677846550446 28.899596008393882 
217.03466603276507 32.06613383990438 
-15.322803050224138 -1.49915293412366 
181.86823569982423 20.534974257156804 
30.172128864682062 20.83353770353972 
27.538157273441886 -45.02833748768057 
74.11658079677096 -16.173654685818885 
145.68701309363252 -9.831888970514305 
205.61855063422706 -6.829029578595371 
67.29115091006939 -58.53205192285373 
-3.723494885391882 -4.434801516517813 
176.23552979064212 -4.399833101364399 
26.998899227061226 -14.953146930356231 
208.09301999365692 33.73426580260859 
176.73459405038216 -28.88443110272373 
200.2161647111431 -0.24071205621756162 
1.0737325738982055 8.334603745642566 
239.72630452897357 -18.428574479096103 
198.98835657399025 -27.957372232389584 
184.4370632891913 -1.5107346287955674 
277.3956574030461 -89.03518889521504 
204.84958037953086 17.098836663602718 
213.98042163720655 -12.69873988492221 
217.2572208885527 19.836055925753644 
-22.37248900061118 -6.839931194062287 
178.8332361917443 24.229674987923953 
-101.90953483472308 -24.494337805543683 
36.483442810626514 -42.1585219349712 
-62.29912582262066 2.7981667904632235 
218.3772934556114 15.1516198230394 
192.98350883731163 -4.050349734597204 
220.99278391193602 -60.14086223662889 
252.02126115272662 -16.122004034631995 
216.86991971008717 38.67485257600733 
3.2012222780060338 -2.695499379253267 
231.43111294589315 60.98748348452113 
105.9945340533992 -88.73406577826701 
206.61482482249903 20.60303556183599 
37.51647783821637 29.258456805955387 
-8.246647110870223 -19.58448133590537 
117.76790810037254 -66.75774536918443 
5.84149021772419 -29.073441538244424 
3.534315077542757 -44.77672884370492 
-6.104043073685466 2.421716079044655 
201.0168360337815 39.05688566460682 
191.09470680609851 10.056702376659777 
201.59995577557552 1.6162852108427546 
-29.874396727130154 54.15223833949033 
240.4873659678263 106.1082754987797 
-2.7942459200935015 -2.333924608127625 
-0.5107931410245594 2.0543980438801337 
-16.847982963270404 43.432674464244464 
32.812963212638685 25.26351177810823 
5.721138042036998 -2.573272497763578 
183.4083825936751 2.060633984299116 
211.2364072875274 -0.8885357521096182 
-4.454876545030342 -10.330120792202237 
152.46524083524312 -40.65642338778484 
199.84537573606667 52.60944550468248 
196.07268122636648 0.271506062983187 
1.6717296828408263 4.06887916990584 
2.0635186109784764 37.200199924136506 
235.58501865365545 -46.64860645535943 
178.34212436216697 3.3587355832408314 
-64.80058294216127 -9.527494001334462 
12.817049422098439 16.84638052939584 
-52.57945493655733 3.4535959492659027 
202.2744310692812 3.068910809376793 
194.92095256948812 7.136451399891179 
180.8034461548741 -4.0649857738343025 
158.32875677247856 58.883934222066166 
38.949837706325035 -27.95155859327907 
-25.236576190469673 12.37963591561459 
-81.77675028463975 11.848040950547084 
-2.8003811716341183 0.019708892091752094 
13.530908086877051 -3.8932257942306348 
-71.69485484187034 46.49167064240691 
200.9687621813408 3.566451210257002 
-2.0086231198577464 -0.9422989436508137 
224.86362999510814 -13.906746290244689 
203.5391871369253 -0.7286875973903078 
222.2570460896203 -46.98345268224252 
208.40087075238483 11.027174966430918 
-15.1061609216196 -20.451456598245148 
-28.544823452421543 27.587554197385476 
-61.077235834908514 51.97002164594197 
217.88345268516693 -14.393293122809666 
170.81612288567814 -8.654159178620834 
221.57378327546044 40.93313035406787 
-30.95495112394236 8.864671976682782 
218.50322478528733 -5.471555067169362 
231.1878184551994 -15.91098585328481 
-68.1928877115219 1.1264068763501687 
7.901209575211586 -34.945993837981305 
236.90828130038702 -11.802434369069582 
21.943726552344366 19.95425474733828 
157.25319552544204 20.979217573801776 
-50.144545239770736 -32.44341490872177 
-2.4477547157357975 2.6846709297083087 
170.77500827662223 -32.31330090806941 
-17.24483958895581 6.788984519105857 
6.120282782103801 9.035634089237753 
205.030683995504 34.632812396370596 
2.114748179625993 0.5744063622576957 
-1.9750512323408547 16.777773492212788 
-54.33596182670281 -43.49676321052274 
197.59016241278258 -24.710650285346237 
199.6288640806376 3.6988674432522877 
19.887338458445818 -32.558321472449364 
29.17818968375826 -14.29292332893071 
193.62537067496004 -16.54168897407318 
6.9081937178264665 59.06894822475986 
-55.06636749651818 -10.175423602654684 
-54.55689998763462 10.324702939587707 
216.5897489289262 -11.000870817582861 
195.90084085506297 -0.3953887062591315 
-47.4464511499779 -26.212014111657954 
-10.638299650800104 27.369217044376505 
207.66569314135361 -0.8770080181179934 
163.1453040528967 21.42824097262494 
13.940934877567196 46.25588382244567 
6.64957698882257 1.0004666497144687 
8.058680491211057 14.076279141057285 
185.92010525500606 -28.219423545808105 
-31.52966462872996 15.210056809899237 
10.19155210225374 -3.0295634075514952 
209.08167847162062 8.2428205341531 
-22.273060614802343 -3.7493581092039214 
217.6772870058351 17.49303194914153 
-21.638978860371118 -25.039530557635302 
84.29608183628339 9.015796660443595 
40.21586758701838 -13.864367404330759 
220.36614347980407 -49.959480783729624 
8.492311986932641 -38.157528464613534 
-3.1884757509185384 -4.693416632446136 
224.00867042671848 -1.8729036009665034 
-1.2378729826381178 -0.09239674369939689 
53.60968658126027 39.2397590775264 
-8.995278013957432 26.714147272063492 
-40.99096108896925 47.9690503390192 
178.52164693135467 -18.671014725324703 
4.2287825700553165 -9.784231398461502 
-29.28498571213622 32.40723281233253 
39.84560804012022 -31.27157004109384 
230.01823403693584 3.3736979473571744 
221.2448842199042 1.6063703977993573 
49.16151512201233 -59.8104708272641 
-10.570754936018348 12.604748603152364 
-16.600502933851697 11.675215452757081 
28.764061613171265 -2.231240647804663 
42.673586945064656 -40.50855012243787 
217.56788483813344 12.899866519149251 
87.80205215920812 79.32046806556478 
188.06813079262255 30.42913906154996 
175.77635775688574 -28.345608299642826 
166.2822391816269 47.83315035845812 
23.255480856548914 66.93587341158042 
154.78894645569665 -16.789371587108057 
207.48364531553128 2.5556871445272247 
221.61744517277444 -32.62419374102481 
255.14791428567048 -4.337419549010946 
-7.890598519681614 18.427689551961556 
-19.930353893931528 -1.6491693957787037 
118.32944701028933 39.94731213060252 
21.177969398754946 -11.190665200442963 
-3.359573933804326 -1.957601113196931 
201.02256364271926 5.563516862216848 
-10.302617913280113 63.442280875520666 
-3.68671404529424 71.44658789082777 
191.50486658208462 -15.085339259744911 
205.53995806287656 5.413981632649193 
232.62970988381574 8.72263183868383 
233.59196753425363 30.34166981242237 
200.86179197757744 -38.071258275917586 
209.71530886788466 -4.4048748790785375 
173.02168973427598 1.9914161765700829 
198.13460780006602 0.3114127543827324 
25.927033434900803 -15.316327549540722 
-33.80389948921339 -0.313708043710903 
206.12373687354435 74.31717394772177 
166.78309053497185 28.73140558888052 
-15.40589051944621 -97.22151556922461 
4.927754271199568 1.7506114354615894 
215.59698537351304 29.020924152494324 
200.9405291514208 15.557664161899872 
171.8910883268233 -9.17909750434404 
239.86035778933285 -54.66396784088862 
205.67020201886857 0.8473718811861956 
153.9850182612846 45.05797850072951 
232.09738384766166 23.362299367097844 
23.997873538662464 -11.00075429750024 
1.9873985516667836 6.061355954901648 
222.61692678575102 -86.80464604470585 
-11.552929518404651 -2.2064331775333073 
213.09669241917547 -31.977786980686005 
203.3845335551202 10.797421954987017 
-9.663921088835986 20.04574941353154 
20.079927379645024 -30.951653888060076 
175.42125779127855 22.513487207068465 
152.26685201368946 35.88058719460576 
-1.4069217271679133 -36.774038831050945 
-20.565849312235272 -16.34233975057279 
224.41961154829778 17.368523756647335 
