1.0
1.0
500
-12.587315059860275 -29.020859290287614 
217.51351368757074 53.70696271585321 
131.61457983238884 5.897723064948846 
180.4220086299859 6.393958242255626 
225.81767408026997 -29.283307185417602 
212.51385328587008 -14.186334217908227 
-7.223165778948208 -7.529057742463632 
40.71122311256504 9.026237152519268 
-3.58666677031824 38.76351249565836 
158.15981198842366 -5.151342418639519 
11.395890748590004 -3.8697395398222523 
1.5747353150162113 -3.124892829053873 
-8.664105410037713 3.9883742059699463 
191.6396689538055 31.046812480125364 
15.611691552302938 -24.148936516721182 
198.71152404685463 -2.9773929904788865 
172.6940862873497 -40.133174163508585 
136.0769053453732 33.003469763576284 
-4.439431946774846 -8.632078899410073 
208.39821807906526 -11.593921502242752 
-0.6110104405167085 -17.271118459018545 
162.62090513915615 -29.3052309593779 
164.42765996086433 9.150981792789933 
35.52081692211834 -64.50249806390084 
176.72567299359943 22.78144185916283 
2.7176154398943386 0.4064159610654466 
196.55475719652037 -0.6164344825628222 
-21.945035640925948 -7.36970026837742 
176.77041080834263 -36.07435154770525 
12.174106007770193 24.798426289494692 
178.23754699573786 -15.074172771616063 
240.1653834445531 -75.75223114440533 
336.75230993028833 34.11479296660826 
230.12301810816277 26.999351265266192 
188.24823303755406 33.96628487111947 
219.54288627837187 9.058844374654665 
-1.6265987484187032 -0.028832597589825905 
161.45734684507488 -4.499024217176772 
30.98745485115386 15.892778135718787 
211.21259835570066 -9.719071582827386 
21.719687794468722 71.64098970652968 
217.1873051250062 -24.364674602772794 
2.141050833400842 2.6632612446550055 
138.38779041878246 -27.87115857809559 
7.68093348238971 -38.759808967699755 
0.8445731635041214 12.276228907154538 
237.2559451021364 1.9392171320238294 
15.05678721873614 21.72979971211982 
156.1486980564991 47.68261296632302 
-40.18525096818024 -61.689373569749634 
21.82619392747 47.3148781097636 
182.03170968948598 -13.647427787918492 
118.68789391029631 14.101188817667452 
50.660438110548746 18.055415752741744 
-3.476906887614701 28.951317984027384 
-6.124919949820609 16.209393796250716 
247.62451760011592 38.14196693887143 
286.01351170611366 -11.11606121437463 
-50.15728946811719 -42.24088461534272 
215.1720338403979 20.062102536982103 
168.1262336469653 -13.80666693370554 
192.70377046099372 -16.110037257237533 
178.2077947659202 49.636602257725485 
-25.886254721334215 -27.64381739483437 
25.9321391849696 11.924858436786613 
36.995976230447454 39.478973240017105 
-4.903211162622749 -20.928392839304987 
8.806096077288586 -13.968887986391316 
163.23404182064468 -1.2403537256057664 
247.8048991797806 33.752820961962364 
176.95218960866293 36.646704339488586 
214.19391291553802 -0.22586513845785317 
216.797687725975 -0.837696343548683 
-6.660203360677225 16.33624539301072 
217.55420117544395 3.4155846851517944 
212.57203965169214 4.825626322242863 
9.590005412084675 20.508606116128426 
187.10297906308026 17.29489389642516 
194.56639394306643 24.178823890113176 
2.339362911744545 -25.784501241218702 
197.82813445355407 -48.35783139319057 
186.54477253907723 14.533729763227035 
215.40474223352052 -1.0857689211849717 
198.50270500367503 -5.144883928412372 
191.91210054713343 67.88214525772752 
-73.28166920373357 -68.63295058085126 
1.3961431465021454 -7.0620490426538165 
-29.192432990486726 -12.17353289358749 
213.882307906343 3.5925168109757784 
164.3107220805115 32.572869383435325 
-38.43196482005911 8.595628938821294 
-39.670964270072815 25.473060425145775 
21.91313181183232 -12.18901428866896 
-11.183811686719512 -9.384173534876341 
129.59289275594625 20.407510566933663 
-44.42489002016443 -18.84569741882603 
-10.192357090148203 34.349892591784986 
14.226386134781324 -47.2383594874257 
187.53690753193308 36.08175719131797 
-29.193861207938127 16.72788232879906 
-20.007990324707762 -9.351594528984258 
-19.614219829250985 -41.831646665551226 
270.5651958795873 -48.24202475964673 
227.36625651639707 -7.320540074537545 
-25.060046550918926 -21.70239686213014 
178.4338724627738 34.62359114769138 
6.218689554613152 11.898525973016724 
-18.8452436189299 -40.220605721566024 
16.943102873985865 8.375525679159898 
91.49025189061115 -39.25284009448467 
-5.374235797745605 -4.837623332703401 
-6.072944573174774 -0.7944157493756588 
200.27276038667802 0.674105888770549 
14.288608124074782 41.101922721577075 
-2.0060789281989866 -1.5638760529703486 
219.1359215275433 -15.961499469167197 
-3.1850345474970974 53.49354210119817 
-26.068908654754935 -30.83187806124988 
222.89223657032335 7.243995202106792 
-16.729684230313175 10.31236853495149 
-25.39495810467715 -29.308473279309702 
195.98086300367964 -0.9019509885450426 
183.28648426542398 -6.953710734067697 
-37.91291586755841 -6.55821410839969 
177.90441445490723 3.1908804348561186 
295.0632211838669 32.897855295750624 
140.03185965485753 -55.25109855639099 
-39.165749663778826 71.25543591863418 
181.2100966353291 30.067205063211965 
-6.984243332171877 -53.681595282157126 
0.4075669549135674 0.3805428879212586 
207.52009864034642 1.9930406812575512 
160.34537979921217 -18.744887664303377 
-25.878628099328303 9.350130734823924 
197.44156377598827 -8.795564957320146 
208.03221201030624 0.8647338407947465 
6.9864953928530795 -3.408982480311038 
245.54341622039354 -7.051873825622692 
190.73472981112468 -27.80943396136709 
229.17533427885456 60.485023803507474 
53.49171070551807 -116.55386686025211 
-61.257213728727685 -4.024964919179051 
-4.659013206320823 -5.528014268999973 
211.07330941789795 32.777277546609824 
200.75805568872462 0.12857494147277343 
-48.7845965279357 -13.54360153551528 
20.524669500653044 -26.818305714519255 
214.42723517134465 -15.277291125271107 
0.4174194533931318 -0.8650737503569299 
16.52130130129129 34.759849890850994 
200.11454129393923 -5.339489837173884 
59.02692208688641 11.937144205466968 
-10.180033807320651 -115.73922879378105 
203.11146687759933 2.250169719617269 
67.37564507818084 18.298814977837342 
193.06976200639124 8.26932848621271 
221.2387605421231 3.1579255465832285 
225.07306390965698 -17.86411956958112 
249.44168476285608 -98.70034939353394 
-3.211636841458482 -2.9411321549873666 
209.81155998907116 -11.137692418275957 
-3.619514851323435 3.5375172731659825 
172.52492288293635 -5.947840431321629 
9.658818072446678 -10.182165044852908 
153.11497640113657 66.54629553159019 
215.4633246548291 -12.12958807899698 
189.8437088930307 26.19184794215863 
50.76195602040072 -47.72742753843484 
201.81641586627902 3.9870224619222023 
176.02520930974256 -16.43371084537435 
-1.2859783568263057 15.492981373590982 
236.20121231527025 8.231420247953416 
59.51936571209757 -33.85012682924752 
209.00579721246527 -63.51500749766989 
162.80399687502035 -68.37567208433124 
194.95411962072438 -42.86263202895081 
201.0629111962751 13.1005510797484 
6.0826222926243645 8.29847870987891 
173.2971952511123 -48.33642982843925 
-26.51324430310249 15.596181033060542 
259.1961876849907 8.051396362349877 
127.04154749291767 8.975396129333248 
183.0240184544187 -15.35394620386548 
179.09287808113615 -33.46065606934437 
-6.45957009718501 -6.666632684706507 
-61.26107546494866 -47.91396205125695 
5.655613157514862 19.52873721903472 
35.27009902511885 -3.089021914053008 
165.28770725127717 6.3379992678727675 
227.54686874272247 6.46488324391077 
31.020776226704346 -8.373014107883023 
-15.70974943570752 -54.19681667761408 
206.75246380924628 2.180837317246746 
145.20464452869732 -31.550306086419752 
-13.34639868498199 34.925749287225585 
176.4472100610282 -10.666180295144118 
186.14074748800937 25.040049840367246 
199.73590974995622 -10.233232113762408 
179.89167811110144 46.11456468370316 
-49.844633529072475 44.62064341953853 
-2.1030945916760024 -4.199725469050965 
-16.472248518211185 -34.29568830222981 
-31.660358450655192 -30.06670943312409 
163.20484869775436 -77.82516239205337 
-10.903384306053614 34.69716336021352 
19.907368121604083 10.943038939499713 
19.913608840606916 -3.371498481532912 
174.8209135040053 9.266519795158128 
-5.5701241033342175 -29.76716895910755 
-64.19098633288304 -2.3518017992750955 
206.43959429607165 -2.3273279609187156 
-41.311649990305256 -39.154678803602806 
87.57359877609736 -16.684218023693536 
16.33918254638905 26.937786668052983 
194.1602906997757 -79.20359142848211 
167.20224627754658 -16.94901528344245 
46.816743715027656 -47.36939897998716 
-7.6455192132914505 -27.497867712355436 
1.0019947299797887 -9.258292563100703 
177.71811817724097 -28.551208398888402 
6.283980612750148 -9.033142704816651 
215.02856567038808 -5.828411349237862 
18.311884287462505 8.83136101944561 
189.81591988821108 -0.3019185014999388 
163.19545782601833 -36.739115926779036 
203.89431787493572 3.3908469171171993 
158.31299691201602 23.918506852466315 
-49.089973669400045 -64.59788138721385 
227.3977735370756 -1.2705204134832617 
179.9762732321297 -11.983277510510327 
245.55792134950588 -41.171482482190505 
173.18112776658288 -23.439498154672087 
-34.722353674885895 111.88776421639416 
22.046595727416246 1.647528193285635 
208.70680367250085 7.4056260802005935 
176.2591232022195 2.849370349820003 
37.87197992589098 35.78389506436135 
171.45834513789544 -6.293172891318293 
190.87030321178392 21.77556104151798 
21.101524223815776 50.43750603361184 
214.74431710482682 35.51001555357848 
107.48192650824917 5.5938780196315205 
180.78157074452935 11.969469042902068 
-6.535508363548615 -3.727884828299288 
142.26562579849787 23.014707365683922 
155.63235847919145 -60.88496442985744 
8.41083566688498 20.062305344165683 
-14.484229348364343 45.57357280047549 
182.4854774640613 -32.86560192455564 
192.12143075866302 20.596307307977753 
48.57955563839835 -34.658972179667195 
129.6772810354487 -3.2131454828182964 
-22.630095162914017 -49.00324630365614 
185.3439644776364 6.100467563849062 
173.68251152177467 0.05637373217540941 
198.30963836594978 -25.027460763037414 
-0.6072409278453492 9.84434919520511 
-31.170013329670322 41.487292143250606 
223.59865074829094 -77.41288425010579 
22.317682571656345 -65.18775781347617 
194.6511418035738 -8.555710825340052 
-3.0524811904935447 66.89365772909122 
15.449107861622355 12.981058316308404 
0.9462902894283999 1.9120182892153565 
63.464007396349885 32.35067086150229 
197.110822976494 -3.210224618616535 
163.9865177318224 26.521644447191154 
205.49070857509616 -11.9209863292135 
15.291367304611354 -18.35105150898046 
168.68748398121141 -67.43015618536083 
199.65621962688826 1.1237312648300688 
228.36161130310862 -45.855116973283806 
232.82363574820133 -33.788809435473624 
3.979846265165672 40.14382041793451 
250.07414561654997 34.0735624350368 
22.57841587223026 85.27271425915926 
-8.13454910212274 -70.814114481047 
122.02492225558213 29.64690634361934 
234.39072399789308 93.68015626894025 
0.3542199740293921 0.3480710822561965 
-1.6820064184296084 -50.11033150648898 
60.07887282653132 43.04104301772315 
220.02855899340818 -26.527770947321407 
154.6203583393614 45.69949383990586 
179.95572529964545 -0.5419140984075551 
219.2876433126575 10.936341838906738 
94.54351152539388 10.535854731945218 
-22.062759322446034 -22.900208009316202 
-17.52979274273649 26.440283584548723 
29.697025751177247 -31.512010968669337 
28.8798305651589 -25.508297473626605 
61.95790252664568 -33.366858267055854 
214.23424347426925 -1.540455139701149 
6.461646323093501 -7.6831490613095355 
72.29712016782292 -37.62109573938721 
-0.5247289562870038 -6.301417222544672 
-17.41338394778076 66.88262851001578 
195.85461932679644 -3.4233105890182767 
175.3775862584284 10.217498421759469 
236.04856403573436 -3.6593470278543125 
21.585310829381335 43.78061404918207 
-1.651266119231585 -3.3389816675539543 
-5.078378286416014 2.7896985736056017 
192.89767035663408 -11.199668603370633 
202.6407717264647 -7.386645004147328 
3.5262233667756555 -71.23425542894388 
-52.897280212316275 -83.62536986136577 
186.18750300140155 9.23650987365935 
223.38034986706364 45.851976355941844 
-80.47859900314894 81.48322496568338 
47.551418442093784 38.43825902977547 
163.7823925375087 0.9104476596888748 
-55.836950561890276 65.7387339038968 
203.9468657379182 2.5833605125918586 
217.73846963267815 -5.530278494797446 
10.020782895519654 -46.569837456857336 
255.7522309734801 -16.673050031998493 
41.75088006724499 -79.98645945518945 
32.61718646845553 -26.83428866252689 
-34.06898599575425 75.00900452931636 
3.232002987672364 -5.605866607423516 
196.63113844713703 3.295178785543322 
261.54160824873804 -4.385506299927816 
4.843950670703411 -14.463741214462413 
135.47567731268254 -15.889320732978018 
210.83320892995073 -9.027798267987135 
-11.00715135454237 -38.3214702985973 
-13.697370229590462 -42.90730010661765 
170.79346314335652 36.79910857698679 
10.040579257221133 -0.6697108381684614 
-3.408081353109277 7.700020194150082 
209.5846697875303 -4.8068395929069565 
203.7092178190021 7.311561741116001 
55.6445123796749 5.975132192820424 
221.85551837945135 -8.36221602623869 
196.88511637460414 4.271324679033015 
1.1901766914551968 10.970951241768393 
187.3396807244327 40.255050761544574 
83.88769851133705 -83.87701397461439 
77.44889340779157 -12.361060817332504 
8.441733522689363 11.879971134622677 
-1.0320084609969469 1.168793652027069 
142.19673792336982 -59.0156664259188 
48.168598645992525 45.07019971606898 
181.29377913288135 -7.035921479894555 
26.49829885768234 72.7567464046669 
33.27229238976305 -3.182407564409438 
203.6165137620811 80.91458910535616 
-28.075543586113994 -14.12216250571717 
6.203335115776345 12.042613912099766 
188.078957238578 -1.7436977837300287 
3.552702363098176 10.714960659758908 
-3.36328859478428 41.79711925954896 
9.578748146097093 60.121290900658956 
181.88592760816405 -113.88703154136947 
175.25671476321145 25.14530793128304 
40.26579890414436 -22.901471542101493 
62.44732512795959 -12.503671733421886 
-57.24710019211827 -9.322131388060297 
-0.06362630073659875 22.236430828354557 
35.81844318985969 -26.89596799657734 
155.34750131110445 65.3742084693613 
196.05350285040348 4.04539696896341 
210.47179576308207 -10.901591510000078 
-2.624212832121798 5.492307649707491 
165.61067137403276 -53.08021838594498 
160.27170702593446 -6.685807168780622 
206.75676774031476 -8.85239992068747 
36.50623248054043 41.8434601498255 
124.62991567792285 5.63347152046633 
247.59693412787144 -37.01751972144839 
61.12241538437106 -40.78087837634845 
-3.7824646483059787 1.2732982088134515 
183.61299882385575 -98.08492506675319 
-5.689691826117817 19.62239585531768 
10.19793070906912 -27.15379132867137 
-8.615435016404511 -0.4468030418928095 
9.833942209305185 -2.952105979971631 
47.694058878871076 -72.56167645914692 
185.2016307040029 56.64567329040069 
-61.462176317179626 -40.016995008782764 
-27.80875764365796 -16.90713674871756 
3.2766709468413127 5.370566818691643 
45.948938904036154 -4.832946895557766 
342.3358126843406 -6.259537405724601 
-7.8609206237277585 4.566121801866854 
200.06828414353333 -2.8892906204330147 
190.87373775305525 -39.73029519185797 
183.84005929017545 35.29520113038317 
171.88168274406053 8.70339616995633 
3.3094205612811796 7.838614799844906 
198.8261218135765 1.812517798674634 
207.11320304100727 27.098438135763075 
-50.485114934105155 -0.8231431490798035 
-13.113509799680928 -102.46524825015027 
19.596447364460666 52.536880171337465 
-13.589340632798518 9.008507534383947 
-114.35499454259535 1.6453854472178442 
177.51185656217606 -31.326885070779305 
3.3738191370240442 16.27796114560892 
3.8402034657922934 23.014281374671107 
10.561041750416651 -13.13960775531908 
200.4689871673907 1.7174956620632564 
183.92137291800893 3.3997694588891303 
200.9482366410594 4.959389993639295 
-39.75041565456647 10.64881663233886 
1.6177305086087501 53.376356749111885 
234.13894121596277 -7.298161473306922 
210.37046275933312 52.99358183830793 
42.116596238458186 -65.72657978480433 
195.1049740960093 4.57089921993042 
-30.534981410860688 -43.567219619962835 
-3.326426108540409 -56.35026230026226 
173.89136796821867 -28.74092771790115 
196.77424506245268 31.063995816093893 
196.42726976408537 -45.18986161463012 
-12.279584979775375 -6.801445382185394 
276.89490778989085 44.806886175711 
-14.018921744684464 3.257265688739966 
-14.50521118887083 -10.989271741762025 
199.90101094877858 -3.0195947965873318 
40.24435889432851 -37.27811912307169 
247.5443980903562 21.161689743400373 
214.54793857011035 -4.654937323627338 
8.817129719936396 38.00927045233326 
4.3074308953612315 10.722122985040203 
245.1001189909672 10.104165762490082 
245.5273026396139 -13.085528368412374 
9.806135661133727 -27.976904842315992 
-14.23709360902024 14.523282846535094 
214.22304169590313 -6.37422528107672 
15.330069143398926 -26.948960562290395 
149.61827625119986 -50.28462765640597 
6.948640220684619 -35.258451994508995 
-2.3228775664461936 -2.059128829909235 
168.61704484279971 -19.5106137466123 
-0.9906343570875453 -5.714451392380003 
275.3900753293185 -4.132003313324768 
162.4154864150412 -6.789514260350556 
23.548783703137026 -7.996552270937817 
21.885748559089073 33.102466636465984 
10.216635387613847 -6.857377810898593 
252.94792145816135 21.579809025652086 
151.51011994662377 11.35859820899002 
207.0892930092583 -15.71197481160065 
212.5979656330925 17.57168507888321 
8.441237870215202 20.738104743194608 
24.717426813743025 -13.358437327155217 
226.12270020260536 6.756828190097075 
174.06700857647866 -103.03510989679813 
158.8581927816363 -54.387916730065626 
199.31823032561002 2.6944196082874097 
33.141034063888554 11.265783497363131 
7.396825789165304 33.69243727065658 
246.79290024678755 15.191979203919873 
235.5443374065454 -15.503755418529687 
187.52424640989835 -7.30272810647577 
12.302694514077727 -2.8356170181425164 
2.7314297070716376 -5.664578927207067 
17.432048956589174 -60.819654529129096 
191.88620213553412 -8.503895061082638 
146.86998682316272 19.37020759883309 
211.33995668529118 54.006915611066695 
190.69978738287344 -27.36950073832592 
-60.691389734858525 24.115250573039884 
213.09459147457696 0.6717396428175489 
209.15124248597752 43.73766431705676 
31.72670289009915 10.693793373024409 
29.559724010406676 40.525084036117285 
202.98115234201666 -7.162376914108259 
40.24518993598312 -16.63421274534134 
179.21123923488983 9.75973734485598 
63.12154521990407 -29.218025298731163 
153.92641803999086 -34.22806568807485 
175.6121948035385 18.644621174432014 
242.10654849240126 -10.136670957393585 
-41.28711830679331 -5.842007203932025 
177.64582296346506 3.142964453872469 
-173.8971873504229 28.894928625122954 
195.08539525199532 2.3486075234967605 
10.745270086612315 13.741448136130096 
211.1421713353772 -39.86636316786828 
146.12129711599036 62.87600056117657 
183.94815525788803 95.09629937044187 
198.0118103399146 3.68329675725682 
22.68879847673289 36.01831389073487 
251.1973359317619 12.220859112289675 
-35.73697908796644 9.356263679402902 
-4.150537482616887 -7.681756089922158 
0.7764368047714745 50.13485745452288 
7.047054009562104 19.640463132149968 
204.23989798321335 17.97501610614391 
242.50327584898025 -12.553082963213484 
167.86256574327757 48.735139599188564 
-25.570652647800785 46.71731827881451 
3.78043537589742 2.244116161524149 
222.38579976953307 -7.055112513825125 
-74.4360576316493 63.99756979320523 
31.30853705230658 15.313384890857812 
-2.01988792394145 -4.733324879678008 
