1.0
0.3333333333333333
500
-5.865062010861064 -111.48188880061099 
218.84661880219468 82.69558771321256 
9.562074070295127 -15.807436334029834 
-61.493177401457686 40.052913135108646 
194.29059116357757 -0.2785633203150831 
8.942356978028183 9.883038008600424 
19.074562401485643 -7.586836705978472 
167.31128586977036 -30.130444636828845 
-8.657224143259091 1.29323162989697 
191.5406904094068 46.09631132865165 
-0.12937247513912714 2.6754447297613697 
138.6356164131167 -8.47675646228663 
157.02016795528306 -20.080083756336155 
-9.64980455286331 6.4219071960064955 
201.78694738716504 -3.3301666132498906 
11.207758213695877 20.068671268990006 
184.50392745992482 34.65322490872757 
196.18699979964518 -65.38766452080479 
-41.301205298072375 28.177171642260266 
199.29821741459529 1.679411246521979 
287.75510628058396 10.736800301291531 
168.0283199056632 -38.812955976242684 
-28.303865429294234 -4.6466488346142585 
213.26533449507184 -11.814571197062127 
291.9465774774661 5.034561049938771 
186.1737302266178 6.466980603236859 
21.2215279458408 -24.747408214926736 
-5.667970595739222 -44.46012194676637 
200.11226319996334 0.44838931260896897 
0.7858392233803888 0.6239285299511026 
-12.336947147596986 3.4972193330231125 
226.89896247002827 91.55290528277862 
-66.99721924984703 48.576852776811535 
213.2241847601237 -3.5539667465279106 
-2.8817068500718617 104.00040866512678 
-28.5274182079332 -1.9874433971548506 
-11.295382021448825 -14.939682383975926 
-4.090071183335118 -1.547972357540077 
241.32431418365553 -121.50536240891358 
-18.669657113383135 -96.17185812461845 
172.0012477091902 14.728080996295155 
210.6562967232298 70.55599023433463 
200.6749040114884 3.0063155967299933 
46.58204518377845 41.7346132502669 
1.0875867666508854 -11.91199513930958 
175.8007891792468 -63.52001214096484 
-51.6233930906824 9.170268427051207 
-63.03734633332242 -132.27094421396174 
192.90153880861394 -4.367760728157363 
192.93297288499133 -98.01562264037199 
-11.26747828516211 54.74002542098501 
30.832624620078015 -30.918644227318477 
165.60300346124305 5.0809160322928895 
256.6686545611594 9.758004803732673 
176.22811601481772 -20.90359226982795 
77.10969341132936 -55.99803498983471 
-67.04532934854183 36.705304442311466 
2.45435943176162 0.5785835779461634 
187.630618669061 -20.8721291913953 
164.5714752960823 11.762685228480844 
-42.37871793446464 -49.3239762844681 
46.40367480317597 52.572114271573355 
-2.4127692359605177 1.418603314404112 
192.58792664123752 34.02979994407609 
-34.232307584135256 -44.906975471859006 
-51.58792385381636 -5.153995648468624 
217.1125138127028 -23.313392348321692 
21.537292885101408 12.548364857761106 
27.773945263861535 -80.32733245122779 
224.18950787092808 -25.040021023219428 
-32.196536118109066 -63.67117520104295 
154.4449135729738 4.49981428861763 
-29.118617207320202 28.266436050229512 
281.7512926922753 39.11415987060114 
199.78733895577696 0.3481399678923123 
195.35504257782347 72.38864480295862 
202.21221141261125 22.951259097921053 
8.797993678482054 14.310381102857034 
-48.375454005044624 21.949227377526427 
204.51627542368016 6.81822844584606 
205.13371795684762 24.482103936609704 
17.52102506770745 5.535709893931224 
71.00188475339739 -37.917969590889335 
227.45999366055514 -19.94017653179233 
186.15407178020357 30.09991807787273 
22.46672070651107 31.69153861269764 
5.361772839310324 -53.28875168764404 
185.5259221334759 -22.86998672652901 
4.265494679299138 10.88206997126513 
-110.85262136610382 29.492251077943756 
-25.525497185835654 32.52953548440287 
146.95027024002408 -84.09329180448894 
-2.2859178270475926 4.3434500113394545 
225.93536863213632 -78.9219216291007 
3.3046598377614576 -5.308174942470651 
190.2415657773897 -1.7692636277213294 
4.511591883235876 2.658112595605489 
75.82100798597223 -54.51053839435805 
-33.15337363529328 8.002480500124403 
-25.93335630537416 -46.25775634433409 
-16.07493004543418 27.203042158868 
195.2244218238664 9.728578403937941 
169.76268207567165 -4.77193832913828 
-34.34551574126894 -57.330581402890786 
15.86559150890591 44.62319165929268 
197.00043879739428 2.1788678068537863 
45.214133008171274 -21.281826224415852 
175.9829111907117 22.399290438491434 
17.832930857429616 2.0724069270568264 
179.20412023971045 -104.61094994240352 
205.32436665349795 5.173657052069371 
1.1918899305192683 5.274958951485627 
1.3531665287174015 -4.424249269817694 
9.25573643601476 -15.709439651654826 
-13.299576052384054 12.460659185167684 
172.45919531958094 7.6676052675778195 
155.04793162377726 -18.907603282321453 
253.59905391494806 -30.841003904971693 
205.77477471260877 -20.925409159428686 
-15.858011780584649 2.478433450831094 
165.44739770749226 40.07260062599782 
-9.328997513262623 10.617878624727878 
151.88500911920278 -2.4476473788927637 
-13.037869434973352 17.468043290579505 
195.28921471709432 -145.19516590960183 
-2.5167055446091253 10.854956571463417 
27.111243888769984 -2.9528236427797268 
182.8372868598852 21.36240913398554 
-46.81041461978218 -10.534645214100703 
142.94998937636143 16.623860223992157 
-15.662757214014034 -14.343221289137839 
142.57986199568938 6.6869888512000175 
207.38537561414398 -4.966232843202203 
-17.27655639231389 -11.453670339040634 
11.466964272913867 -58.37237427776533 
6.87242259440114 53.865623057114405 
193.8878764086114 10.029366741802054 
-44.92534877907616 20.040969430858677 
204.02192541130373 -12.903610121430376 
199.07984272752475 -43.40180611454818 
33.342335557669955 63.62741157608826 
209.57737293046088 30.466501541211574 
28.870485433740992 35.686459359183374 
51.69075176563671 4.272709043134521 
-19.366311674889502 -22.457379512539372 
216.05770552412292 -10.624693282162099 
179.46622344848896 12.87671052678321 
-8.414015981875195 -16.270729684968487 
185.47742996769568 -59.408911520978265 
-15.881757923080121 9.458872166883085 
-1.9210237328477626 24.178603282451302 
175.36078461060725 -66.69113351416568 
1.151909065089225 -22.973169331989965 
18.89834332865701 -2.662617375184361 
13.986127407462478 6.397137221816697 
5.661854990800698 7.585648636752255 
235.38544058722945 -71.81639547678083 
-27.53768104776448 49.8954710730313 
-37.35498961525981 33.37581392277855 
-41.555395633209656 -48.77602219084329 
-73.28799899462972 -35.427272654182026 
-48.01121794983268 9.504098785093978 
106.73996850141894 56.99725005612246 
203.38768288719962 -7.065781207523938 
-33.12226155289463 9.24562762402545 
171.00777665788738 27.132578828550862 
190.1098495056645 -4.652742096360163 
231.11307854224387 -32.274466340704834 
196.73543539408072 19.024961161520938 
107.37011070841582 16.115154908942575 
247.01408031727937 45.83920686467587 
-14.115011593961446 2.0737842706526837 
34.57751526267355 82.44297178878296 
-22.35448390111228 39.88071263764635 
4.909794303978387 -18.457794466120674 
195.1423222004352 7.304152127633489 
169.4832148674411 -21.194637380870773 
-21.504976674454028 -20.90388286603439 
-11.757086151562467 -3.3287320178630235 
227.9454320559083 -33.31022736914039 
280.03955303761603 18.07509449128063 
183.31304440650115 26.247046161347985 
256.0659012812504 18.376506688449822 
-18.213598392530706 30.14449349240521 
56.40452520556912 27.78592123792509 
187.53264049640234 -10.976318479038987 
172.65412177873512 -12.016541963293916 
155.52323541457224 -67.88553739420661 
207.3241945548474 82.65461756668746 
290.71509351431473 -62.64431741950916 
0.669389508344699 -6.965207937815649 
216.3036710480549 0.32545897183670275 
29.19498612882309 -3.87325734753975 
225.57532056666108 -10.152485036872847 
199.68047593186768 4.099652666040283 
199.29776661271984 -80.5589522100118 
-2.131643458579126 0.3907254293798993 
232.05947992907645 -24.32996477908698 
15.03691968836687 17.180944972649865 
18.74529066819506 -0.7696572403292001 
221.87292921872182 -2.4369133504200624 
-1.939204525500208 -0.41036432274273327 
231.28692619933958 -5.428315428846162 
-11.634118616631032 -36.14566087506073 
231.11180924006845 93.76078081944947 
-48.52877802423688 -6.5233873435886585 
202.0523105074642 -34.95524224355706 
21.08138020038212 -15.806700749962681 
-41.76020791003801 -3.620244422580694 
261.1339326521942 106.60022904204129 
-29.767467661422334 28.97997639836188 
47.24206138262181 24.726519423872528 
5.9423344232986866 -14.003316997174167 
-2.4843376251800424 1.8343354231096383 
-1.0051407590242587 2.6732536609789084 
-42.69036439951722 27.921231243984575 
223.47987955458393 -39.566841804043534 
173.93612866817642 -35.305130526658765 
200.70852337486912 3.27882329212487 
8.99068439359696 14.682394615215417 
110.37265455695024 60.71209511332448 
-41.688985090622644 4.50799462543949 
203.01374902800438 -35.55461380973232 
245.36174814889955 -83.33011970511667 
194.58591240112463 -3.281186978475976 
153.03282877970437 -28.088965963388322 
11.008147606365107 -17.53944558519467 
235.92188401775545 31.32885464537644 
222.48671259186662 -11.146316130179297 
208.5948577027306 -12.344399210190927 
195.4646205704025 19.154502092774077 
3.450427776177448 7.288919243060204 
207.92586705892091 13.396682702334713 
3.0086841766642305 8.617434426033427 
202.16738385297265 18.199822984638377 
175.08004485595885 0.9727110744102938 
178.6729532767951 31.809277977279987 
-34.783994734185825 31.17940972053533 
15.028678698068259 7.782205284865549 
37.376307297816346 -11.557029659036278 
-14.88632300738161 2.702422913247546 
191.74968698573167 -17.365551267898983 
21.48686540354994 65.12344387795534 
259.5297963920006 -12.335215610923743 
182.70590727624366 24.422960354090776 
149.92054873083447 -9.796564085894174 
-3.6927002566857903 -0.3250667742825021 
-52.6045175263305 44.170866109042905 
246.3624645922088 32.27311313208129 
25.861426781892522 47.44128107885813 
17.367594406773293 5.713630033274238 
220.18034523456922 -74.97160860433995 
203.41915504551127 13.3147283929265 
220.19146830657638 -5.621109478832049 
-17.42515915355576 -76.76793087729453 
60.162708252339165 67.43731105647218 
11.911440810928859 -31.23353647751099 
210.34397649788673 7.924831838777028 
-3.0976059001851937 93.74824827766977 
-6.460434294943899 62.98101358142576 
53.469904120538985 18.61985263153869 
-12.746659518565135 -12.129201882983914 
179.4931478649743 -28.90520643449891 
-85.5608716728705 57.16096012991334 
-6.677039227844324 82.96135415009728 
-4.19689091489274 4.253904577046098 
182.13358778838554 -56.30605226071531 
190.57784551862878 -28.802807882894985 
26.133350311679937 -16.94046127531099 
-37.52235187702655 -6.276824857148611 
6.966838808994706 6.158503602907243 
177.92974416150577 11.92766072445655 
237.9694943197791 50.06939412532499 
3.112427957848771 -9.080168144332358 
-12.968538459922453 10.123531939150434 
371.9682147361414 -146.11086015108197 
-71.82059489172838 22.696632407827686 
-7.5670138384391965 -8.471192247621564 
203.07363071290882 13.054835012645592 
196.58794802737745 4.088162003876393 
199.85566810963925 -4.28879305947867 
-7.56056743923432 -27.192607024074313 
64.15269094961886 -14.007427428969367 
20.681171191855682 3.498786866567699 
23.91586674617611 -26.97139672995478 
237.94478458416478 -29.86563767270152 
276.75098322669334 86.18379034076969 
-0.1416602719885682 -0.31487560434209044 
203.19653936608182 -29.71627120404585 
-13.250072196039012 -11.821188092451447 
260.1382180946949 -15.131801867814286 
211.4905425957877 42.64510009736051 
87.53666010298254 10.11583450176289 
-29.93863214611021 -9.114442856449132 
152.6662111262654 13.826762198112226 
64.13478665543761 1.3935043036405048 
0.603519946629933 4.707115868230998 
156.95530531111572 69.08543673787925 
185.8439175022705 24.420330590046362 
50.577620780898584 -57.28462404670058 
-62.652604451811804 61.62894251274022 
200.70472160336854 -6.476349425428006 
6.314834384595125 63.48063220827173 
213.58003042108896 115.89627412959973 
190.8871178408857 12.68958512311483 
52.825266969958115 1.1803272472859878 
262.2762401336907 12.3220120024203 
-33.68229190311805 2.9605740802605114 
34.069361889965926 8.517030870016487 
181.91913057998943 -0.9543292212208693 
199.82880285547594 4.244279423162235 
272.46670647278364 11.438127194661137 
232.4871486232181 -58.74708211857135 
4.5493711858349 -44.279397692327855 
164.81090305241787 16.199290843874834 
231.68875117685718 32.44499398727511 
-56.59807472052908 23.44220978696097 
227.01261685909648 11.098167290974098 
-25.71212875834671 26.53963768513488 
202.26602463683605 -2.5107392036945613 
36.35891137879988 -21.623095955292847 
17.802598336848437 8.355009250580158 
-77.25843871113733 11.07963621681612 
0.3585381849965429 -1.01954911649725 
-2.7496151923877408 -10.18555163406518 
240.44557273735887 11.28663755659432 
-1.893976541988186 19.261583679981445 
179.5565081482543 -37.58268947623557 
202.46941772333574 11.843634274874368 
181.93521586296578 37.04921949693477 
-43.37980535656193 14.712594781322826 
210.0474532559439 -71.7256907204048 
219.507137518298 -25.071547720640513 
11.862895812614187 -6.704329362380018 
-36.22775542458457 23.500300230881376 
6.2895597216490176 -34.69410329945132 
-28.88656578043016 25.035956151624102 
231.83958382942896 -15.24800182468802 
151.41916472678554 48.21464052095625 
27.411839345570986 -29.41768096876575 
192.89198248598794 -3.6571577401363617 
173.68502751908255 -29.401908890300636 
-21.638415800821576 37.68015760950848 
197.25715420952315 -46.60733289590971 
114.44942638759824 -17.568869842271628 
30.309331595712287 -60.08055749015331 
-34.8590587215791 24.115635178265872 
196.8285682818693 36.18775698110427 
161.81013751172293 -18.022270298569577 
18.422128548928 16.4445843764275 
206.44254363141687 26.65205577873089 
198.39901366591084 12.46829889431884 
205.67114651353066 59.701126568356166 
174.1177693310325 12.973021728791457 
199.48793767878428 3.904860412250688 
244.194745252304 -11.558453575784045 
27.51058030150519 25.586146421692025 
-74.73985094657417 -83.89780924385286 
69.95974044884385 5.517386684041996 
246.32696183553804 38.61468949169955 
205.7991406620793 0.1836412495426819 
233.19899027911134 -13.934583867643992 
177.34834199991963 16.04208970857627 
67.85317083147257 32.862828892545934 
-2.7481996780155393 29.31382909233676 
-1.0877684638600837 -4.778611555532896 
2.1268923271995925 -3.8444906315460856 
196.20141483658452 -6.538493745584833 
21.637525854850985 -26.02204604398403 
201.90741090932056 1.1064512661425894 
192.08878396624564 -18.16619904631225 
18.973065610782403 13.69566365215889 
-8.132450342846882 -13.89022203574746 
6.129247289977703 11.50965382924586 
7.971968539636987 17.290448341171412 
24.93400765269868 -0.3879979197577348 
-1.4091122083945262 35.356562733162185 
220.6718125569343 -79.45217863074568 
132.93636271246095 37.322297922100915 
139.23865818535546 -22.481856237083864 
24.08655805303532 17.20204734940431 
221.77537617279157 -2.698706420254583 
221.6783119028165 17.990598197663278 
182.5792719508369 -22.358124418533507 
48.00592235736914 40.38454439913883 
197.90474804102988 -20.405408880698356 
200.51128845071622 2.6504884447158337 
-2.5289107116196403 14.089679527135127 
235.182478968576 47.47393410978469 
200.31942406308508 28.04503994524814 
-14.920530619157164 11.773935902701002 
49.84474939659384 -29.311366671997547 
216.47459187189034 -27.18169948434335 
-16.053822733412023 1.1451929883961356 
199.48158808483907 -29.386135175489688 
-2.247715443685468 40.53037992762924 
-2.30733974551506 -0.2497256338816637 
14.18505963184027 -6.948800017864286 
132.6048423309125 47.83423134346729 
231.24596979113684 55.43661246548709 
-23.911149735457776 -60.94807486663805 
25.952789842421716 19.885218719391546 
-30.716062574280688 -32.51177127064683 
-8.550484012119604 7.790177179926939 
-43.288289893217616 37.41809148215381 
206.018359341133 3.040830353990883 
231.9484756731423 -48.43418774895574 
214.50516373356547 23.46520904651773 
-32.7910361214597 22.60801365057757 
198.76920864984837 -0.898446382762402 
-56.59102717279317 -12.126999249327035 
84.96716987887046 -5.557731102253778 
178.13797904347092 -95.9704983877424 
201.34287989038808 -15.036144563631256 
158.65114514998737 46.162667937437256 
186.43537112882495 18.026939148383818 
0.3365226854118616 -46.48452149216683 
222.05971387327693 59.04270992352117 
169.40999492777144 1.038677618891722 
307.3577492788139 -1.9549161858913926 
5.821987434668781 71.05860458789164 
228.99585816204186 13.444948830501916 
35.39254838170798 -5.220348743416821 
297.9978475981801 93.1547618780964 
238.6155326682338 -56.83952460393725 
-13.084362361679887 81.65477319233794 
-5.26519005097586 3.296304698902866 
243.00257346659112 2.9806728436564214 
-22.071628105651552 28.458795298017012 
170.0614335125856 55.18219646759281 
-52.61223129010708 -16.946281731527197 
213.20414798941417 2.1843625043859496 
-19.90257965927459 -52.22261689165722 
16.47985630137582 18.803576947984123 
135.55500444117445 39.91724233361337 
7.482826452854897 -3.3491991140547115 
-80.05172044911289 -36.010527979962006 
196.78261359415993 -26.59903049601316 
213.5980206449204 -12.094190645747322 
-41.751018279180336 40.16462787515421 
154.37387004715606 -47.484462866680225 
10.890273800676145 16.390229889873513 
179.1889252982471 14.587435314674869 
63.30373966200394 -60.78587295187833 
202.2177756087117 -6.986880207746702 
99.50609451421691 -1.3717106983743221 
202.27665440572963 -53.66632241331722 
203.47813112419703 43.09648591280673 
197.3556832271254 -17.605677316341023 
200.47002017832705 59.73238581612444 
199.79966378237538 -9.277517205447868 
210.311029403755 104.63805232458326 
69.61223402423815 -15.179267383346893 
33.017420843199424 -33.900628997244965 
201.84451198356655 20.196967618901155 
180.4755482419446 29.991776247393602 
-1.506892987256476 -22.053769245150438 
188.47361622695817 1.9356223745941 
206.89560981199827 -8.952702058998144 
218.6064085727828 28.271616848492037 
-14.183514545750322 -42.09385285190469 
183.9920042064771 12.988590743286622 
-28.323854712270933 17.27548458188074 
229.31393544174452 -1.335557032564835 
178.72019733461585 -15.49168022425602 
-3.3938599934171414 -4.572179512198023 
42.560698211900515 -11.869969668922641 
161.7455490698208 31.72758838333164 
86.68409712547438 -73.81590674266987 
195.4630498008081 -1.2929341682583397 
31.667746479369303 -19.148751914310004 
-30.493189381635194 25.30349338376391 
218.99992669768153 -8.648740092594913 
157.01519505712545 -27.076816139061894 
218.10004125451667 21.11379612705777 
95.03934168271938 -82.01588346493496 
-15.027170362498028 11.03394155869656 
15.098571526159628 -9.37051829297048 
-21.45346697205318 -1.900170155240671 
86.41156608892898 -14.64926530139684 
200.79223715848505 -0.19468434589689934 
50.842214665862436 56.00468461653369 
2.9539253720010015 8.301843541154625 
235.64019580978803 38.413998467466115 
210.7317217991442 -5.260286776625767 
250.02464008114436 36.368808683144124 
155.67470609720917 -50.432488011500894 
3.2926963972009897 -41.316692058363486 
176.7991535792745 -66.01331999724624 
176.3208099148979 7.60178880466281 
198.2851350265781 0.26349636578753616 
206.33063499938416 67.90169438323144 
4.014201384463449 19.4997988953819 
203.31502259160615 26.028699774406757 
198.6447529765711 -3.7015657717857167 
-49.446656475595 -4.237754449668732 
-11.85477819774253 -30.367475840830533 
55.54444729569753 18.997131978294124 
8.12092986993789 -14.447351918290535 
-50.65356231649476 65.85183172079832 
