1.0
0.5
375
-30.734353880884587 -52.83916773473254 
199.77918278306612 -1.1902289995412716 
225.00930547481164 15.905086734915233 
-37.95348024776413 82.80938672083066 
5.392595614939348 1.9131832887993812 
223.486847692622 -27.425436900576784 
166.3594304177522 -8.872196679831834 
248.56698150561036 -67.29423750577398 
-18.421347200985153 14.77456527306476 
229.18433489221258 -12.371361967244356 
-45.648937620576156 -20.473889304863572 
-44.43434535795866 -36.807280815495744 
-15.721419428476871 6.175795774282356 
19.57464507665414 11.529240488725431 
11.838564067301316 -4.624207944725949 
1.8975834711945272 70.73824463029362 
-62.45610547387839 -29.116297962257597 
198.10899187988286 1.8286201288047308 
3.2467559534029027 -2.1505302471975445 
192.5410847410914 -18.454492632048918 
247.18297440932818 -32.483091449440586 
137.20583926039157 -74.93925749458208 
-6.23622095878078 -2.0511653727446753 
215.39755084823844 -14.804741377130416 
-17.078850591152214 24.080145937622067 
195.88645220733432 -4.597389037214331 
269.15361943194273 20.402479818925805 
34.29019299955123 -3.792954633683801 
199.55163093289042 1.2773579904375454 
204.2096688753456 6.163519218001181 
206.52919272620164 -3.1819195274975463 
222.25754532337842 71.26509780912629 
-37.506193441515755 18.698193698396704 
237.48933350857334 -40.1757730996315 
-27.18285852749565 -44.00175423517422 
204.6996252183905 -14.384266033556104 
64.68075704695895 34.17605086082955 
73.70403511537616 29.83067761819006 
-7.233457380706245 -5.991399925498694 
180.55720496195616 11.85701590739761 
15.55694272794747 -0.14857448381865235 
273.6690535262523 -119.36106616900085 
235.13371055884002 88.24942676015255 
189.97465539872982 16.655145446776373 
31.66500444121005 -1.889220528160129 
18.9508389159002 36.208650757005124 
130.19138477090092 -43.08819522540322 
209.5935200878496 26.19494357455328 
3.4568435798616806 33.54784790931292 
162.8284257506167 -12.070334526086434 
-40.40534353657129 -23.566749613681672 
-10.009901414368414 -11.033493398329252 
-27.18302355086843 -12.809799230952429 
164.85659418875528 -6.7889450657415065 
179.4428336760788 33.955270510212344 
-11.542278135656053 -28.624199322505035 
-24.030607740860738 -15.909683895337672 
118.83102749240818 47.940490812083546 
265.0465127235084 -59.289464048164625 
4.104034437603237 50.52071912872294 
-22.96726607279666 18.59461017863012 
148.0748141527765 -23.280177777820576 
10.478717333887356 6.268902452783145 
259.0819671288481 -37.96764174949612 
171.28604346111985 -3.96617754111249 
-31.844836247605453 -15.788628220192283 
192.88192094436306 -35.81111512335019 
142.40134919145032 67.09492300575509 
22.927363810561836 -4.085994182494504 
162.7257225364603 -54.55930463407353 
197.77842875983345 2.20768838756853 
86.41232843424778 21.552760896404802 
232.92686199781988 47.054397401215375 
220.97543107840931 11.14799847308666 
12.846281150260308 -4.565145731343724 
309.39297803129114 -41.49897340053932 
159.09687898413208 60.182908643216315 
212.54256349601994 -40.20491382560061 
13.415659374233503 24.308165852749482 
266.00421802346847 26.616754456703706 
35.32134052752682 50.5501969785726 
27.586137200905874 65.11824586045144 
228.2416068346888 14.914818740107929 
154.68403143122413 16.177526272611896 
218.0228888961441 -2.2861357287836097 
-7.80827114492117 14.972629559888246 
27.931996568909074 -28.029241742312053 
202.890406571802 -1.8682364442526203 
178.0291126161674 18.57352971298606 
120.55231020068585 -27.406697592632284 
60.16878771677268 -2.514398199797178 
200.85778016880147 3.149121354278898 
123.16805411422143 43.72007125009724 
198.16247009001236 0.1609277581572826 
-33.66979523908686 69.74783933759981 
64.14214852490244 51.451298624441336 
210.51301225035309 22.09740799119067 
292.09498599639994 -18.42216689545222 
207.2496870615779 -34.303608391153105 
-23.915728905410745 -13.984639218369422 
-5.853136480042117 -47.517279321934346 
202.05074740756615 -14.505945608725163 
194.94406624800368 5.460188717790932 
205.07067430185091 -1.0332604986104728 
4.196738007852191 14.223483043448423 
178.14265721542114 -18.350783192108516 
-25.228789081089047 4.556841244731981 
213.47713080786116 -3.5180409930143477 
32.747952524880944 -68.49383470817904 
37.659421861486535 17.744768797837644 
-21.409546788528832 40.548967688850006 
20.123579509341955 -12.79807682322328 
35.9831638630755 29.472977389830046 
148.64520420234555 61.796826662068966 
-53.56741997875506 -12.069320015328866 
165.82537461292395 7.266551741428241 
118.60990594674051 -82.6093537724953 
30.80616489094572 12.931199235081092 
167.41047771150517 79.67664934973611 
23.19533705887319 -29.683658718429225 
274.4592744083694 55.529904556338366 
194.28457724645182 4.768862347745097 
-1.782226050590639 -3.8591395127323262 
209.128472828785 9.950948441799907 
-9.370201238260275 44.453308250176185 
-14.241661603698526 19.520531825618107 
197.25686477828216 -4.447126069193859 
170.1125086257026 14.021675983681561 
-3.867740800848928 143.2434461116731 
149.54348732477814 -10.257464599571291 
228.30669384694858 30.2712348466581 
199.5378404693455 0.4033423546799752 
88.99733318186016 42.929067679672045 
226.74341544569393 -15.091147594985848 
198.55290909723504 -0.6347522788693507 
-2.571808967426568 2.895765054580684 
-23.919613906056874 -11.938263685573087 
4.52705279294626 11.47618948632646 
-16.631288754222723 9.143749376728117 
197.90535758698965 27.96028268633548 
7.137231446058495 53.88512396715739 
185.30015606612665 6.906946052193649 
-3.323197278366531 7.434367127636914 
35.660764040339835 -22.173671467021244 
2.83820930677753 1.9776066045722887 
185.43894015822002 2.715257704916024 
220.47517561312384 -13.168007984579333 
266.85687953462997 -29.999853328125965 
65.54908394500023 -81.02438872432435 
0.31612877886389146 -0.9750103931845631 
199.16072626021517 -6.474064408131884 
-7.210238977671924 2.581972236640832 
178.7573702374006 -16.989361224939834 
-80.79771368161538 10.173460608267293 
30.299157986638438 17.445942115291807 
201.90369150869958 -33.275549700576214 
204.49436437675234 -49.36758000259259 
-2.0620767430580846 -7.508748182267585 
-26.34922299431368 -30.905814836672 
142.27522785908758 62.56032910990098 
197.59021936729854 27.685760753499128 
232.6366994686672 -55.15093640549342 
218.48231725329615 68.92650267959182 
231.61129995936062 -33.123021064058186 
188.77612894848878 0.6915525078006359 
199.9792983335839 0.008399969894951825 
-28.57486794486377 35.45854890059679 
143.34973794115467 6.147031107572708 
2.8468280012016094 -49.404746390686114 
209.00044213639828 -0.23198056669775305 
-154.83964363338774 -1.2775962719539473 
239.2153426718738 -60.80909976756327 
15.21721303344787 3.234829413486468 
249.44456051355587 -48.53178421919207 
22.104044876943096 -13.759729262095577 
-89.07391893017186 56.25009100384526 
-21.71075153939139 -3.3031455131989254 
189.92222508181672 -61.35864319691041 
137.30180306466605 -66.88205989324163 
-1.223031796291939 -1.4376448300549987 
5.961665946574336 -2.700907876371045 
140.0124415862249 25.922373794629475 
215.22697357772194 -21.40336655577207 
183.98363859969035 -59.66169390440422 
44.74293975291511 8.165363271384248 
199.3285391463219 -32.36088832528093 
0.041462468685497016 47.85275231886406 
188.3735842511796 -78.44579449610036 
138.79207443974732 91.02880757207151 
3.4145770352030786 1.042164224927659 
46.07002903304444 -54.66493017651082 
202.51323539994672 -0.786937351716901 
3.831310863092272 14.341344799844023 
-39.5135701076416 3.6258740563504244 
150.32504161458152 20.203731854797162 
-49.51090377755718 38.573499990708825 
216.7410166927425 0.9960662569998782 
150.00660044686828 12.371425126389537 
202.6206448351009 -10.004447433696154 
-40.85880580486849 -5.606207617970434 
6.310076690928911 0.7281781128825077 
-74.6251949239606 -20.895746976713447 
0.25096268922402665 -1.8984545036749485 
182.76915936318915 37.04211596631081 
198.74309290668182 2.0663289643020133 
228.85512328407935 -11.646308581589206 
146.33865425739103 2.1168177437894298 
131.89790064121962 3.4024317523275758 
90.86353851996172 -29.201237009106872 
199.91622085321816 -6.675999308607195 
185.99196770703512 -26.83272805959408 
163.13275302936418 -46.05716175499638 
177.76024157627597 38.45133579188392 
1.411922839690331 16.416843318033678 
190.4198035560334 -28.433720626713356 
6.569535837829897 15.816809098451655 
-0.22310374144841005 11.514089836610715 
-5.893093731985634 -2.3556218981914028 
213.02760644669382 23.916554736243935 
15.282048825998324 -10.137973272049175 
9.388905808950456 44.2536803466432 
158.84908253156206 48.8886887665388 
207.4538009853055 49.21058954723564 
45.73966969751667 30.417682787371646 
154.28562839134477 -22.08446612776322 
210.44206048508354 36.08826849587798 
194.21783652740777 15.785285483581088 
224.0329984211077 24.43755574037617 
61.84437573320468 20.41895992812129 
134.0579091276968 -9.477337950082147 
0.8711543795848464 34.38555354774179 
229.48754230073632 20.739624574265942 
17.754239470874854 -2.5842632411286837 
159.95062227704443 27.733131428105942 
-8.833736416162047 -13.532704027000895 
-2.769719690169434 -6.488928560401277 
242.81817147136942 55.8396121349658 
9.487316338926501 -2.1385127059470155 
-37.09138066820875 64.93529887121434 
208.2196920178362 10.912228488218013 
322.3939241841057 -42.4362306200915 
-24.41136655057632 -10.185194722055465 
16.92358935417469 40.06915408158764 
-77.2162112657834 -61.313897686271595 
-82.97904935788179 25.638118979615335 
-41.4796073304264 14.662247603350949 
-32.44903084372999 22.536033732334463 
111.88790819673936 -41.849832750281394 
260.93277980603995 -6.528656373455407 
-5.057316448873837 3.0381110442540717 
156.73438566208526 115.83024868247037 
240.3412658400927 22.778293066874856 
-2.959374093502632 -4.018585609151955 
-7.021336209372666 21.984807114399114 
-34.505679823012755 -13.85521144924203 
-5.486145994085873 -13.810807470737052 
-13.490829111806317 -1.9609895746072816 
4.154981106499165 1.9148811109956787 
278.3887546523292 21.30451568145753 
59.131800436551266 -66.92869746677674 
204.19482442022138 -3.023336128833083 
2.3585209867729082 -17.9647292284984 
264.93097037082805 -27.413678555098283 
10.51922305971904 -35.616800188010366 
-5.472587449917788 33.2465746017467 
215.9190588163348 14.881902187748492 
6.776740925744494 9.847372647300332 
238.09896289352673 45.43180360022331 
248.35132251750687 3.7921120778536377 
200.98078584938492 51.10964547739724 
20.953358574143063 13.244716501668558 
3.7245988494952385 -30.55950639022551 
-30.515994023793837 5.366439508642275 
224.30296837272604 7.815158377767063 
219.7008196011056 -21.444078826167846 
197.3672139740018 -28.142544115507476 
-81.8632839657617 37.91121750945447 
-8.71356198000637 12.54924859619792 
39.955011609572836 -26.035971111473838 
185.7646788079813 60.460494512472664 
193.89851046220517 -0.8756747927435772 
-30.769005525758264 4.053166533352797 
203.46437343276085 -0.9294094120942064 
215.27926662720208 37.65256996487865 
-23.110296172614287 8.990905925053063 
-1.228710581787847 -7.267028808121615 
-50.1193083996993 26.92425995202319 
-44.01583981845686 -66.28353012076792 
44.25320136004599 -57.74825905899246 
4.073489813651236 -5.5283927704868505 
15.299467121120612 38.14718500394145 
189.11187219089655 -14.928050409451451 
-10.624242580119354 -24.41145308807409 
3.1709991515359897 35.565802585975305 
12.745508438339954 20.002954574916917 
-6.820647139012718 -20.921691634362663 
-65.66679180969366 -16.205049892416046 
283.292604797872 70.18319261329015 
175.38409500879916 -28.62821298621425 
12.05272901108289 -95.28191982529938 
187.86185738006378 -31.746042042920525 
221.27652236211384 53.82199433792904 
205.69642602329026 15.165608390051572 
177.1171824396259 -67.75044533011001 
0.5842705187052205 5.204609998238834 
176.4799548956037 2.0744558944995086 
9.221260970991828 -8.589951808427946 
39.501223361135374 19.18480939007516 
-19.10450418590367 2.8761156493364495 
24.4705481442987 -39.43407329226099 
203.68077321669384 -44.16776867813517 
154.36632625816912 -28.873079005811658 
166.32080090482944 2.6066817704107117 
198.9584691093248 7.813274820380121 
204.190913058749 14.138135057144764 
207.36739136686037 8.456429969436568 
4.868218414142753 -19.772497466121894 
211.13466679331708 -12.361466452950628 
-80.51573798411145 8.67666743647043 
182.34539580625162 66.03081858378621 
0.9475357424644433 -5.846439232036327 
241.90882474641342 1.1199678947818954 
298.7514811844617 -49.040685058003035 
212.4372088630511 -0.2954828544798751 
154.24112993221277 74.43232208777324 
180.94940065604874 6.026875297234297 
-6.771514411267292 7.1937734007589516 
285.55241026186343 9.463928304219063 
156.11391588525075 68.95988213912568 
-13.237328026576122 -23.05085246752053 
234.47203147453644 1.5646165046316445 
196.000028658985 -10.364501043804918 
-22.059961159268003 -48.624243611777594 
193.12258872414202 -14.134952682417468 
18.85117269507089 -13.830442441131117 
201.58110120749402 -1.3772580761310702 
-0.03362745813648415 0.3375415433322468 
223.53344692589366 6.186612383533149 
-31.67913896273154 -75.96008515285091 
186.632834246499 -18.157350492202454 
214.4058503213867 -9.764354549524558 
199.8638626276545 -61.46473559691546 
220.30590145272618 84.73367989840635 
159.33898646888997 -65.82148472154934 
180.77675084509713 -12.12695115565677 
-0.5745841380198887 1.37603230983856 
32.12814663773537 2.5280662782887515 
228.06932028254352 -19.886776486756034 
203.17598639370794 9.08831495230598 
-19.089184162343365 3.2600197120242855 
198.7318585583049 30.061765864449608 
161.43267786215984 1.2375888791511513 
215.7271593984394 46.869695165389906 
-16.374692215831644 2.937428030774329 
284.26163037549435 14.350059003101705 
156.64421803360952 -3.964786738222054 
146.7323372179192 31.014404680750616 
239.39524967715425 -13.510115738370146 
15.042286277128522 -12.973988845734203 
290.48777691576913 -15.175631263613932 
-45.5788786255558 -76.42801994195293 
53.555477775494126 19.724892669207154 
299.1890010183976 33.65795306478487 
31.543071058913174 -8.918525296756878 
188.31326482078012 45.448495095568006 
154.7446806047392 2.793643316157227 
-49.68073658834828 16.12351260406282 
225.60494331927663 -8.226150128750554 
206.51339149130405 -0.641096352260716 
56.6147255268562 39.263695937768006 
-2.66022221307848 -4.730173889761814 
187.60667453834188 -12.278375268920895 
-28.051692398280448 -11.317580394166038 
234.90175995771517 12.105489911487973 
125.2469549836552 -14.204938859840631 
