1.0
1.0
250
-4.669308629409273 -6.862802745890309 
-40.31410557228041 -35.90736662000662 
252.7325845957173 -52.15609882171999 
196.01971279670738 3.8521062077292556 
203.6320082454073 0.5422926352646341 
84.32282128124338 25.67379483708783 
241.32154160938185 60.96091377660646 
-5.1266081794557214 28.459513452878422 
13.80313679491132 -0.46342246391600844 
-35.84415364715946 10.411718306813261 
11.059016569384355 10.017925265476016 
0.2209261600417727 0.597902127602085 
234.27504555479308 42.69520861041647 
16.972271104481347 14.70543671705885 
-65.14487226186645 -46.57998315274198 
185.73215032189464 -1.561205396938466 
0.49465544319045596 -18.857501871255437 
201.6689358238256 18.50960183354366 
71.27054334534068 22.688539439396315 
0.7836068499801306 4.1443942304810175 
197.17087295786712 -9.393384924513553 
167.1257954423936 10.326327859171403 
80.61917549291135 -25.8269987749971 
14.318992321893836 -24.47070697811036 
221.6122482329781 -24.316910209488498 
-7.084743245510152 -6.678231504994629 
4.20841147329098 0.7946213660181075 
17.987857869715533 20.260388622781427 
198.98500507880607 -9.194265294743266 
185.1992559957928 -4.987227420760793 
186.28270683426413 -4.324026044887561 
201.32921906570698 -3.6015584857657568 
211.8511554082183 -3.907627541136849 
-36.66883228332484 110.92523803044436 
191.34577996862623 44.9239485009966 
31.649772018745594 13.601379329152236 
6.913749521110109 -43.60524192161209 
170.54371735672396 25.13923717815894 
146.35064139677291 50.18577905932341 
202.09753550919802 50.22593810537066 
211.20091870886571 0.9873286101199865 
139.1880746464855 -90.6051605579211 
33.57959083557799 70.03479841271923 
279.7276901770571 -49.798071247191935 
-13.787428496151271 -25.973800331678827 
5.946382979950366 1.1583944579778258 
251.5432305112899 -14.995773456508442 
232.60647673531432 19.66862422420759 
295.52388670759717 17.81944157889737 
172.10710278364544 -12.160294740401616 
47.649852088143525 29.109619567882874 
282.10150967274905 -37.09950171521181 
-59.41324546058461 -18.612502940828687 
11.985254594259338 11.882658105559196 
254.04645297696067 -50.6275287035856 
8.662280555006918 46.712064969057245 
57.67359250600247 80.68176540898868 
22.233830737358826 97.65520578315531 
2.1574610043857603 -3.4408918746163946 
217.4536828357251 -77.99620125586543 
202.2353546801352 -37.901206865222335 
199.2542943325902 -3.517854542626042 
-0.9546680769967596 0.685085700773147 
218.36002606690738 26.04307945616319 
2.555664281038174 2.595862025314651 
200.35460497124703 39.26999796558364 
211.95639603379766 -1.294691437011295 
176.28838457043153 42.5995426158561 
205.1448375031457 0.4423165223983268 
172.4852237414135 -16.590531718480957 
-38.7561325935577 -37.621628251095125 
13.735089468587864 1.9721156643441755 
-11.135868334056662 -9.61120420241309 
0.7090545871508338 -31.611143687057563 
-34.683571093342536 13.36508528171217 
-46.52922303381285 5.448958506099891 
177.74801407835434 -58.27380311855309 
30.916890836360615 26.673004013711747 
33.05591201846462 23.540746586201994 
-19.170598587506188 13.750435965048654 
0.7155886857374835 9.654114913839607 
182.50686623286566 34.33497882581684 
-10.761709998279283 -13.492362696545783 
163.98176692972203 63.35812653118551 
-56.26113249998284 -1.6748657682107737 
234.16189125760644 20.09425228065126 
0.5894612690794211 -43.70331468399701 
202.05243013708557 -24.749082171487736 
31.437708654535736 -16.976482505651717 
12.137601528651443 26.751534257277893 
219.94367438343065 4.256548660625015 
-45.3675972154314 14.571376409093837 
-14.237556641807958 -21.131720155687244 
95.91998089048326 68.70199826439294 
199.68637261876162 1.4875960801395947 
58.12423565033174 -4.698036513457301 
26.496022987365844 -20.63821764495057 
199.68885999573624 3.8448342648565226 
228.6153634074161 33.026971220528004 
-30.37619492575465 -12.186865206184756 
-91.61483225792715 -24.716415416476643 
2.570439312798308 2.0887130619936354 
192.18439648345986 1.9269819054117991 
-10.526492349177929 33.68192940593219 
-20.395340301890577 17.154095072762324 
246.93329032837664 -7.6558831784246495 
-23.66541492147867 19.799122667542186 
158.83001412717414 -55.22038284767062 
184.46442974806067 37.31037620951511 
232.33039354881384 14.98727380050972 
275.13958330326835 16.966851619587015 
25.525458358189233 -3.990581560588358 
9.484745205928101 -66.7663795120495 
156.09796432048466 -2.3665608317875315 
9.169690176275685 14.42259027131842 
2.1460293993182016 4.243872254987881 
-16.506864342928846 13.888309670706338 
224.74994617393085 6.821541144918653 
-45.14072565968229 45.60413281997922 
185.87796522141014 16.442150873614178 
203.39601657244185 3.9955769340898253 
0.03177393946968457 1.5184670172610972 
-64.46141149793146 17.927583488467477 
269.4907702096932 30.407902961007977 
141.39106380572454 -15.525641178190606 
21.1860451392394 25.35728518644494 
277.64889006038123 -8.004473782750665 
267.25379173899375 48.96567215595342 
-19.842682703974365 3.805893510443094 
195.24334227452425 -20.195725673927214 
187.29527194716465 4.576614712811796 
225.1253372509629 -22.045464320916988 
-24.106545333627565 50.39635235042885 
28.482470924448688 18.067969356501916 
247.98139396346198 -32.82261424618784 
1.400144324346566 27.504622694314715 
-13.447961688665824 -22.38110145468774 
173.7579211411288 6.265547213440188 
-98.00856823573228 -13.201525106971097 
-4.342407530255905 2.2101331401530313 
201.26615625141736 -21.783264680907877 
31.336126788772354 11.472003422665763 
215.01963333122134 -6.195732067220657 
254.81456104816363 -49.54132360795323 
221.688184603515 36.72116789032016 
-1.0133662704333428 -5.62232290418775 
4.587479194689223 19.875169414929506 
210.09620224937194 8.29740516236285 
-2.4623940114529717 3.796978791838669 
194.66076473226445 -45.90262209118897 
194.40763221047396 -34.521215069223686 
-14.844080206290448 -43.573376696513805 
61.77131146456259 93.66386856960935 
-75.34431439371228 38.33998694411525 
0.4113612250799189 12.343230872730944 
241.38179593414753 52.119545717492436 
9.364569620772034 18.575935591917403 
29.80938043850688 -9.11297194866577 
6.5479725776327085 -74.39438088837396 
-0.7259386861842854 -0.5915598386775784 
7.6871060513028695 -5.789807312672142 
211.40292554275655 19.74132143588808 
214.0149284639342 13.834409866341565 
239.9216486022092 15.116739905920577 
15.655084348765891 -28.51335236722888 
-1.2399258784992924 -28.086563310038528 
-16.795263469806446 -70.08506152536523 
1.627877645990786 3.3293243576639724 
14.332689798456808 3.3089804533464777 
-5.792218453149538 -3.060595394887528 
185.9752235823655 50.74698888548668 
118.54432296652753 64.56482598651708 
197.69121575706293 -0.6272094757365266 
181.4572152762523 -7.267777942402045 
-8.69534993636785 -10.385594002740053 
-29.03057100745616 55.25431299669589 
-79.89302035011872 -13.099572300516286 
184.46834009059532 -40.34461204950578 
201.23584840727906 1.4452275985041025 
3.0035493741212984 7.100465598317606 
-80.57784086198536 -1.8742476625135653 
32.758987224248635 -104.3090015500802 
211.3637769390451 -1.1628525581274536 
31.32727451242935 21.84765585887481 
199.1593136173995 -33.18786995006862 
-14.038622592539562 -3.805534465452898 
201.86699017823202 -6.208052037292071 
212.2929795795706 30.69652198420924 
201.451535181136 -8.344825011476122 
201.81317152622395 -13.800662334954433 
-3.848032186274945 28.32726729371714 
207.500920873613 -11.63214459195842 
6.746727068986958 1.1100365554248621 
228.73341182652922 -15.636079750724422 
25.9665471869425 9.555094048536425 
49.33789016502401 -36.71399080612353 
196.66435694244615 -20.5800934286729 
196.74941299926735 -5.17133155565332 
170.56675617902823 -2.759706973568952 
-8.325113369289099 -9.941897528515033 
197.28452075435618 2.4303746166975926 
198.8795564894265 -1.3586406271182 
226.0004636232487 -36.89503893264618 
18.024829413775084 -0.9566767353199973 
-20.79955119554629 -106.88995508850223 
-4.005130109772309 3.3952278780211054 
8.560908907943201 -22.62059916822241 
37.32483570298895 -42.23407351523741 
20.17386883799165 0.06433973966370353 
202.3320312981606 46.11929883299603 
197.18842799952847 16.885155514516416 
46.218443585287005 -47.62649124010703 
208.78437053081583 3.4672754478587655 
200.5728993491583 -0.8091648000267191 
21.129121548971103 16.792741607738424 
-29.95664621385194 -21.150956420882597 
230.9854660333643 -3.558006147897827 
16.92458099804913 34.015940357135385 
202.6967909493895 0.8783206524867253 
-45.75438599664749 -31.12229920662062 
213.59478667352084 18.464304060765514 
41.35637577476073 -39.586659124699885 
188.30146362013093 19.968907961868567 
182.91226974264146 -24.33509517940523 
-0.8871614749952857 -0.08406882722223087 
-5.775393157719219 -9.258930793687396 
-50.66601791112482 -5.5810175057628735 
171.0118824094573 -22.979911099393327 
237.28752178428988 -13.303054688738204 
218.43280877816028 -14.038807930070474 
16.020275626144276 -22.75404064024065 
103.1559296589671 -83.56437278878735 
-10.025975460474289 -63.633010556318176 
5.253993569604259 -15.113717204688134 
184.50388569908736 -33.458911501848 
75.13968405997207 23.331740171822204 
205.9821565879578 -10.224097485441447 
-26.82124151721211 -14.436096037225026 
-73.82032798834031 35.44720173137353 
27.57082195756086 -10.154388026601168 
182.9677367882359 55.32785589617564 
49.24042108503003 12.297139168416532 
220.5887441409742 32.564096371219215 
181.004245796569 31.10515021052861 
-49.85270530516774 91.89048993680123 
208.9490332584749 -32.3119486928277 
195.73301192778513 1.3603216039163697 
-3.452107198092898 -4.073854474599362 
50.67543500428809 23.352828650976203 
131.664209168774 49.895332634603484 
