1.0
0.3333333333333333
50
-45.46716736502184 -74.37791349782016 
56.651285782252096 31.899649446786803 
14.61793967970597 53.01810044063847 
28.74579444519964 -7.2965960492787385 
199.20409093080713 35.44153060875899 
16.45360591580647 9.440881590045569 
-0.6719355756714491 -1.1525472692984262 
194.8912887583371 36.22257412173192 
238.3939198600149 0.6492449152172469 
2.452659433978555 -14.459340794303836 
100.43214294426465 -7.6454157167860135 
246.0543912806284 -36.94988549291738 
0.6447506886329274 19.89244290532706 
-28.536941530397826 -21.31344955990604 
141.00201386627097 -17.543107355033392 
203.93664643820384 -1.0608895631463588 
204.12671702273852 43.610183684573045 
238.02839431872843 -23.208644347694634 
121.94440756699201 -57.857443369707745 
-42.284609780881176 -54.73733086507086 
211.26422025828055 2.003946438496674 
170.30610211081068 58.42024370081654 
-15.554968559920002 -38.964538527074495 
195.22296385822293 -13.015096454287473 
154.79912478138732 -52.295616497634455 
111.99098535247973 -2.2889136951006663 
223.62673856207437 -33.55956294928419 
259.32967571869955 -4.237822070617441 
198.82559211722943 18.77714581371459 
-20.41753647141931 4.330632966101521 
19.650540220364892 15.753026657343858 
108.1296066334375 -32.31554513819761 
-11.636765850528898 16.318939141943243 
110.34556973809606 22.313083546704526 
205.23683894472939 -55.998686256213716 
182.926825886683 -0.9130061776500293 
149.25265843985312 -54.83716372005668 
229.55052117466758 51.85969693171986 
172.46845016374766 -18.05110091794487 
238.2350445143114 21.983068953958377 
264.8808016340839 79.64132288478292 
13.716392945764015 -34.6421228943374 
-26.980244615630085 7.927356137683146 
-0.4877772270835253 -10.203380323817107 
143.25390946174133 19.192604034069504 
-56.514596715919446 63.18750466140797 
14.642622281403714 64.36863307911698 
185.73619845931393 -15.66837685491119 
196.02629675164087 -84.69178786694818 
-10.062910816294774 -9.467162258233031 
