1.0
1.0
175
-18.212300877826838 12.148797265873084 
15.275107698656969 -36.121313924206746 
227.84382620298328 43.2155668091118 
244.45330435594363 24.846472889871976 
188.8888260763431 -49.87691803097833 
6.248736775769285 -2.5074804921130864 
178.08750371658232 38.288965094114666 
54.398510217215005 -88.435582896568 
78.27393118469412 100.26451665842862 
114.84908575714287 -86.6303590707907 
249.14973457904617 40.389526032178935 
31.720672585087836 -15.821862365442044 
198.79058385956048 -33.45936615013831 
15.021643931602137 -12.678986155303509 
-28.044285783461987 116.59751476010395 
-40.32502366288063 -32.79894725065119 
212.7711478657891 -27.63293985178294 
-9.52995254699577 23.92791036501742 
223.09915243876281 -88.03474866968818 
220.18881477265515 -21.093248623072803 
-3.175002318173014 -66.21510839151706 
3.043048538795556 -10.770848897259848 
166.36255289988787 18.506386941571144 
23.872308755604532 -85.03996224042659 
-13.976135302953939 -9.309192831343058 
183.10187149428887 -65.46556212903334 
203.95682347443355 19.639912684598695 
192.03883034910737 9.22745396365908 
240.3025383112472 26.369349735749157 
-26.991005524214177 1.2097962951423469 
243.84681652844168 -37.782219270388325 
205.10792615954307 30.82222887059499 
25.42902473619115 7.842033247833921 
211.60843912181676 -8.755629341852886 
10.191471668923807 -46.42663913559612 
250.12882009130357 23.525722686453797 
27.926073337917476 -56.9553159983682 
246.96840610413307 -88.69749856867975 
51.81957837329033 12.571995203263882 
20.032134689054327 -18.41780782025138 
193.0338839048001 -7.933861758562372 
192.042155435804 -102.41547432037407 
-41.77425432906942 8.277261764161677 
260.644773526328 46.19568353079746 
188.22239822929077 -77.14434093148017 
232.66275967187852 -34.07136673690915 
13.397832900049826 59.226880600364055 
-4.26517849847523 -28.296392799353193 
208.1226972177805 3.6141277406364347 
177.20451812740208 -10.285072934229788 
2.818284614336479 80.12796843941913 
45.254989501580624 -36.00223187505951 
-0.4735302963729434 19.57441082834163 
-33.6909286683299 80.09999008807466 
213.31233525092702 -49.19601260117135 
224.82439907607124 8.423855812822366 
197.98586457915042 -39.52939510939434 
-41.996861151856926 20.686942376000616 
8.281768047064825 37.773439224268515 
0.027143234240326785 3.208025499088005 
178.5969827698238 -4.711142427079686 
224.07132599565728 22.86295836506632 
10.928478794722848 10.14751141029982 
-25.53799310986657 18.24859985351803 
195.03848354542248 -2.425933712116838 
217.24735399522734 26.938456205203607 
155.1937415872324 61.9236231387094 
209.46640740902163 -38.54558569590238 
169.74107961610454 13.449000972657062 
173.8658092413877 80.06543280666614 
48.02742739080684 76.10287643599429 
230.2336897409532 6.707862984542501 
219.88125618052425 14.025432898360807 
-9.643312539916916 2.7488525110359534 
30.79603905345014 -12.343942249805124 
182.34967278433763 16.06328144313448 
178.83543321852784 -7.913419931915181 
-5.433461395354447 -17.815897710733783 
243.4765857111016 9.731302133965622 
224.61345342038683 -8.680853678706502 
-73.14247871820615 5.2448365919310875 
-1.0486778181259209 -19.08653380537045 
198.76212313662117 8.640129772594872 
23.94091907841668 51.81593124811332 
-4.077876786574577 22.87489783286051 
-44.66223067101375 -6.684440963847778 
-20.486674079417266 -59.60844097905543 
3.055985639134084 -0.5140650666515945 
12.66024586396404 -13.210948868171105 
-33.48381372262847 -65.47375303633517 
122.54714923926612 -38.05508024740692 
200.9834022345485 2.943380566827359 
267.86297554337705 -17.32531788658374 
-16.622969614270616 -20.86835420385853 
-11.509155268395261 34.56420469599464 
-7.2680427001459895 29.018236463668885 
3.04537513201385 3.0631819842275014 
-15.705148613425447 28.031126334267523 
-0.6025197665288153 -83.50092132189408 
-1.5824076778327756 7.23047057599124 
199.38346657989393 -0.7026734507710376 
-109.14327738862312 -30.698527505800964 
10.27990942722304 -28.268535869281383 
202.19983439657648 17.20517671803109 
-87.23056370837878 79.40683585262276 
11.627727457434686 -17.297186764743596 
-63.48338549910345 -47.08429921398421 
-48.88234896379476 48.822757519995996 
253.22836224897145 46.9289463232831 
229.48847155299399 -15.585891845757734 
133.7356044638114 -14.073387540231598 
199.13612952848092 -0.2663374339728167 
19.927926187093867 -7.20784884109597 
-66.25507835207213 -73.99544843394817 
258.0350081971678 37.31932477218084 
11.376128780739611 44.409490756514394 
-28.533370992137066 19.61221429782514 
-18.86690775029286 14.049630654418579 
212.75942258735066 -15.162185867186055 
-26.969892837490967 -44.93921091099202 
234.17347098711707 -93.260136235348 
192.12558032159043 9.510689573518174 
35.538293523558586 -115.53674899723669 
-16.067178134839512 -18.011778987089105 
218.1179228103005 2.722338822799965 
7.522911114217294 -8.190347384343317 
5.935375273573104 -26.82679514808562 
-51.08169382457749 24.838561082745795 
103.66524389527761 1.3729253654816511 
234.94405011939517 45.1842545081036 
-37.65627564186389 -23.670900640425003 
166.5810741623325 -31.39276411138049 
-10.327358879223524 27.96829829660415 
25.331606433326453 -22.806857588717136 
-12.455976810986545 30.66858483202435 
107.01087643829297 -92.37273943744889 
282.132723535555 16.933467198389938 
234.50162395864106 -68.61862482960508 
33.63271982341569 9.478578643866722 
191.03908817676864 2.9145479865091684 
-45.13168774972296 -37.40219046780904 
25.788136474259595 -63.19587036574259 
49.93482496232382 3.1580435986528475 
-3.959486852918027 4.555969438115863 
218.21053601929978 40.18860205822516 
193.28175194368754 -73.89070543369083 
176.01394220472963 7.5794870588389065 
0.7025198549313063 2.249702386534137 
155.12659933131675 -62.23212369897223 
-13.556001945156686 10.891952267122013 
-11.445456584718308 31.92060486402361 
0.4142154360756478 0.7135712355199171 
-6.001601705688758 44.19355968366606 
189.93959435709408 -13.8422217360889 
26.94073456241105 0.6853676985594447 
195.11416962988457 46.60055703380543 
-15.865756088177413 2.9740974913949523 
16.324560602336994 -27.555676151211788 
167.97118060302424 -46.13480402007809 
48.575000301545984 -22.432589886278087 
53.126825412444376 -103.3161261628351 
9.325138243643547 80.22169617800249 
217.0221659214386 13.023348216220754 
198.89951423900408 -11.375622904456362 
201.1788256667534 -23.93725377377638 
190.03508377915273 23.60511858254131 
178.88508547899139 -24.904949945914034 
-24.482545664777447 9.62919651059242 
193.81606080557123 20.912246035681378 
193.0173496135837 19.724409004710648 
0.5696458437937009 -1.0396896036857204 
7.955354423083502 -2.508259091586692 
168.3182520825059 81.74475754402238 
171.9605846467496 46.28952463625421 
207.36233865030934 -23.720804662760756 
