1.0
0.5
250
-30.283532784559622 -14.187145378535934 
197.1829334672586 6.613167118621406 
18.76390496146336 9.660481555746944 
-5.581694717719547 41.48014779751271 
201.12737920221844 9.854464805027554 
164.34604607430273 -84.66520272857257 
-4.040598810243586 -18.175344665886914 
81.20800662709937 -31.753239421502013 
188.04424075786213 -6.2085416004969485 
238.24274717937078 1.1506249690230697 
-48.12485347232873 5.4791260803365125 
201.31936674175262 -9.199604113816262 
162.25664795832688 58.286365015722126 
-11.06420003799715 53.327334933148435 
247.3718150144553 18.77638083052083 
158.59517978258233 -26.900050501245133 
261.2115705103637 64.74974469188484 
191.49112970947837 60.902339482123516 
2.9380830780617115 1.966257793213118 
-42.40124419298301 11.13081940883976 
223.69761199738682 18.382667617198788 
-73.9911536860743 -44.24051517537679 
1.7701827875154077 -113.7296557384507 
296.0161811605074 -48.67061142406196 
-11.737363481354318 20.54986777661588 
13.457241019616651 6.408249991962523 
-27.637738877288843 -34.09388595290355 
230.96764249738052 -19.07213574721478 
178.41670758150124 -50.580416608892385 
74.57836099664102 24.331016513709685 
304.77282749806653 7.396610139022168 
217.4870275352611 6.191914329302333 
0.7427963753856764 -34.79227184048465 
35.3124790265014 81.33171247838874 
230.02038329826098 35.643991147935516 
249.6785301381597 20.163218118402146 
223.65859126449303 -8.053315607672953 
221.84838372507642 10.363544293036346 
351.2759751183347 -148.887949563596 
-31.93318064115339 7.96655045364148 
-18.17610636242203 -0.7016183255943516 
215.76784866615674 -11.379847165685833 
12.905077852578506 6.80164172987136 
284.58351903864406 -2.7364953296617416 
5.322250886313912 -38.728474545988355 
218.75967633710826 15.313880771476859 
-11.024797423830723 -8.541221779479478 
-1.4325500714512347 6.832590654899388 
62.56218726778999 -25.275899127729943 
-6.535273353947611 -19.295402976118098 
-2.1453174106783437 4.76035127200836 
-15.65699301759437 45.697365650862096 
19.281149873569408 15.286249671932033 
257.46950062807633 7.449151557957382 
-22.238466020348795 63.02995511795719 
-17.026560210337255 50.853392506077235 
132.95678978455027 8.861982323773999 
146.4103733816596 -65.28228632631104 
177.2565947167903 -3.234947696869014 
-34.402999279855976 -91.58011332494684 
176.32511424719934 -46.833548980932896 
200.00336145821072 -20.489042253745794 
-14.994249479307914 0.6554950813633803 
145.7395375875603 -17.3265338806557 
163.85463159551094 -34.20222570168701 
191.20222693864966 -78.5052032091224 
199.34358741457103 11.07588983247279 
249.10478900196318 -42.155450251755965 
149.69817994805717 -2.7554872749462893 
-1.5153954078977105 -14.876667575800177 
-24.38792296654228 89.62515945250325 
-0.4981931665746095 -0.40390598777935116 
158.11033232070506 2.09201712487292 
44.90080728544253 74.3599607740509 
204.3055448784048 -36.758896953893775 
-3.1559579191660223 -0.16284923308343618 
214.9250986415507 13.940436417739177 
291.5979456072672 63.42544760342221 
177.88363295302082 -18.103968747316408 
11.248309705218995 -30.4656952963248 
-66.96105617886673 -40.75627425692524 
120.88378273683566 -26.765688173482218 
35.3151495126623 29.582420144759844 
4.5675671837272205 -20.41339491848892 
181.85429428699123 49.85792718065306 
1.1061698546461336 -2.6884470716993487 
22.055435174691464 -2.899833624306886 
209.24146913475724 -28.98327195531255 
-4.2973860358992715 -26.840285151694047 
-22.981568644121666 3.4689729981913366 
-0.6311407737932005 0.2981119011943313 
190.00886143956927 7.443510246893059 
225.19196348401064 11.364781639485695 
-23.410620048405967 2.305817078956926 
1.1489424154485013 -0.29556179730483656 
200.66371707881333 2.0622867264721787 
213.5799753741934 6.040428940658179 
27.034007566543206 -22.52282633914815 
22.73345938033839 17.444176323884648 
-9.123944039954921 -24.739098020314962 
-2.7203952760678676 1.3316488070095869 
201.52178546428115 -24.455538248227498 
223.47803830787066 8.524832241398022 
192.27246309884237 -11.426914166451153 
-64.88631074576304 -15.550444429273393 
-0.21955543197122349 2.897474077152326 
129.5184446154207 -65.61691567865326 
234.66727717140145 -7.522006093645717 
150.44018785200223 48.78443992531591 
-66.254246612489 26.17395213148501 
225.71006255227394 -6.2456807741853275 
218.18221415199318 -17.365261783126556 
50.46228629025654 22.754433856014394 
189.49175248076415 4.436292076380564 
2.818248167730572 3.165293126756588 
229.8408254032057 -20.01034711005532 
13.220076275400466 13.484634956492997 
223.32364886526582 -16.994337178564965 
-1.64203886274135 34.76859411490871 
163.3728880896574 -74.65405363996796 
45.83961743605453 -5.236764428419086 
232.85881126639697 -7.764261540210078 
204.57564630560515 -13.02281976358759 
215.1278857609955 -2.013312358627792 
5.686999999682875 38.149408018694764 
128.3259539831417 -54.32218653906832 
176.09627365400485 -1.0183673142548357 
194.1706768644988 -7.284254057622749 
196.8087910938705 0.6753146338030651 
178.72969768375347 -23.020204075308797 
239.84778065144906 -49.284517986411934 
238.92796682999773 -32.72461799400642 
180.64348073988478 -44.05152374749768 
204.31571785753775 9.91521785631273 
213.7197785409463 -17.42962605346241 
177.6770764806295 10.890058815941478 
-56.643304057830626 15.590041342422195 
-4.180069246662763 -4.094901504239386 
6.1547023227855435 9.441647470549045 
-8.125837061663676 23.474642649240128 
228.69170979719914 68.0699963392138 
202.37163157585238 5.615648735582363 
1.7553623684531088 1.631370024293798 
-14.638425821824214 2.6354043604019055 
54.784037836963584 10.790294933195122 
159.4084982012582 -88.45222813635337 
211.15605703587013 10.378201355802894 
209.476160165136 -23.07004201170029 
251.87767392648325 24.72952901287502 
235.76122379992228 -87.14453101839047 
199.98174847083115 -0.10987165982964833 
180.0155928302105 -2.7488253536386145 
177.86382724748103 22.971152913013515 
202.9933902632259 27.71850871023206 
193.84719284087754 10.85011545733137 
202.48057843724055 3.7978542439553933 
-25.141091429005996 28.62856374796398 
183.82897129328148 -9.055473699070214 
3.451207946388678 58.841937294411174 
-6.062663318332242 -4.68068769695659 
-18.535963613231793 6.2275703342254705 
4.607252718243712 -2.223674366025177 
2.514655751918367 0.4482978235590991 
-36.02320029179097 -55.75120041436725 
-45.601442312492004 9.757061739798711 
58.150368802210984 -47.12909693022713 
244.61326629768357 -31.19658701627672 
-32.95073294399853 39.70291556301307 
-6.600911956775757 22.905669560206647 
212.29645977792546 25.706303729905603 
134.2054013423993 46.116190936224044 
69.42329628851436 38.932845331856626 
269.1154237419275 -36.64342604577509 
-26.11254894673262 -26.671268868427227 
-3.622314994370003 -3.1298769580281154 
222.17275196433062 -3.05407596207351 
87.43729086145419 -66.67608150857994 
200.63084881653842 1.8660224740903026 
17.283792063804633 9.676449852059305 
16.26700819992478 8.91914407209821 
213.33205678880003 38.73262998344396 
-3.4338920250012266 8.118837561109862 
210.7761214368892 14.263560643852985 
17.064171769872612 33.993616317491025 
-20.2553938006285 -9.779839796606874 
-66.92661834827109 -21.117198104037012 
221.21210692511255 -91.44568807340427 
45.2950437701779 42.3340424323644 
-8.600389493650763 6.455467756441415 
-12.318251104000225 5.962787860268867 
23.314762617038703 -34.19903219808452 
146.87014818946426 99.39684613965002 
183.5383899686749 6.131921098998058 
14.078404981398876 -23.24348767770572 
-40.49066685228882 32.50282681485908 
-9.129359414013404 0.5499704382293408 
233.7420995329326 -21.406989355189708 
212.26597836754766 -48.13071857110559 
-15.202512456395663 13.293208756789225 
42.915336513689375 21.79781702197768 
246.04403504721967 -18.04580982118348 
195.18141683037177 -5.849400073750363 
103.83736275816945 -15.000780737789258 
35.793381332786666 -52.77608525685117 
-2.781771862936257 82.2649805397974 
-6.623999946446136 -16.07743039427999 
197.14577546678498 6.2932503600337295 
188.61709626753466 -81.15008232190631 
-18.088242951960336 7.016422131997674 
94.3516459345285 34.07901302867984 
246.52204474838652 -58.69652332339521 
-13.215814776607989 12.556769600723083 
158.75637004526317 22.400546666801713 
-58.708995246973565 15.754884884157963 
210.98792779485203 3.0655048382055576 
-6.61486561461949 -17.669476937828996 
197.66685557780443 -4.55087246933633 
193.29900385129557 -11.147545320640235 
33.63352513194883 29.285909059549038 
45.71572239256324 15.289978897845948 
-16.013785886726502 47.50834368284694 
183.59454007409292 -55.175353350655115 
-36.76457104089581 9.489424019133677 
40.40762155268564 30.183114421403285 
163.74691244549766 71.82324225515617 
159.779653023842 -38.572985598816466 
176.07403348306812 -16.376654240178468 
-22.646435971906783 -82.30890488973412 
-0.2852340677032602 13.540643222756943 
198.05563588177205 -91.4197119386783 
19.727366431567336 -1.695425950311599 
186.43016101576424 0.857907298455737 
250.4954932536484 -56.02997929165035 
232.5963441092307 0.8385385120649774 
164.97586025296084 -1.137424985187605 
19.590558801013007 -8.173312268510331 
149.86280013544237 -12.803034104673975 
199.11503144624672 11.545877565733944 
75.69339524817616 -83.56395816748656 
263.6764499525893 73.40880671278842 
164.91112063325096 -15.193234729607275 
226.52023370301436 -7.75877956681182 
287.1420258977534 -23.155332831661703 
195.56291609808682 -32.422019742346286 
196.229957446157 -1.6828435773794497 
219.86726793671932 23.485526791768535 
-56.19485899370006 -28.530876781622936 
9.78591696833933 -0.2876687923464475 
271.65972764869963 -8.280638795749034 
9.674082063717323 27.10986360313315 
