1.0
1.0
20
90.92106056012787 -50.99260715431153 
206.99568150983617 12.556520251538299 
-35.577535930782446 36.26892474121678 
193.81089512271274 4.732810641949723 
97.13063034645666 -8.082649385222064 
9.622289386888728 79.8766256445752 
-16.36743774309788 -13.989557787895553 
200.64558151521615 0.2947156352674211 
-58.82217658776743 -20.509086658600122 
-69.90215454256203 6.183688771782184 
-15.553506047315096 -31.312128169913855 
14.261907101253424 -65.64283897750668 
291.9110788458762 -2.232215147935818 
47.1903120161897 -118.35254755511184 
184.3785803387758 0.9510362184608641 
62.5141392322851 -108.4679211389268 
142.6758729916819 57.03187836825696 
34.10397323199775 13.507009986135463 
-18.35423641143174 -21.579401224976365 
216.340340732196 -2.7284592646874546 
