1.0
0.5
375
36.34239741744378 73.4433106499484 
20.94836137601286 22.34476244684176 
-34.301292452281 -36.74614968866609 
-0.03502112251317606 -6.797994377107348 
-9.647241497151148 -0.9135496810687709 
-14.944994777842028 -70.61506140097474 
165.29170932592194 -12.639036240542099 
199.30746037815166 -0.32543273023966174 
165.26446256886507 -22.052446489058955 
201.47992116502422 -1.0257594444485354 
-51.76167293075465 19.135098147275823 
216.22997820353578 -43.12396945491393 
78.31799521856567 -39.50002157136 
140.44480743410992 7.691520287981996 
261.69850584238446 -19.73617098164375 
239.6344622224405 -16.44172468990068 
242.3492984960564 -81.29451130311601 
157.88106550214923 11.124381415620523 
217.4446854383558 7.267851170791327 
196.79012453922576 11.399283492224038 
243.56731917545713 -1.0749927552168042 
208.64233254996762 9.982555491175177 
-28.606582160837057 -1.6899971173397788 
183.3788432310571 -2.2735725706104155 
16.544415638721 6.4825950545686215 
111.811132092655 27.17186459929233 
-96.47940260227669 23.99184994660816 
210.88069854056658 65.51462406007776 
171.12351036469732 -134.6103393658832 
159.88728627230637 -12.098811541276184 
269.29471019557906 8.692209142842366 
-21.338834418191222 -10.229690428883794 
190.7858852380057 -3.6236786498617146 
-4.5722921844835085 -36.9602495092819 
173.21330522735028 10.833278093313307 
13.214330519390797 -71.54848844946903 
256.9205215419278 -40.34940134812019 
173.4821474874934 -22.27574977315339 
222.09887849283353 -1.8284832462866247 
211.83383102642776 -1.0335277962762 
203.29039146980372 10.198606825103514 
1.3653098699110302 12.531795036295904 
234.66779528875145 -35.32825148779474 
189.05279991381684 -22.17715062567584 
179.09423852045958 50.03349165325915 
201.25144628204032 -19.653563857803665 
0.6616666919835265 8.487464591313733 
-87.1913218447948 66.75190352369759 
246.2431577953884 -25.939249291203637 
-0.14125849428838466 0.23400195263671164 
205.65859062262044 -0.0984955524431052 
54.12133873288302 -64.06362466234587 
1.3585298446928455 0.05225257094580953 
-11.389695399799521 18.234437277109745 
14.494516489572606 3.707985762995502 
-63.47935453333808 18.17304329472335 
-5.618006934807965 -43.719554817248024 
65.99628134763213 -0.3075321129541926 
4.102101147495467 32.1837710488047 
-7.864183046963816 53.78584484837454 
200.5559505968356 -5.449105804555529 
18.929813908615763 6.258842128158982 
-24.870731580542515 -9.142778034053938 
143.35367933600807 2.058775828317682 
11.538123592923524 3.4118327827193013 
28.94036224592434 -32.90414718830088 
222.77684311807874 3.3800663857091515 
208.957931718986 -16.46691099306748 
156.0878199842534 53.81289645811693 
-6.08314813376616 -2.0600410239214466 
184.12768192805328 27.958799413669738 
66.77618129422383 -29.89193727489648 
3.7809655065178167 47.19875279375038 
-7.0421388364408175 19.647518809801586 
2.3496213240551693 -2.139576049758583 
-7.5875350466226 33.796501892649445 
-7.50476580829172 -1.6641004265562616 
216.51410167984068 0.3990254612466648 
-29.238820093239255 33.05065348590837 
1.626642319992713 -4.39244764887558 
36.71306552977543 2.735170440652968 
20.55081338065548 -55.12521413796371 
166.9435807848538 -52.66842667470046 
149.67222040995696 -39.4098567074175 
219.85711968534443 23.033897390489454 
272.08535703961314 14.122892798396792 
137.83563252450315 88.20883421740318 
227.81356266324192 -22.432225032677604 
194.99570799004894 -5.189307880665636 
-12.244531210061318 45.38171128580861 
204.35591246660172 -41.88462473732811 
150.9821947925789 -53.614050545403146 
96.35514415920504 48.971839172177425 
3.295115425250004 7.358886840303147 
9.238724808695324 -26.707866499199177 
160.03768156112164 10.795383074901299 
-1.6952426607058628 -48.004340685030925 
-0.8448715252592924 6.223851408352429 
139.56714085377223 25.93097993914611 
198.29273007381084 -17.512399904330714 
-88.81715923974956 -67.41426133377495 
267.6535433344957 16.485559245485717 
203.76806145970923 -31.04820981298085 
197.65209761595432 -14.00311476547049 
266.35948612356333 -143.16406679952675 
0.044154577967685904 -17.41396734008171 
158.82513558860722 -107.75009417242661 
0.3895110736427312 60.1792568575068 
169.6334611346497 -71.3930441327589 
10.237354080923526 -47.330244815512046 
201.14404639389514 27.095352392596205 
-11.10037017699447 34.92470202629567 
196.77504612666968 -1.6913081717321086 
52.76136235663384 -46.16938334622484 
-5.120168448488742 1.8063430249224406 
18.47516272742002 -11.288234333669072 
173.06434143565627 -32.1867061699222 
138.8604557712199 -7.832314923843697 
198.34822929280105 -21.282129272251563 
15.791192363013577 18.811606794583874 
-34.70980785211034 -48.17170308843971 
164.4847079203659 56.316616081057326 
204.9340964593433 4.248440876824666 
48.686324908917854 -39.47394995759552 
12.253414175764227 39.11384018672321 
121.32039511131609 -28.687825340484448 
0.5832627931586137 -3.5939961064436967 
24.086034570657056 -98.25157758729017 
190.28569582219006 15.435236757479258 
-5.7083568762640144 -11.141019062863386 
214.26157272640353 0.2848650510277952 
213.7671375417721 14.539638205908354 
250.0214747292861 -14.048347745307979 
-52.28928446146788 18.465756847966013 
181.8829394663358 2.823090595750587 
134.96388900967747 14.80782203571719 
54.81520868936362 1.0245965280115459 
190.68357171590156 7.675772781763443 
222.84603364911143 37.76784415715824 
222.68098350961236 13.513069450302487 
230.12482778477167 -42.080937713056464 
202.9195520707835 -2.963291837487836 
25.766676569388594 -44.11379708363019 
196.20552415151718 -0.744332181607903 
246.78509688234533 50.238003107694986 
95.54501926400438 14.57790311762614 
56.350814206292476 -16.160748737717874 
172.78012307138184 -6.982003648544961 
7.097862331964406 -3.118642469189667 
280.06987351154606 -48.17211723093281 
168.40345693608919 21.37436362153377 
22.006280796555316 -12.927983088650985 
18.10319570942736 -14.605417478746205 
-10.43641466113997 -23.052250605640616 
197.55669284216705 -0.8219530486107451 
248.66935223596542 -71.58417029625866 
47.13663560370155 -22.570522833704683 
-36.775232966895565 -57.19752390896642 
24.91467513029764 26.111888321365164 
-31.757866844808305 10.376077999966453 
-2.7669391289528913 5.755808820609574 
53.416700120988544 -16.719718576799014 
193.7401165176467 8.44404866667119 
1.0711296247475204 14.22438836660793 
259.6781815079109 -24.512896136848283 
246.53255901096958 40.684631956171096 
226.84799804529993 -3.784565751517615 
192.75089233097282 -7.204433915929967 
167.45213005771956 56.82650885729529 
-8.077592242263934 -9.865798854802515 
9.619140992557327 -10.022532068082745 
18.994471459296857 17.724887093851724 
240.21386773276436 25.066323240563364 
177.8797201676501 79.76878290046567 
88.16034707826383 22.5719712184495 
-54.96503094564064 25.094286611591066 
172.54676716516718 12.830769461657434 
174.8329120995684 18.292927629321074 
230.73537296265764 38.63431787779515 
233.42921881417521 -29.31814260692089 
95.07094294246535 5.6027469327916215 
189.2974961312941 0.6269136094421709 
274.4251087987643 -108.36866056801622 
182.3224482140498 -32.57782358879461 
-0.09939616461728107 -1.7872167716133553 
5.482299859320098 -9.81576318783658 
5.8479748519309505 34.19515649977454 
-63.75376771020167 -8.377621727082513 
38.8277087653494 -49.30726817297278 
275.921378722288 -71.88586423321958 
203.63814639521937 10.293773761312467 
2.5802195115368183 -5.120891910503692 
11.50452168998491 -9.770980068947178 
287.53012423308087 -30.944123332282015 
-9.29553901980776 -20.484309065350146 
191.54985327859785 -3.9843874407100706 
-114.02890064152109 -40.4735453150546 
0.04081668025074858 0.33368156669134635 
-84.26250597888463 -41.661164122157665 
-16.832513771569506 -42.29231504650686 
190.75431932473433 26.109428402476844 
164.55248333413377 -0.3369643980923731 
-9.036490869209652 38.69717536125754 
-27.46670916654066 17.351694340428057 
224.38057172805284 10.387452445489759 
179.69268292754617 -10.778274471899532 
213.40219517290672 -9.775445518552596 
19.85060399334967 6.494823975774372 
178.57224568105946 -14.284989094777071 
162.0375889233212 -112.77759984785311 
181.89164540779902 18.565620906209634 
-4.227071073177199 -8.257460726747583 
7.435106043254703 -1.0839159614472018 
163.29830671519898 -28.26078127537243 
-60.24382262556471 39.91792917586973 
8.89333767222371 -13.934068107439025 
60.169293943862364 16.2437177287475 
3.857581480116994 -2.731075747966709 
197.1748210342087 -3.2693366999461775 
11.821417151861443 -10.356186561599005 
179.48726614903455 65.29878953943164 
241.03206324710644 -76.07872218557911 
-12.824575842879911 -18.600051045503434 
-51.36199151488262 -39.4774269023166 
-9.987533465123686 1.007414524441232 
7.3159934424077635 5.6024730640521385 
64.02494461132189 20.560581684609957 
13.375001645219246 -4.183278560205185 
218.23288813526602 -12.745354557284301 
9.852532290066202 4.210057521182775 
190.3127344510266 0.5200584538001528 
198.8919118796577 1.5250236231903587 
57.19945330177277 -2.8587421940369677 
-6.663523015675175 20.888968249745847 
-112.36739403999447 86.0609643512873 
117.38121765662643 -40.5423818900486 
184.9308486057391 25.21600755063379 
-65.40152807327298 7.69034750259735 
149.06004212375618 -55.54561568234141 
142.32952054814348 -35.08695683091311 
9.812296376082836 21.284232615033467 
244.15695791350205 -117.24442008939212 
-22.82409574946012 -2.092175376285239 
18.561377235928617 -15.97905348403126 
212.3514271569029 27.3095118395688 
24.295033300065363 -0.27230644137848303 
63.236287970292295 49.34898386750797 
45.801891676356156 -91.70394889659777 
190.78870942825617 -34.82092884184488 
237.30111722864078 78.19674147487576 
174.94812671514316 14.785489170910575 
200.27148423934332 0.637528752463989 
101.30588493466674 -73.29615831054842 
-0.4552419490094154 -59.068743348161725 
-1.6957282117937147 17.09424513714305 
206.63399969378256 -52.79358508158334 
55.207749887976625 103.4870705612168 
31.2290547988891 12.506789579782568 
-0.9548913765799643 -2.0399022930630437 
-19.039907064354114 11.702861698153102 
47.09878229529497 6.834179430995638 
284.1115832356601 -2.5633547002034107 
-18.22917662359413 8.866058499174839 
200.9502838811904 12.230414481621741 
-46.2682503628591 -77.10477220880695 
-46.576993502658695 56.53865676217313 
200.92658001777167 18.798382753769136 
-0.03151417489358633 -4.520893982230926 
-32.48253141058756 -15.077009403421318 
180.42268218396316 -67.51447588455449 
7.979242402014765 5.067561260822892 
20.356212133023348 -8.826736458637678 
200.17699178485836 -0.2955327155172014 
13.597261546443608 -10.962971952822231 
197.72422783096823 14.677721421456164 
190.33164667740482 7.1049602046131906 
200.00332821122552 -6.594743325966403 
-0.723662513741255 2.6188062941611308 
-8.332134691787461 0.33486953614109594 
82.76754424096549 21.27053994250939 
205.73702909132052 -4.230338881628066 
248.43595927500854 6.0498607075467365 
193.18779574909388 50.668573642593536 
-39.783837301558876 5.192605095939617 
50.93351214324612 77.50858043980003 
-49.325558906703364 47.35389102269664 
9.176274520208144 5.830144678444387 
208.00962576102597 53.27746282602055 
122.65627092091565 20.258817843972057 
-18.431236960638113 39.2433720997392 
277.9769390619384 69.82860756641921 
192.03518846632488 37.71533202323139 
192.7297282151519 30.30165224383528 
180.96369791211043 64.27229614543722 
224.81783018563402 14.461489849921751 
76.61644036439559 24.651536499376444 
12.954316410405294 -9.008244244106208 
-92.19531703303511 56.88743106098803 
-0.657030522377412 -0.3520936944156187 
24.735144999462403 -61.22184463818524 
172.42354387878967 -31.742490664213303 
-21.4394976225275 11.47335602877916 
29.252567284290564 -34.63114570173754 
173.90132441244816 15.37372212550079 
186.53146406558017 -37.331822471435956 
124.4512557650435 4.466773942975704 
14.351402640155774 82.25708515918436 
-46.23250271376431 55.78381869583938 
186.77954934780186 11.944114692376283 
8.323552492366025 50.779129558071816 
193.4986438795348 3.18250299504398 
200.72811107734967 22.591655195384394 
-64.44188946317324 -20.379640784851272 
-14.986598867294315 -10.107883817542074 
193.1155837283684 2.128908146593994 
177.81227598207502 -103.98466718658571 
-20.6259963988708 -1.0330577225511535 
178.03639972822387 -5.1477377560226 
33.7143474677033 -12.121673952328578 
227.2780118439684 -47.179724142656916 
173.2372920905087 79.23954162962075 
232.06703546182217 56.00461666767568 
50.1894301988476 2.4886545726715843 
-4.256153350964098 -58.4201614774083 
-15.959548595686865 2.527266204793856 
166.28179289667145 -9.539306857165743 
190.95706135988846 3.5464043861545753 
-82.08364245732567 -27.268640235670404 
-51.78666272574425 -35.949463656679924 
156.118939527333 32.61712189058499 
244.3186035057382 18.882413564215266 
-20.55183543529574 -16.580881412004363 
208.6765498620365 -12.656556310800797 
1.5256973157311053 -5.927772262753146 
34.86968379936607 28.984862181750962 
0.622629478134276 -6.428737250123428 
-3.4213687628525995 26.032606230334515 
199.87367676732438 0.04335968871526111 
37.98907774617006 68.84117974086607 
194.50530246702965 -3.6222130300883117 
2.2118030340468744 -8.323219268064863 
204.3076309228969 0.0478485232086728 
172.32640359178686 -8.480396050248967 
179.05244097116912 -10.62750778462153 
272.37903937637566 -15.682983645423779 
21.697903199196478 14.516334923798407 
215.0543130967912 -34.116947586220064 
23.05466123823367 4.742384583703069 
200.28073921222028 -0.19822770408346915 
-9.69618015835818 -13.477575656326238 
-0.5765091348679016 94.30781831140595 
0.8003506271619356 -9.319673949750873 
106.06747287628751 35.972110371979866 
-46.82448042255399 59.2150331403464 
13.99776912975666 17.007531142160307 
20.508868685684686 29.17592178578869 
-27.51495592781543 5.861746112862726 
191.08779021187866 -5.5846375202801495 
192.2272370464711 14.216501040754006 
-4.877933471936697 -0.47261839525837235 
-15.085901160404385 -10.327353291232205 
215.12078447671843 -53.91000146907445 
233.23012597376052 -1.1824429459185775 
-36.92548613823064 2.6898018767482696 
215.9016326818331 10.670570819137158 
-7.190415514184371 1.8979568697565607 
-31.249937430089123 28.146226447450935 
240.0707040688862 56.0994430130423 
200.20693157731824 0.13398089732196417 
200.3145596520059 -9.880868574065332 
150.76010992734422 30.320366008555048 
8.877667826990772 10.700559269398818 
-32.11955669524516 23.820007962049267 
200.09776081908188 -19.665025914289316 
189.3622254582363 28.77646077582382 
