1.0
0.3333333333333333
250
84.80046659959203 12.166180076478517 
4.327091489850255 -33.035257591337356 
194.85026056269248 -77.56492061942879 
203.0059262114934 -7.127367610636365 
-6.116553800347104 -1.8183440583623618 
196.05217984748083 77.65149962572993 
200.4511212937298 0.9864646086000753 
195.88661405336458 7.5740548742898905 
4.336720103071143 8.990673673214859 
-21.388986152707265 6.902847527471032 
194.20890104575898 61.39289724208871 
3.3690939205496426 34.95264082399026 
35.902643866342665 -24.023550902413465 
206.98527441685295 27.9103833459779 
-7.865283401418985 -74.07691913925453 
-4.472913807535391 -2.622465937280441 
199.0822672102043 5.244073535070719 
175.19008289441717 48.85824857050758 
64.45051725807703 13.064340592884985 
19.493604504026827 11.281346489667637 
-20.771800013930125 -15.403449109894497 
-2.9146450310445124 1.843266619017832 
245.83362269873606 -52.40895499485142 
76.26507604034292 61.158733165552896 
242.1423546332599 -1.468411694177579 
172.1221471541234 -24.978711726554735 
195.38260575981005 -7.740350826212495 
211.6292081182754 -8.159806778530987 
196.52571641595802 -13.414840284257952 
185.51453602163278 -18.28978820333646 
204.8167660604319 -22.1349897525614 
-6.119823620057421 -16.32586599199036 
-25.580070281766208 -28.518545520419156 
46.27031284424137 55.38840919297435 
211.1414474307605 17.557396556670025 
189.43274286461482 48.5618505444647 
222.41335972805305 70.52589623637802 
156.23840466157966 -35.696655057613285 
220.1106155688829 55.58528657217153 
-79.51897136981772 -75.28920264811289 
206.19715639960168 43.092734792550004 
193.21103532066186 -69.3273420425145 
224.20899570672617 -7.792252228717567 
230.76924578142507 77.60238283558978 
21.2864316345625 16.65673226678185 
216.00497063125192 21.997550407114872 
198.86839355537086 24.170249661956756 
-58.32653957988226 39.89168375053289 
-44.073979581493404 -15.064914528048465 
-44.6346704089051 9.08284856431305 
-30.389537097662608 -4.387411864916053 
-47.1662307109549 7.304248755644116 
-8.275494532851939 -119.95232725935297 
2.9861795788426773 -4.761852493706238 
-15.005377918573311 0.8505433081605945 
192.11228198753815 -3.8365737872015018 
149.03852988790797 -23.320495434303417 
2.9407354117503224 -4.418387127741548 
14.111605720550768 20.678799541944073 
181.92300845613562 -14.980485402614645 
24.09947691703132 64.07782740461916 
4.320225719166855 1.4300140221160014 
11.414584444740909 -17.07405113536215 
204.67752348683896 -36.07302399434389 
206.2910859483757 -11.985832559403157 
-14.64490596921981 16.352841916009684 
175.08959177983382 21.5268107773506 
-39.00139414457696 -26.54915258386493 
156.31852418966088 49.30403981445949 
137.5859083581193 20.679464315403052 
189.1796336293817 -14.983553010885775 
-45.050082463269824 81.34279289035977 
-23.836446964254037 -4.4325671275234475 
82.69969599373252 19.711658486302117 
-0.1337476068766796 -31.427051293271198 
209.59249364133208 19.69195396214903 
26.9247560506661 -11.905520466530318 
240.36322453866967 -19.360696904750746 
200.27426436957228 -0.7130976254835188 
146.68885165137652 -8.425233635838492 
11.265326638449908 18.666471659690348 
192.26471480462556 20.93659474116705 
-3.269012144853642 -36.19026575962624 
29.120591990014976 -70.4004987379696 
241.51921207947805 23.38650179756293 
15.765884023500048 2.9218071529586824 
-12.23992447575462 1.4558412349504712 
195.42474556316895 5.888900415254431 
-4.622921200122086 -1.7165985166824813 
-0.4971722987897475 -54.656064230622846 
52.56386924023732 48.161002655427836 
-22.854738794918852 4.347570754257404 
3.381448770463284 -11.925568959699307 
257.5292823741514 20.360795292077523 
26.629714365866455 -12.318968375546724 
174.8567925443219 27.797769758167153 
264.1411493971645 8.402911083763492 
1.4855419794473765 0.4280435621500197 
201.3962602377146 -12.338524828929321 
225.1538877953195 -15.362237639733786 
-18.188699419022957 -6.120960784970378 
-8.014954469149528 -7.292204424070708 
239.49319652327117 20.48418281372395 
218.4815577649963 25.07758882474678 
6.075405638095315 7.421314134056566 
240.72267526183637 39.055107137701626 
6.496704354610454 27.82157096128841 
198.2878573019519 -1.7277637711870473 
-2.6829071085335907 22.377018766852856 
198.5371322401852 -11.549260406921743 
-0.378714254061669 3.4936135914237485 
158.78820541048933 31.457090077311292 
219.93093399492614 37.25694886951586 
21.19394753291752 -66.43690835711523 
201.23961970002853 0.4547130949893024 
-9.257677825980219 20.508830212307913 
-17.78242880944255 -25.715516709570565 
38.46205762588718 -24.801802268195203 
-22.45172503530044 -102.66665274589488 
15.302091338185848 1.8767902935598604 
183.71700951654358 16.875881495782266 
260.1586864385606 38.424907430192896 
-3.5190378558451045 22.29220827105543 
194.39612412743875 -16.481159937288922 
20.186163908857225 -2.175167356301839 
249.49616762179363 -65.07712696183357 
221.49654513211593 -14.326524080132808 
-10.32709014918713 -1.1967212643153289 
195.96775126283273 11.51104013600674 
192.13704599795292 -7.186017288657907 
241.52102608654846 14.764294262430006 
-82.22881740286292 87.96746125978507 
27.641771424706214 13.480274187670359 
233.37973126303336 46.8613588513322 
77.93397613234433 24.84206095073578 
187.43383304346753 10.291348416764137 
-35.3726030604712 -31.490995367436952 
200.07213595490242 0.31580680779945147 
17.692795766313534 37.592560065297675 
201.13469908312948 0.613167599403923 
61.857861507091314 22.67430304260396 
-46.39917934073379 -0.7619345087190891 
200.3824349075945 27.09936825191283 
158.12147837821436 20.105726478925956 
38.68512683572337 -67.72685904295994 
-34.92929592446069 34.918524983996264 
179.1693319468286 -25.7775021507553 
179.53023326401888 53.425595734985826 
183.60584617426017 -8.373362518562704 
-29.054627544271714 39.493714523916495 
103.86787540170204 0.003454567874546669 
246.58245510682048 32.198471042355266 
216.12141283193304 -40.315289922355056 
201.66771058710765 28.5950312392348 
-44.963413640470066 -15.999527134326366 
199.75424323048114 -1.3266694574654085 
-1.916395480069952 -43.15204438616866 
38.64817005246012 5.618778306082019 
214.2125085531284 -7.15046236757436 
-48.94899473621909 12.823754591192959 
228.84532262098514 -9.228429503234413 
-20.358870193140028 7.8894441020830035 
115.24205742277276 66.80811658342712 
258.8432247704005 51.779281115118735 
203.28526733628962 0.9967723626025914 
-3.128355630168419 37.14723824376649 
13.76078092388717 -7.190618383747439 
301.70973190295416 9.093534390546289 
30.984504595894013 39.17598051612532 
43.860090648061586 -20.049211459171374 
245.74088718969918 -38.180873433009126 
54.56572986005817 80.6443946581823 
7.087426190046469 -3.97523530415017 
98.79151820875236 74.67667821089061 
-12.424277330939507 -18.197125983807766 
-4.0932678428790075 -4.550933741669931 
241.23639029514163 23.172035134085917 
18.186321059430057 -8.576873245134976 
109.95064065735625 23.328712864431683 
178.60445050110258 1.173150282013549 
209.77116611939613 1.687967686784325 
30.727532521024568 33.60933000528657 
-1.9627254179370992 3.696299835331373 
197.5674115080134 -0.773041841302585 
1.6330927916643205 -0.5245251287885029 
213.83816128803952 16.689538654282796 
180.2665731335982 -19.91635180640078 
21.554245369039958 1.3057191040413016 
-107.19809124734566 -95.47319805593364 
245.5886426034567 -31.38396585028366 
248.96595533045536 -14.416716806818384 
-62.87192789598836 -65.79590567057195 
188.95838288093432 -25.725881108400248 
175.58993365162547 0.2462804751632787 
205.31507628853015 13.86680128832571 
197.64356707683734 0.13793210671772405 
-3.993674475814157 57.962600323719855 
204.293463687994 -7.091324414236331 
259.66789897932864 44.45484714440978 
201.34203393466376 -6.007963481745044 
216.12187409779796 7.604593223330112 
-29.302704178712673 -50.256006065989226 
-0.4102789918328425 5.230889405007661 
203.77622612637745 42.82602575673432 
-8.49566679155863 52.47622714584901 
10.20990281698023 -2.8914537142574273 
14.644994661452257 -45.43322620595994 
197.07757000974127 27.554333185816663 
-60.291700263525556 10.986025704306421 
203.45844648332002 0.26830257744425967 
205.4526143729193 -9.722658441289193 
180.3352656690875 -4.449570403620528 
194.1021017084442 -0.5906969380709886 
-71.95648023369388 -0.11727932808992 
1.0717721720133178 1.949687093739907 
255.03094957889778 -19.17967056811657 
21.5591374278031 -46.32883233817163 
0.46524050470573247 -2.640065978182511 
219.90350949745678 -42.84403397018749 
4.7408833970735875 10.753723144815403 
205.82470242369791 66.31305844038388 
3.694570467896029 12.081474827696514 
207.09350671838308 0.15536230189435524 
195.69025065089775 -4.695358064914273 
199.36038679837606 -46.808082566950716 
12.499771687367533 -19.658011700488654 
163.75495301955473 66.08309703649894 
42.78498768679776 -75.19691325457096 
0.26868104258879044 -0.07008922111020921 
196.16541050989107 -85.99148412912274 
-51.53279546489155 -19.309432644051807 
135.51827261945087 69.0681949864206 
270.0842112251622 8.448762534253936 
244.66406712123762 0.7228177932840305 
8.01243645926765 10.936409332663786 
200.89191608805794 -2.004597020372433 
9.763747827182431 -44.64872896623767 
188.85155293917865 -6.770333395736698 
153.0234911181671 -16.503006142557876 
254.26906335946745 -13.967503679702867 
3.172669296924343 11.666313759599824 
210.7996600588475 8.694808239415702 
115.81740334390994 -32.47096372181532 
-64.78618547657935 109.23995626086767 
8.246593252222768 9.295126851813796 
218.93526080075534 -19.64035136536394 
206.42474070052117 -31.36445793963064 
-27.81126284167179 102.31829257177009 
276.25553852236106 18.268976099357083 
152.03022059595492 -17.72023317172531 
