1.0
1.0
375
-7.464138501259144 -4.331276705334073 
-8.614626893554052 -20.546706068303706 
-48.665932146603424 16.299300877054414 
57.28883668593505 6.7981114787314745 
30.24675656308743 14.991505003562162 
0.10832001247670173 -4.192862732030368 
12.849184481143485 2.5992437361581464 
-22.88776172446949 18.691145883401283 
-18.849214169587224 25.60308102687522 
199.63879472414044 0.01920943441368342 
222.10025250973015 5.566781179512621 
-35.00095818754823 -36.71917684800143 
7.111892598476494 20.979724954647157 
210.02312004656557 -21.655343230532104 
198.2832605922939 -0.017853540774438226 
11.011007306318387 74.74537287529213 
4.9968631278967885 32.43201354927733 
59.34855316645321 27.96239481335044 
-11.460048584896338 24.023586443993146 
-23.655240784592046 -27.220135415168237 
185.99035709045455 -25.893694239098917 
42.93081915074369 27.369379004570256 
-21.064734323559353 51.42488730490272 
-35.09234020352796 13.144032387456992 
-27.1481451968108 -38.53109117032273 
206.02015966176108 3.1711434798109615 
36.65999073474063 98.23748797065555 
20.441299205035687 -7.813681762682733 
-44.99307199107835 -34.894191426558926 
-79.33709749328091 -27.985081522741375 
-1.8589978495206472 -1.3024295833460475 
187.30267514424705 -12.572520325640948 
0.20282647104426332 -0.49112546352198144 
6.027566499879307 2.12562310850662 
-38.84584221698421 -33.32381341047278 
-2.5803081511758124 -2.0229423168340546 
211.46353270700249 -19.6386857689553 
259.3888319471633 11.09201699068947 
3.469094192934182 3.695389268847578 
264.51100452082267 61.77552868992281 
-59.65988329771053 22.60708925403972 
220.63057836481272 0.1825454054166396 
136.0383423597825 -8.672947165074408 
0.9968231594826408 -5.472178993135874 
196.4455332289532 -7.516556309927304 
199.7545549910955 -0.008376298805879853 
-31.78334407663651 21.110611478617923 
265.0955775597547 25.471790117398857 
-22.757622535488146 -11.899737063658455 
54.8588834750781 -15.053243590968913 
138.3187465235566 -20.12892624741636 
3.026904498426568 -30.979954714141474 
274.23220421881314 1.9774037398658884 
-0.41218843080428724 -13.21647308778133 
-11.410903473494669 68.54119215100901 
3.241754268880426 -32.01207973580401 
-29.287497619482547 -59.51279934399864 
201.744834842985 52.61099300007082 
-29.88934796442785 59.093083210815514 
11.791910632496828 -1.3218609961106849 
221.85151428026347 48.546833738429655 
195.2541432375223 6.422532882638178 
34.07670149025463 27.622327935666338 
19.857316912394186 -0.47317742214139613 
243.45213753508597 15.781289799065979 
-32.598177644172345 22.429804572225976 
56.00651289781661 116.98625508713332 
33.2739898046087 37.589906070834786 
207.097137500687 26.426669384138513 
30.69367145326884 -41.059631228556114 
35.03394792817851 -37.74651799820982 
41.36262060542732 -46.71579484168698 
180.70576115379444 18.532737684935928 
5.469930697974475 -0.6611606415133366 
196.35105680653578 24.656837672885015 
160.75757042844538 0.8303100403851176 
254.91579579033694 -32.01135736937882 
32.12488300325766 -5.161228027471421 
247.1314571013146 -26.449042839741804 
192.47790889181493 8.426031614308 
-40.12954194178225 33.84759738496237 
211.23406597133092 2.0860958686651156 
196.08632548379478 2.0039294258569913 
45.60791433747963 -5.026483061077036 
-80.79719877037903 87.40788025140816 
15.29495459142857 5.162646154290871 
-22.137365658048893 -30.700705674048155 
-21.0839472251197 -14.007949627366797 
134.1940383111157 -87.48903031803356 
-35.29670119118968 14.805896860709858 
-11.986681492832863 27.804852774102724 
198.32787058299988 -6.681078553467722 
172.07011223067258 20.070143012499486 
190.37880935621922 12.530576591117068 
-45.19837414662803 -131.21227848742998 
54.27748085845877 0.08736700661813417 
-38.66292153770634 45.54481241868258 
-18.25376725388397 -0.09490237811322706 
166.85656007947674 22.599243103132984 
176.16310852400983 -8.432009886309977 
210.63542229560602 -27.21314112886211 
67.18910703299059 -37.874815872470414 
200.18998945646308 3.4911327797300515 
182.55458238686532 -22.75209215055043 
198.33516167931396 -4.292183008084403 
221.54700651376564 10.60202443241725 
113.55236688870632 70.15214550939973 
-30.304196400851712 23.82644222495485 
125.36615879577104 -45.775054719264126 
29.532138958769877 -34.85876317150786 
212.63028707076916 8.570965052013786 
0.5201421096544188 0.6913509773734894 
107.1757698062291 -38.133040211139395 
18.822467495862554 -7.972944514459141 
214.28302611421057 -31.11538430257319 
-29.83910303469798 -1.2972967726870954 
-5.5006151715921705 -45.50387290819223 
16.73582554651114 3.920929060507034 
43.6027520319262 8.060510471544221 
211.29990182177286 -31.12765299643415 
-31.768130625782284 10.593429676417065 
180.30781125785407 -4.341843940837034 
265.0193170848588 10.672816522380067 
228.1403745231824 -13.49303864296518 
199.59490689992975 -78.4351352462619 
-6.955897439560755 -7.114093132076978 
79.3317601841448 -3.5642985982331012 
178.43723160362833 10.372155941597923 
212.31819804962288 -7.00504768937803 
315.1973425948177 17.083136648178918 
70.82536013596966 78.14563028531477 
203.02449611016317 1.6409515085327386 
-33.85307926040948 -12.297736953632493 
193.67271690916792 6.164072524136434 
9.815251793105631 11.71326348658069 
185.4009402278775 -101.19886328022778 
294.19572560412587 -32.7529155844962 
131.0679412545719 -0.7650779077685134 
188.59223623430825 -20.68484590862788 
44.27108139572051 34.84575952588803 
200.2725819095909 30.93734539518814 
173.1434468913255 -17.693079108364618 
50.922214022607484 -20.528260777117673 
191.0123829397424 -1.9092509240197775 
-12.236068215786927 -24.165700114896755 
189.87761175001117 -49.933938091726034 
192.31205097973051 -17.998511937647482 
293.2690236890216 46.50506397977867 
178.5297325083704 -7.311095943184451 
140.5443878532189 -19.770674874910632 
225.866117010689 54.626905029265814 
220.47346747650298 14.337816669598485 
128.26409896896172 47.69217824975272 
200.26531654726008 74.2478737547132 
212.49600790887044 79.29342287166524 
-0.9792555915184851 131.13689424042207 
242.108641188721 -65.29262412362826 
0.9093362114166359 -59.896249206708234 
238.04900549953425 -24.14372618114976 
9.540823139150199 4.494857341565732 
12.910200567442558 -29.632905473256 
223.23166114499503 -18.651380636562326 
254.10699800800188 8.252500674932874 
98.02632108311612 -39.92188002174511 
-22.573361941540952 -22.745639272326837 
7.078509892774674 2.0158502390613666 
163.72387237962502 -26.547620326767127 
49.41658021965695 9.458847621669152 
155.7773599640709 57.596214356275134 
203.35303964031917 -1.1114291521274209 
4.1432481367717635 3.381526670426498 
163.90342040197368 -7.725883254623072 
23.426353753749844 22.828019825019464 
250.01427961286663 85.67285002846707 
-22.019598424737723 -20.07258247018708 
-65.4729114789739 30.231796967087067 
215.15542004932985 -84.07580041746222 
16.229015344441105 29.852601857192766 
210.44506134687086 -31.666248008706148 
-4.091041600402149 -16.72385764013193 
-24.966813518676762 -46.4990641080412 
25.08473921902609 -3.118401248227239 
-16.28913811095108 -52.491684296943056 
0.845841348686977 -2.731830545644057 
197.82606711053123 36.55416601212128 
200.95507708062374 -0.251723647855761 
-0.015721556878967695 -5.628267684264733 
212.89788186862378 -14.798257905400662 
-9.188014369928698 -30.821828168711242 
-23.76178187515033 23.259601915859793 
-61.744713721011216 19.872906367947895 
-52.98195659745914 10.074680489529593 
-88.2712164769733 85.677996908005 
74.66245736246873 79.62786006700344 
23.97379746122685 35.78442119417833 
-16.556050933874918 0.12512293087058907 
-19.90894620447831 -20.83764202977104 
-22.24333051183275 8.953930994180173 
-38.255928152045364 -23.503696009153337 
182.5772696983523 -3.0309592118616635 
217.60097976708377 -46.819381422769005 
211.44755955111316 -1.520048434503597 
0.8307936181428249 -2.0289126714376167 
-27.02007208652238 65.83558655976587 
-15.031122409721494 -16.989905254536215 
-11.344737788449253 -22.42446662815162 
-2.7907485209732887 -4.50754103310638 
53.87477900664052 -43.4397957704147 
0.2098331386188461 4.294216063720943 
35.88631206228994 -20.36239055414561 
187.8115533844803 17.437001900096263 
216.91759875874772 -1.626210801073397 
-40.13210206299653 -30.669471649876915 
-35.99043455292922 3.296627600555638 
209.45726595178797 2.2273993750522645 
-2.2519916936504303 6.024072230462858 
16.297904627356882 -14.546994873393892 
258.02777209455104 18.130227408174605 
196.7340358251379 -13.675511484383772 
181.72668962937507 -17.82499507006912 
10.86944722095202 -21.49458405185278 
0.5714116964342097 0.6388634907633469 
192.2463860749964 -8.220320333354106 
-16.771263326345444 37.63233182683432 
199.50582457100995 10.197562158559016 
237.16186046637483 15.051820974165956 
206.00189285515776 -3.101842673295285 
-25.62038377784268 3.160618416457069 
205.62346767915548 29.78557342403761 
156.61176001131895 -37.09842517135634 
200.7981069986507 -0.49354212897209976 
-3.8663579606101397 -2.951252641010629 
207.62380283456557 28.59817379650426 
-16.21554881993621 34.17965596892351 
43.798268842663894 -34.00789165042725 
22.276690352934526 -29.218135168271747 
4.476966082504939 29.36521576512388 
3.256086138651378 -2.8550839432688355 
-4.7887839457777694 9.840308762655184 
209.54269671568062 48.02369037499916 
197.66868987860335 15.03229602383995 
213.6958349970625 -1.6505272606881514 
208.0309097580775 -8.501067895233087 
221.45212024616472 19.252296291191854 
248.2502180995957 -3.101522039273207 
-63.32879868757652 37.16328360603883 
216.94523400963752 34.45577754854262 
162.7145215948977 31.33827930756472 
215.15510269004565 0.6602348989861045 
190.53035604096692 19.558627882890004 
67.58489037396058 15.133234633571243 
3.6781647134586093 1.2184453064211571 
-0.9257553981957883 7.893739134439546 
189.86106867403063 -33.983792966625614 
195.4267945047063 -20.818258056330492 
180.29948292569009 36.283982813395085 
174.62914560946123 -67.05256936335905 
26.92827022651845 41.46345406110658 
-3.7688771890069406 26.98115877416374 
178.67841331511931 63.15615518448213 
232.5640132179028 47.57997556500845 
-20.309625293641737 1.788900362981015 
-37.3568786131209 -36.04934135691871 
197.05669058410123 2.8120925989652057 
-11.76991919961714 -23.023524067850932 
180.5021325113433 72.61671609711641 
230.7890213493352 22.326168688875484 
178.32202003310977 59.063169505535285 
-3.020276367456042 8.800243340256864 
204.35191018724504 -8.010616967440503 
219.32399896284898 -29.148655772666324 
190.91004290585045 5.927160843820212 
234.68487080190272 -8.390838664573163 
55.80164206859417 -67.1277447915293 
205.72508442819105 -17.560160929161718 
1.6616719180891772 -9.912538651888466 
24.978553693287257 24.070974578832992 
231.00071950492355 -38.972875820198965 
199.31089181384726 -47.70330079646561 
-22.202150464813563 5.481756750497653 
222.13495509919133 -24.25592230281861 
11.202649157189684 44.899989367687134 
145.0209307375712 -51.902105472743166 
196.31611593195117 2.911722878943875 
-32.56690575347414 -37.575527259585726 
0.7199894223456089 1.830676165271238 
-41.19698833868049 -9.019268860972495 
168.54879477519188 5.01841413089994 
217.989635781618 -23.306676671479718 
-127.38552611864483 -14.747245295721001 
29.874622359108894 45.096002142339366 
225.43742655192733 -12.177257702917446 
75.58255110795405 -7.14900905446391 
24.20122187258965 31.82014978508943 
-122.55833523681912 -71.73852449025259 
230.79406012975667 7.534827503330714 
216.37995120643384 48.39978300749492 
0.16488964395004105 -2.8886613235278427 
69.86573660148474 -100.95236127857565 
95.40877124094807 0.6164081700292755 
-99.2832845991841 14.015341537773605 
37.696256070319 3.176677637909162 
-81.68305268416185 11.307360663520152 
-3.7281804648823025 2.2276716506460668 
-7.207902987448523 9.501865021039059 
-0.2683700373217964 -26.120514902102393 
205.67728935808097 -7.236480145256237 
-31.952743204217246 41.262191383192416 
216.22506036807206 11.494922870187994 
249.22032010630807 -46.359322810674875 
-13.073048263826195 -34.72986537627955 
30.12862335268172 -18.439379278896368 
193.42613091657557 -44.634717560200244 
236.83786477450275 -44.56367941263124 
177.89132926667855 6.366856089256382 
221.8571399380166 24.57528528730988 
-75.46342595596242 -51.565335463113335 
183.89772236622395 9.541036707961695 
85.67055611385406 64.96810420077843 
10.179876950888113 9.328940237978303 
246.64019712903283 -62.123335617224164 
33.23746842536396 -51.26524775684525 
-51.31106971787071 11.620792783290964 
-1.7814053065404953 -38.006559375022 
252.7301830372022 6.117410288779172 
4.604164602317183 -1.4344121088236654 
261.2454881743462 -36.80642565428537 
200.0174574134475 -0.020560432382723884 
224.4446707381797 25.687681036353936 
198.56047969102744 -7.879816426302073 
1.237593324074312 1.1663677190188955 
205.8657681015711 -11.801987694717631 
-21.05758938671932 39.979024425396396 
196.8876246199135 -0.7030871627096656 
-6.646853539199435 4.528777903264332 
207.62105061317052 42.99557724780475 
-92.90111117329405 -5.18183986264947 
179.00271787992432 109.19348774106463 
155.7416429715842 -68.61277324399327 
213.25705739042007 1.3375992559663035 
172.82521544886322 -41.256636103543876 
219.67164381105866 53.8519988339334 
217.18844059524633 -37.930491246531034 
-12.188378791061725 -38.556701501395786 
-2.5998596019439613 15.104013466682018 
242.89963118559328 59.58697095689074 
203.53931430067945 14.393414009928287 
182.09020822513006 -6.513955107031038 
0.5235768878021565 20.29648641355111 
212.43876370463906 -52.298471801523455 
20.763319238183048 8.586978459239376 
-48.06597815138515 1.7786493824104277 
194.25876269550514 -23.701950970339194 
38.503177398679256 23.711297137544996 
13.042617464082527 8.948295043740881 
-49.75608831183441 12.912650589798252 
208.83203333789723 15.682534282058205 
68.47385131890421 50.8830857494631 
201.99116207692876 3.958094751993237 
-3.8883590998550512 47.65886710710856 
2.118304482243481 -12.225057303139238 
142.978302697463 32.02579600987678 
200.95498732269837 4.0772117529502605 
199.60956093335543 -1.4463746705240916 
140.14801483551537 -31.4300143783707 
207.84373019839282 21.302600673094073 
16.181283284221163 68.20146248228855 
210.9009269064887 11.489194004497541 
45.09277844215243 -22.432134435170312 
205.03668983225512 -0.20984095425778437 
1.7449089864710345 24.688003481967097 
201.64782415348077 0.23612855392866805 
166.38101410230217 23.171592923604386 
12.963670305277711 -5.554121914426782 
-10.165138761078367 -12.30253045658039 
