1.0
1.0
500
-8.718220258612574 -18.57528853580596 
179.40764506688225 69.37314547883419 
24.585564913462274 -56.87405157386265 
-52.11190976049354 28.791132912079465 
1.3148810722646689 -2.6103283877049623 
173.08844540849162 -0.037441912504499526 
42.441976176826955 34.895656726339986 
17.325906912323717 -3.1495892068032547 
264.32334631205117 -27.55283094277225 
195.04006472419348 2.077360392845479 
285.39970754016383 65.94592042729452 
3.8267936199517396 -10.012917482200734 
239.4776348433853 -2.6606520997089222 
215.3876967317178 59.4915505950463 
29.05777687252133 -35.00907392340822 
8.803491406192968 8.701065719327858 
142.90878653290068 54.34624274429686 
-44.218695106884454 -3.421191636053979 
-55.015045809785754 65.67692370334807 
-0.024701912468213114 0.020910698338637505 
220.63057529864906 -34.54256261492498 
-63.182438811647074 -35.24342364476665 
16.275382566992164 -47.371578551638144 
-17.194312023453207 2.325074642006672 
148.85558570342886 -2.2569890052169783 
99.68263702968413 53.86767264983387 
6.12693632603008 59.25250997818228 
212.32091180716645 40.30239720623957 
199.89534383893945 0.4550112042539889 
-5.2016465634671984 33.987586324086095 
253.40315940235084 -3.8089620256965415 
122.15325715692262 9.211937561354512 
11.15400171347121 49.297189421679015 
16.748876771691265 -22.619118276259147 
255.77284274865812 -11.607983414191743 
245.6650384619894 10.331602762348144 
181.55495313603524 11.455144484879433 
232.61081952648146 -9.276200660171954 
178.08294278278038 89.85651368594387 
-77.18850111525646 71.57680505842671 
-0.6859901809548599 9.44628509634968 
189.65685844800313 45.47325845910944 
-22.65375306044593 -44.13985486201712 
209.64655119521223 59.81694113128429 
-3.5948931659256558 46.75124851504074 
209.59786317128643 10.648198851759853 
-7.477234677729792 35.07523816334735 
22.838915653536546 -16.574971735839647 
200.55286148023274 -0.8128726639948752 
199.4202421032874 -101.99602961645448 
150.22593415486236 11.956359625059717 
199.22239438460585 -12.276779836998282 
135.09059758422353 -32.33488745383735 
172.22182125037423 41.26008516705519 
239.3741647980857 5.164968594229082 
209.2809092017504 -31.956452707557055 
192.3893998399804 -4.748916132260583 
259.03275775696517 20.351805913347864 
4.023656580332484 -16.367115703988382 
-32.30378300647583 29.00349222885357 
222.03945973826555 -12.518837167922864 
39.86857942045511 20.830065595535807 
8.28827815545365 -2.5028486342710066 
230.11226392234434 6.891368242601111 
6.451132289027349 -7.430845559046308 
4.17461875545614 -11.014085708647467 
226.34180156407547 -70.83601855570528 
161.06892332073886 -14.06247543706389 
236.7025650153564 55.07973931205418 
201.178320368972 -1.76322980913128 
50.493238332936045 -46.127878843604975 
-6.4138893418005205 -5.132905269545065 
200.96826488450134 36.37501036542832 
132.44616765190443 28.646667361018743 
190.77242802875625 5.255683345111194 
-6.1706092760820255 -44.87382755265166 
139.22082418673213 -65.3122920586763 
15.04343381556311 25.201596070769156 
-6.563573791827604 -8.935366182105556 
39.687809257201714 -1.3877146558091977 
204.13787077783132 4.218397198525935 
212.94224850401133 16.675853658008656 
180.12735199422596 21.33320314207814 
-26.000394710065212 28.90715467300749 
-48.31859317621838 -2.4723938479751326 
182.9972020568091 3.188523673672022 
24.704095324844374 44.71960295619105 
-15.044554535105142 10.096531512582146 
198.0483718472754 2.907383859734476 
178.55478821842516 18.681387385772396 
-18.70227411700501 -6.27392271604165 
6.069885591878312 13.137908448003447 
131.36281710961973 11.216856086299764 
231.4807375750908 -8.971695687108864 
18.923158817960662 29.11317801458716 
193.38713037659926 10.64429112251802 
200.45098101949407 -21.48088708551985 
214.90328948012154 -6.152286854040076 
213.0095032905144 -43.73912438690691 
-12.16522406261906 13.719565733771624 
181.17078866333316 -53.67604759329631 
5.954196987110207 -13.681336929697464 
170.61660489617273 -27.757483548579984 
-6.195926594887846 -25.219639657478048 
7.5318399991751654 -1.1834905602698633 
57.34907504171994 19.48277600262804 
210.19077314989383 72.63319119848082 
-2.152121750785341 8.064575871562848 
43.367130066269496 -24.132380280005794 
185.64679720225368 -23.43535214815851 
191.4490636127412 0.35850151239619354 
201.341419567692 -0.10530947266155018 
236.1297307534541 7.174897965495109 
-0.5339257415049015 -8.955813641720281 
148.02870250765457 24.392301773562384 
220.78914234405158 -30.942581770017057 
217.82307186170755 -0.9812402548664244 
229.57085942316485 -43.16123374799606 
-11.6140534753087 -52.193557430145134 
26.334398510960337 17.109817567416048 
248.47624973165284 -29.05652035021981 
-46.22028407195913 -22.68352331473671 
185.5417509394631 -11.288083560034398 
239.99858795800873 2.9406773479655492 
200.50901754569267 17.943632325320902 
4.69049311590083 117.41208435423864 
8.984522206362337 5.0736126557093835 
190.9473300553338 -20.431728284923764 
211.34614663358795 -40.99617051222621 
31.04964250027188 1.02492334327803 
-5.251080764382207 2.7078684582769417 
-27.3864807718388 -10.167313369137727 
210.03755206524602 -7.352926735261512 
94.79271541262845 95.8623698380857 
242.0532863144795 23.59852101584581 
9.615196674075758 -20.598398471447883 
200.608009195438 9.218820013264247 
198.66171396984413 -7.388563235028198 
187.73936539566645 22.685489660875714 
-9.025241292139393 20.379000564599703 
171.45475235117215 -5.7081689930398385 
39.548141619681246 18.260366649610827 
213.6869581697571 6.516584909048536 
-25.385528292220688 -18.187958106747946 
21.382120341400206 31.06967474316439 
250.72220509223445 -29.632737111942557 
-0.12652215742365 1.0707222940608339 
52.25752864954287 -12.310215689463401 
35.25347951331733 -35.83814750427794 
-16.063655257301942 -1.2143960049632283 
3.5918693848808965 -11.868403041444378 
40.51416030473439 69.39004043295235 
1.3210595219577799 -1.0096064157100106 
-31.199449710063718 38.1831470494377 
50.82483082682275 6.149976359238804 
188.38626695183552 23.84934910807337 
280.44912628453307 129.64995248656274 
0.30369499122952476 -0.23698802135059846 
2.154425756703262 52.441912267382484 
316.0010205886412 -22.163057671697334 
11.755447074243765 4.907159102643402 
-45.02374615546999 -11.835314742713479 
140.87514274382823 14.832976766543073 
254.2803318733441 -23.586318056209848 
152.16444339327705 -3.913324957491116 
74.50288342922298 -9.40091090698683 
-2.9184912077629797 4.810217554491027 
202.72829000974733 3.1830905876755615 
15.489317697841372 -10.572113219968381 
203.56978236164113 -5.736675334811592 
-5.3637193508220875 39.20086402910521 
178.38335813158406 -88.60044868514336 
180.75807570199743 42.69819606171711 
144.7720507957936 -51.70020846094973 
-25.741140464740003 24.9793263860925 
227.28239807175163 5.3239698005202545 
173.7322081803675 -131.30568029536482 
184.18782399894528 14.365331528199674 
42.52514793388536 24.51256089721996 
14.569866191779564 -80.37610405634527 
-50.363516214885884 -62.19321565270581 
-10.727865651137584 0.3170455475092323 
221.76852219068948 -40.862906187018794 
202.9164651041998 19.008717998460828 
88.76728066657518 4.691244389915923 
290.0304489739792 48.58983445169587 
-14.600796192014208 31.283590856686576 
79.83684065246882 34.236816001851366 
204.3332580082364 2.7687445179251386 
-37.742054710070974 26.740318683085725 
-0.3427446679924349 0.6123119224733053 
208.08309677256707 -1.8973690471878224 
9.327480178407491 9.436423446767611 
140.20451303637597 6.840399953939456 
1.7863610571476178 -1.174253658105197 
116.06046418014482 18.022721706101468 
154.40711604039936 -59.697418632864796 
-32.51730872550735 -19.42241997350739 
5.2358173067607785 14.06940270238409 
-9.837059713616327 -24.704835288734063 
-8.110393246372603 -2.1989926843345287 
50.67626424107227 -29.428750406072645 
173.22709642392184 -7.322332263800215 
208.93303782939475 0.1658715998776849 
0.5228157773237786 -21.599941995717003 
-21.93418587926821 16.082647253160594 
16.34161017787448 -3.674344724055104 
13.862855039298543 -1.9384115388997611 
5.274812070906381 0.31116119795954394 
166.2671419714903 7.458329050310428 
199.0443941524696 -55.47041333034239 
-9.993271510201842 -48.18875395617604 
51.00288558158585 118.82891189726915 
176.81783330312714 -7.452072104809439 
-6.970725035126158 10.412028712367347 
-12.920094370779763 7.661584122436167 
-0.6160160743936968 -1.8069983733634225 
179.96420912386046 -41.47362845363696 
189.0142755412977 15.501121997867253 
-0.03279574101426776 -33.63055609409499 
-50.2398457382785 65.19405722698592 
238.97068512220284 -40.41856308109337 
-40.50451615887225 33.87715740250526 
199.9241729978117 -1.4166483486904848 
62.720776978795115 34.05433342361905 
-9.761914942417947 6.767445260732179 
141.4919610533549 17.719855890671308 
200.72027694696592 0.5705716312190883 
230.92810258681178 63.48020254391129 
194.9090029598281 3.4863942761772595 
-37.63396814162994 -41.569611281255135 
29.663406942494216 32.29163618100102 
-33.434770575264615 -36.621558971488994 
223.45367478999128 43.07899793716766 
217.17335639169883 13.478659950460113 
-1.9558599471757672 32.97272397282578 
24.881599640380877 31.613206473874385 
-2.8122811029004917 26.54495150233453 
19.896508036504517 51.6925002654688 
204.68521336269086 11.766876557387837 
194.55521993688674 -62.30778065146551 
-6.996524038534445 -24.760564151035226 
206.40271237104258 2.90597949781627 
197.0487823070325 12.214146654447116 
33.848911745225166 -72.52099501504712 
13.847609315243766 17.29914895614961 
-3.2997059081586526 -6.534740019328259 
184.51700389096567 -11.729725548661277 
-1.613802927559756 16.089468021821325 
175.44174698693953 -6.7131852370493545 
9.75508797431959 24.073848973974073 
24.15802718813615 5.8919089523888175 
264.28954277037496 -3.3616487364502943 
-50.83495230472935 -26.566555603302493 
201.0956690369323 3.7734189423666797 
197.96676587399463 5.494201451718606 
198.26259155831403 -35.77775253090662 
-44.87033960711782 -94.59018137847295 
59.68791759080398 26.415945613415836 
226.17698000340758 67.70729778065113 
26.561829097772296 -83.02589396537039 
15.975168811641465 2.9621768238739006 
186.51472940292172 -16.526552795067328 
201.93561989704156 -17.24151710401943 
207.0549289329625 7.320627572879727 
16.247606764122956 52.8715122092757 
199.4454169507656 16.316932402858228 
195.37379519892417 15.630563283665001 
198.76710634841805 -4.59845833760305 
23.611667197632112 -22.28011257463588 
24.1597548880411 18.44824048619501 
191.30618207895188 -0.4265361649311902 
-24.28496366451228 5.8408400229501 
264.08210577096764 5.663995731947435 
165.74371550640652 30.403515368557713 
206.3844479214399 1.191963408834937 
179.856321764576 31.473826725116723 
172.42883737785212 -18.53439256901981 
6.302536505241138 2.2944469812934196 
154.80723682176676 -6.5792279919421 
210.43104708858036 -56.03693485896519 
78.05101965335069 -6.339115821611185 
220.3330914110545 2.5711651168496465 
25.793651959995795 -73.96836152315643 
180.09826548031822 -72.59020943593433 
11.78031339250007 34.15601736149685 
199.6808435408862 -30.725220752461173 
0.9296329262709317 5.9194686160498495 
3.3217066824340504 -20.63946584877986 
0.6439444558590736 2.2377724543865223 
199.59952646293576 -5.187453300698678 
-17.556781123737053 8.85934833242887 
224.4666172091042 35.06195589975274 
209.98899950402983 -18.04638096089786 
-15.886128211083427 40.10591211596685 
203.69105381383403 29.320181034484552 
191.62010631884073 -5.941765252744009 
-54.48889786092415 -40.25200199950838 
137.27197295931603 46.953793055758574 
-51.71228549268046 12.872628306262717 
112.16101024907526 41.54088262751084 
-40.60168610314706 -10.079752194906913 
-2.967525268694668 -1.8190625829104718 
266.45941569101774 43.13375691043654 
4.161873858163964 0.6347896142541628 
9.115990403401181 62.752285084737494 
-32.79905335463327 -28.873921313127116 
238.38100917411802 5.552414123624912 
198.77638414355044 16.663330072618155 
35.809353727398715 -14.245325502490505 
-0.9469386174112318 -0.43786874552581756 
256.2201675742546 -9.192290424881255 
215.45665540156588 4.972986911902955 
246.59707252644327 -47.165663857028676 
37.23757169723764 -0.05865141116028507 
-14.17748335188775 7.534852106962095 
-7.432131032565744 -1.8351215411464854 
-9.261580407850902 31.209075969986934 
170.20123410424014 -5.328548650246043 
-19.695163677238273 3.062780694571493 
25.289720374890845 -4.75802080498291 
188.39746408673165 -6.121749437124886 
-4.492857633929844 37.854013666973756 
30.20738987248744 -35.6666440200134 
188.0871499516424 -11.530244646493731 
257.5304114625261 25.248349803904798 
-74.11087779723827 -8.764833469939706 
196.44486371278919 -0.3198451854447626 
-30.124576711653283 -12.212484426965894 
125.71182379728435 58.52034865282158 
171.03894412311828 -21.607235597449563 
16.124186769648723 -28.81386215073188 
10.461875164867514 -16.208865094830117 
196.83152951315552 -39.3317380507223 
198.23387946356655 -9.455559502363318 
193.1220383783414 18.465182056075008 
179.76176814077414 -5.722128131873874 
230.22252656957602 46.97821494185212 
-18.41314323050126 76.25454333936878 
206.1560510628257 27.94410017605869 
196.5912064451869 12.26929955056907 
24.280436616409414 10.422542602403091 
-16.936065848934398 -5.346070159444988 
83.63486537834756 102.37644568791151 
185.95238964848267 -55.8535543396612 
188.88116942167167 -28.922090390139633 
25.21578978749441 26.913725326040662 
195.82050990271654 10.863249738843683 
267.793510510425 -0.22627923522952345 
-15.422800374791615 11.609992828753123 
131.8620549245358 16.33947498162619 
-4.408973332328564 35.309075860321514 
187.24869345595732 -35.43465229180106 
183.55760412440148 -37.29734614975457 
171.3614565984867 114.04940548672766 
162.02986221982238 59.37976747980185 
182.84223299449548 98.15100231718378 
2.361647181660117 -9.849760513357923 
0.1903116173950409 22.68207002531456 
241.77417193538042 22.76329897526121 
110.17049264279879 -2.4533602095931597 
7.429362437852499 -26.513206748726418 
-4.567661841016595 5.412458185167576 
163.3835870504907 -22.60652289387734 
-7.450711293058614 35.52194773082646 
-45.382366983594004 37.7189779945178 
-7.153174089566627 1.4727289860901511 
173.41835081381458 68.82283636959562 
-27.64110461009417 -18.479201351105704 
-12.456199234645236 -3.11673767035494 
161.51775076117156 -0.6227807885995787 
178.3782831453577 3.4068348697321116 
165.34833286722568 10.77181461552233 
-0.07693616935106333 -0.6688723979518495 
241.19129636657678 -1.2605047536696319 
168.6477939541985 12.697829132268026 
187.8190286045328 -13.933065838566616 
-28.49505730314118 -3.1349228207943445 
174.66796176249463 7.509893504190273 
-34.58139661613642 39.77234141056758 
-5.795666436253887 18.98308667527389 
-41.45374853681814 -31.74792478862508 
213.12748318355384 6.280638533337307 
153.64991803251996 -18.646312582456666 
-19.42009483495794 -10.22049159475599 
157.7933146111746 -9.324397949016562 
36.96742785812181 -9.996801056970023 
61.97978757910175 94.56203001575925 
-31.660046297152544 -1.802044176781177 
-8.880562392169754 -3.0371396638619843 
185.9707605274345 23.990475781087916 
-5.238250074543063 26.12620658093725 
-22.100802512132177 24.32813011817032 
221.7709989181783 32.534366858531804 
197.96181799702785 3.9348159828336673 
156.5514331913929 -40.01046311033688 
208.35949920190012 8.542480016786193 
194.20726884625486 10.552027989168018 
67.2466068970008 -43.28077457617296 
38.76345278324159 45.422350392444464 
212.7688731762383 30.139319463091603 
172.95817759135232 5.186570286457183 
194.0262799243333 -32.739108122406066 
145.57142984096834 17.766836727757475 
-3.598801177729493 1.8706520088963616 
1.5386113865153666 -18.784574655228145 
-34.88419576035736 11.762201440180213 
-0.4739216102884438 -0.2587574237755437 
278.4161388678532 36.567799606051445 
44.267552342933044 -64.89664881341209 
176.16540175584345 -41.00726776022973 
-9.08863064515963 -3.555979554544004 
10.409135677161235 7.04987358585829 
203.70723212311785 23.432884005786814 
8.883103328794638 -8.378698389067436 
20.2192103354967 -26.802356803533502 
35.016455831193674 132.1644591663528 
235.57752888053653 2.188368954583352 
177.78363883473554 60.40873266981011 
14.888463268216283 11.570752910285584 
178.85262612123847 24.397717431385356 
159.25165820118553 46.42717018731185 
-22.775927023164254 31.06651947764114 
209.76022751913436 5.461752322894877 
-46.30585898788131 23.78967015279763 
11.02966744484262 -38.62912120410444 
184.19258408521281 -3.1152561504569163 
200.92319862361785 2.2873409032307097 
38.635938079952865 27.960256007532536 
156.814666959401 -61.32561742499384 
-2.374328145137917 2.672827325777081 
-78.19188856011401 -104.55268538106155 
218.00981411546616 68.30946765909972 
199.99126021053692 -2.9062891184488135 
221.81051138226113 -76.5205825658968 
-6.857029859169459 -7.127288469249907 
-11.783858964073293 3.7904734543159773 
225.35993827893932 12.473115069531266 
-30.51208833994236 31.89710878553775 
-0.3071917710489203 -0.03694071984649434 
-18.42852047705867 65.15018644587188 
105.29720338782981 40.26428213613178 
137.40535279252822 -1.438937155856482 
223.9134879621588 17.26363284621656 
180.58159780975012 0.9816727833620426 
193.90650083811735 -16.95203408318908 
219.22172065128092 17.637008590691213 
27.97461507815422 -14.406304323372414 
1.2939479462495742 59.855084785548875 
-6.821003780534968 7.656786125305831 
195.53677267756544 -17.21492567416943 
8.861936149008136 18.56578757812471 
212.88270799505935 20.699384798638288 
11.261015969845742 13.306691332815294 
191.7854073543004 -1.3106919204807261 
202.16222280273556 3.965613085883115 
14.425604645906212 7.997520976423064 
-7.437549802775072 -35.354709708991805 
206.64121343157902 -21.9689041848559 
111.96333764100204 44.42514923401457 
226.60945804807568 5.389578845946421 
209.9058000215082 15.951496654462673 
133.3451725808848 -60.89851777112612 
197.06095361466961 8.910480721196674 
172.28989942789386 -18.655929434275382 
194.11424134305807 -15.211153286586109 
-66.86851096995898 -120.23790156848426 
247.51074720072748 -29.971058346991068 
203.55410148008843 -12.363484800648578 
195.27764663077608 -14.84327518726034 
198.5751028518844 10.665599551150947 
106.92417852104738 -16.721588568850873 
7.380693466093329 10.838802633604026 
4.0987733693573 -11.863114983927558 
23.016501888387577 9.206464253972733 
-29.83126579529058 12.036919021673125 
39.0296263779239 17.392072514499862 
193.23908656158892 -51.28798761309404 
-19.932385055444893 6.248662792326809 
-30.96509923572792 -33.41745769178755 
-11.86215385574723 -19.140853688540748 
225.98187200041124 22.78777750555865 
175.8702536294855 16.3120909460914 
213.16820401187556 46.409939282139874 
138.87737001282696 46.131719352263325 
189.94910497837344 -15.400605829031514 
193.69957572849117 11.45476466496256 
203.56151362618638 2.0626210463577905 
213.35534407549162 0.4185181976962266 
26.79009457334397 11.846607584874091 
180.95797724320576 -29.539486947929312 
176.6374724894372 -25.748783814192254 
40.47363264257335 -18.513555394726886 
-0.34268284605135885 -24.175660615767192 
213.06505923036136 22.59527978893197 
0.4258075064826746 -13.345756490959857 
185.1456434828866 37.36986700727907 
35.88131894220429 85.0602857941419 
1.075332415825231 0.8426707064474525 
193.24291151755824 -12.404830052665059 
