1.0
0.3333333333333333
20
-121.24218199456459 33.62503936083332 
13.786058175375183 -58.36539475707592 
175.7202773284626 -18.062603415126432 
179.4729175891751 -14.288791950711484 
8.625278583341 19.734143564889763 
190.97972545738895 -28.619155104274213 
202.09561672864976 -19.161286739682073 
307.96629181682067 -8.360948624465173 
39.68736717250284 -76.19647790859132 
216.82865218340592 101.53523953813676 
246.91781577620378 -22.26937056879868 
-10.700041376963494 -9.328473075713875 
4.291585193406768 3.9469847092457386 
20.164812854188792 23.1592755979073 
-14.486287636279734 6.430689226979174 
8.315124978766683 -14.541983733988975 
67.5959535320908 -10.22494860632122 
198.17612414032095 -12.137613826667167 
33.56085111132859 -92.01104921636393 
196.33857835097575 9.66815155922977 
