1.0
0.5
500
-2.474686162718697 0.9235487333897029 
-9.190040106281096 -23.115657884884634 
246.84183499213668 -43.853559699526606 
27.839525617654125 -24.983612263393663 
205.74886232265564 9.75740169967076 
244.55500839670208 -12.424177481125565 
50.85254335926463 -65.48745939970111 
-71.883871231377 -5.677710491999985 
43.264200240333714 -52.114010340054556 
148.88565921856923 -66.90747922391567 
-10.409367796162677 -20.03471004882304 
227.40500634890176 -6.170641095015465 
-6.8636678032137 -1.9538913424378188 
184.93365527201283 4.698238039556781 
-49.12936837391017 19.1929155099963 
133.0994834484785 -59.70452321239687 
8.799510730442734 -7.6553431674558325 
0.726699382749457 2.021165695336471 
1.193361478510927 2.7152212034294907 
145.3873755912192 15.69411625779762 
-11.846462137011375 7.691593073178774 
259.3405929932397 -75.53894885693771 
171.86766062771719 1.1283449715806468 
2.503230845783606 11.171187507179829 
-0.04330122169658575 -0.06533939627451361 
-5.587451759311997 4.933392874261291 
-90.34369054224662 -9.435065350040194 
214.39579108939074 30.994049641482693 
-17.849765812075614 -8.88919470929435 
8.420451959700566 -20.686268987512747 
244.2961073979008 -6.7325144203360034 
195.5469467039193 9.129563451469037 
159.76089430354966 -34.79406634879786 
1.8184108947592337 -12.584305169110644 
155.83155315864946 27.68241211035045 
200.7338836817212 4.121049488578193 
37.52107857553869 49.9352198746776 
205.66990284019764 -48.05469511069688 
-2.0363124112652446 7.875578469373152 
15.556497185709908 -22.46409809860581 
-3.439587806868074 -22.261587866260932 
50.32799959274189 -2.0701136288579396 
232.1002844985688 -24.079660747698394 
227.9994914760859 11.632042800242449 
-34.720397068508824 -12.306837464775072 
-0.3574690854042925 -29.171975817025398 
200.25414400914227 11.747838073544242 
37.32555213985375 40.83319849229166 
163.4137805966359 -39.891610476826244 
160.37158973058666 -78.29669534459754 
199.96776216217816 -0.05020245087128215 
207.04554654879246 41.26203665169415 
251.84267300795855 2.0694720098287287 
1.1740283700929897 2.5917007593082557 
209.5519265871902 5.6877191245107 
-140.099528895281 -36.283260370823506 
30.119535378235824 -16.916252133165347 
2.233002363225075 -4.166698005195072 
-56.26782597386383 9.221652923044623 
-36.66644719780686 -6.224326353362993 
33.97902348686468 -42.99967712774327 
252.45075357725042 17.86174852780796 
-1.6899054789064105 2.9234214061422525 
243.60508663386452 -2.8793516382717304 
55.915774367165945 25.043182951561015 
-20.581851321896554 -40.27238513732956 
241.36642521868677 -5.6531054477209155 
197.53067940115088 -7.695830456600781 
-8.014920980341461 -13.702308186163553 
201.01179711056994 16.76813383523696 
205.60251821071193 -5.350414891616844 
200.0696434516506 0.003305340546424036 
204.23919342242 36.186928456819025 
203.53949177428265 -27.35135997093273 
212.26115009289418 8.857423488714888 
203.4895872345361 -38.20100340374032 
193.2820812145262 46.457966916588724 
199.47699896605698 32.402827209887626 
3.745781704124699 -47.471521021288616 
-28.264569657477995 11.079954356705416 
219.67050031953713 20.960643978699256 
-20.84381845229008 -16.061293419567487 
-39.25129361935412 61.898825971015256 
116.11758141477428 17.79100956772099 
35.47906908373724 -30.858655771059837 
195.81170895330322 -2.1454057205418477 
205.8739789219133 14.078731634186946 
200.81729042017093 -30.37020352744821 
187.35550345872107 -5.760289953055377 
-7.291286718106171 35.914446424943165 
10.875080087127799 -15.898122819896118 
87.48280660130519 -72.04147427444822 
257.85303581189686 0.08755349313675864 
154.38034482045634 -8.111065506263083 
234.9510337275454 74.62442953319176 
199.2972671108201 0.6004519304728125 
146.08789796074007 37.728244995277755 
167.2740141886429 -25.037018644614236 
47.526489861666846 64.42248582210821 
202.2331763111984 0.5273894162672554 
39.88317411992733 43.27501464669215 
-39.14722977205079 -13.967019142680323 
41.475017713682504 -13.172289114425281 
6.482771840941648 12.797395908256611 
3.474666702550342 31.757601392782053 
-33.90543863254851 -57.31150422264655 
24.548353116359607 30.630821269353145 
-28.52131395389178 -17.394577966041325 
-14.541356256918107 -5.9404924543046524 
108.07396610540361 -35.596885412691776 
-26.192476685299322 23.679144458146233 
202.1435050564431 4.56022542211409 
184.07961945542652 -26.8521892499504 
-11.224125451378187 35.06071384904278 
5.776050291041362 31.959787270318344 
-78.20100154828101 45.881886239608995 
196.40542631964277 19.571797049739253 
288.8412455741029 -53.87841392058229 
-0.4810602209629213 -7.8989818381827375 
-3.712480992196228 21.12813727331281 
211.55461751538562 14.632819692722965 
209.07472433213886 6.751740202410652 
1.3180237794018723 -104.59309716996776 
310.37838507758966 78.13037503608241 
197.71159803965728 10.306834828378918 
25.261350021828576 -1.4265486706658637 
281.90486671574234 44.50728607096868 
175.34993169135848 4.443822955791838 
202.69615425075634 -71.126991028614 
22.48814357093291 -1.053416032926317 
182.67544707382876 -12.678581310087429 
-14.308337410019224 30.875486700455834 
-1.6704301803766046 -41.80679504847237 
7.162217326704886 -3.679464469525338 
139.97062114991925 -28.508630411478197 
-8.071615199476888 11.890668713245864 
213.73516218351654 -7.689698027738684 
6.9755698292597215 -30.67236139404076 
198.5086228607427 0.15647883555131514 
210.49957256516612 6.390596880162849 
263.63610271585276 -35.47751608333137 
245.3492418734402 -44.694935673797445 
201.1252339585163 -12.130662950873173 
167.66287953980017 -84.80494200343888 
19.478422257736597 -11.763222263841154 
202.32275538752017 9.091478449252556 
264.34160174424596 -18.02847880942491 
47.306771859076726 84.74711689439579 
-40.88079537201291 42.38045969297725 
11.743851911447551 -24.37763899768159 
184.24685620788102 -3.7633227676447056 
-32.321926895411 74.48652483965222 
-7.208497053332506 5.982853848893015 
175.65938119604579 -25.356157353953932 
183.55150112337873 41.649169134161916 
3.30008075355827 2.970126799845626 
1.0542495385115396 -4.026588284479265 
3.493398600919484 1.4871868193940063 
186.60987813050778 -13.971766636995714 
219.93203356176537 11.95985071201086 
2.61333970530831 -4.7976089276812 
163.41261021955836 14.796705605046323 
181.78710177249152 -30.524378825532608 
13.184562609023953 -23.968383002116443 
227.37037065082384 60.39570793941801 
194.76419917949727 -3.8486615694959343 
-21.551118435680426 -23.045002147952065 
13.784804976525596 3.077696014886342 
36.69967624919882 -49.479432461736536 
41.7684138324573 18.780842578077575 
198.50167329160874 36.53106958139163 
-47.189125116627146 -15.717086768360378 
-32.086520652532755 21.39222997136906 
-0.2839341670582456 -1.1773644785974693 
21.699535727411114 12.50779985595899 
172.21982547789347 16.291656674309582 
185.59402977925248 -3.6002640168871056 
202.11630888657268 -20.246954475204625 
200.0836941710224 -61.356974853846765 
196.15001623364142 -40.73607864536512 
67.55436005298037 -82.81869356692515 
232.14936109192715 -23.83756675079183 
21.70996600787371 79.62714672357366 
23.04485491573802 25.467008395321354 
14.140591581599553 14.836694320381373 
-52.23827867988178 -45.586250746920705 
30.727502795174757 9.917293969956617 
178.84911134916112 -5.413654031331551 
13.898154346707955 -11.417521449211794 
46.36896354270727 -1.760441694376495 
-17.507798074653767 -69.0331435646053 
203.7715042545027 -4.61060331675637 
-14.853671325058468 -17.80346278079603 
155.9791119842192 38.53394117986802 
3.484850531961689 30.21909152663601 
242.06092509390035 -11.094805065201346 
201.38621379567758 -0.21549698534273026 
222.46727682561828 20.714182689198502 
-2.0084910013482338 1.4917380657846342 
-27.241254314846294 -20.692687175137106 
46.04367695344638 15.300217683518884 
-61.39421737930074 31.288498357549827 
-121.64933054526821 16.45351954840664 
105.46955124736579 -1.5665175879683382 
173.136365183298 -35.74383172191717 
8.253510959816973 -17.45967154340725 
138.10235162629655 16.639384105361323 
-9.132393638419156 -12.12268260085905 
238.08591317466286 -21.50395811989568 
0.859685541283771 -8.473504693471494 
190.77040682968246 1.7393840850431488 
70.71919567631807 49.98457221339199 
-19.910283942226133 0.7481522315175542 
19.033287019225014 -21.59622812831414 
56.373226676939666 -21.199560062062734 
-3.9904738926138714 -77.0578950213874 
-23.613167877197384 8.407195180421327 
3.020549257117419 0.7061473186141123 
-40.96317387473546 -2.952969982628551 
200.65909330041362 0.1895420904316919 
215.4499664997557 -2.155741469277565 
245.34249901176307 -26.85570601685135 
-1.238689221114317 0.7125214490320055 
244.3963400769459 -0.8879821160379814 
6.502440060745019 -8.108764547411937 
55.58289510721391 16.788130081533584 
187.38230643149282 19.8947124368504 
101.60279393585304 93.71410511327193 
20.035744164015455 -34.944044140941564 
194.51217130499168 3.954224962723233 
-8.737047888155777 38.95536597569157 
-49.92060246747122 12.51702855802892 
-14.696215157889483 24.338598121477947 
-2.4227896488245664 1.516754910012564 
200.70862541768537 108.24641927598086 
54.01916542246224 61.83100151185665 
-15.738459125533652 2.7905237915692944 
209.68788719063215 28.485168406408402 
188.30501229477863 23.042537844289708 
-35.19296905306165 -34.777499608805016 
-6.252948246926155 36.80893641593961 
-115.13386155289265 -53.41364807897795 
199.8284770432177 0.06062201435128739 
0.8880700038062115 -1.3741882794881897 
197.00578510561417 -5.860609422383199 
-74.84484379296323 -3.4153061498347026 
217.68114164650692 -11.928878100756586 
213.51691109380448 35.48169585766283 
203.49305407642487 11.316065569492318 
172.05613347318192 -8.605001266535963 
14.518046900455905 -29.73414507273985 
301.53537560765835 2.6058483307219453 
225.97631901563526 61.320371301633436 
-10.727284469514762 9.924890895715063 
186.73467867655648 33.05717830157264 
-35.692031711994375 49.529154339144114 
-49.05642360915666 -5.498938148288407 
180.27374883607567 -35.436789683674945 
-0.43056808295564175 2.7776954701959404 
223.41278418818803 98.31700485450106 
81.377903875003 -26.108087580328505 
206.64162698768092 0.9947134694199743 
6.779413482075863 1.5303185235180417 
-30.15035602605739 -22.87937859108543 
193.33991310311558 -2.875003515507973 
182.48131759225004 54.04534206414308 
27.878665391071763 -7.421337466156507 
15.640543803680794 -17.35722625547271 
-11.403942092385464 4.101841471560935 
196.8297988952096 -4.316850373214593 
232.60956204957066 10.072116087676326 
222.90456288507534 -10.964529242204657 
163.71739698354924 -20.246341490704417 
8.945971938597507 -17.112731483815196 
203.96450349659534 -38.39767270724478 
150.04939004391946 22.634004244670624 
190.6658628657292 24.29989276240755 
14.047518616064528 3.9079431736701706 
196.86294212102356 -7.100809784308226 
173.71673694137579 -31.20907632209777 
186.30527660233898 8.324270603741596 
-64.49571127252281 -114.48505925447733 
38.3006001742145 -56.01244239313148 
256.01556776981636 42.18077158941852 
1.281959110185452 -27.840872422622137 
-17.445271044246198 74.35252927937829 
45.51025043654674 27.303931721619147 
-8.230787760888793 32.87896736689106 
-9.682366037317232 2.8150569073903937 
-42.93016712904046 5.615515395369306 
-14.431628360684748 45.76291254076434 
-7.412984477261301 -0.1667467172454955 
130.10698570812235 -34.6262612423607 
214.54825146900825 -50.38624802831983 
17.819034769083864 -57.10001129351863 
204.20853058575696 20.877175619721022 
-46.54469460473329 8.432797588520344 
199.3962923350103 10.231966924193753 
2.314526518675582 1.0751126121913561 
26.00389071879658 41.292588543135494 
-0.8903840803835026 62.45728402251578 
8.359305619197926 22.262404856048647 
207.3145186650799 -14.450889020085011 
97.06250113966536 85.87244311018722 
-4.05873364741052 -3.3391884924009414 
264.2965104838832 56.217442272530405 
226.04669294524976 -5.531786401393354 
191.28624908559766 13.06992214494574 
191.48888821846452 25.287928157877495 
-52.8625785346034 26.224189947804977 
3.8721110970969876 1.763216384430207 
198.34822453626015 -0.8620865022984094 
-43.64746413145766 -16.936643981892885 
19.619354961726177 -17.779734463046164 
152.99446425169432 -49.86112445382518 
0.01722918719555594 -19.062679046815663 
235.42376790884106 -25.231179002929668 
9.35463097809605 -4.892666498050198 
11.407658259155767 45.90675249284109 
-3.9863057480484163 -8.072322164653336 
-22.54938220903016 4.837920864649435 
179.44609420454938 -5.530406069925597 
198.5149346639784 -14.099945015309096 
-0.5678197332318571 0.20456190454591408 
-1.6205753245496761 67.6507169797182 
306.28149284449023 -28.439012247557475 
68.52714729217233 -5.343247992648394 
-8.171843793223562 46.52104142017193 
238.72506444748385 -28.869374957826977 
248.83115950952242 47.43217372493116 
2.1381128678690655 -0.24591315438634925 
-3.7891001805933193 -1.9501490900676473 
57.06496929007671 -1.9946545794524375 
-20.453649951129925 -4.684578129941678 
-60.2869245642623 -5.479504061307975 
-4.386529557391064 67.80621042845947 
291.49556573790363 -1.7083900128451326 
182.7367019337331 25.323251270731756 
231.46975783935522 -29.99485914716448 
26.182870418597492 22.1771027002688 
158.67510133174557 -0.9839661445136405 
219.38268151894314 -16.972078343894292 
125.2384592574044 -98.00497761053975 
16.648486626165926 96.62413320843079 
10.401789956043952 -14.780455464823717 
196.83045526528446 5.297542051762537 
0.84195864026107 -10.802186813945072 
27.06530839277777 26.32123268560497 
-22.24990247750336 -44.43228234376437 
188.4019509617206 16.434482142714558 
-6.871329748005362 14.430592000026335 
-24.467792959310433 52.51103457185118 
195.26648701894445 3.796910030340356 
18.428546685431247 17.692403692373787 
162.03118778350856 54.94524453280278 
200.34465949981015 -1.861788947083158 
11.20827586271999 -40.73739078314231 
194.18460845589777 -13.585478972788776 
-15.553325469466278 -5.466811281767938 
191.3474146777029 -16.876577289011546 
-11.024046643744978 34.70652978409649 
30.480530951315302 32.688381884865606 
-46.633932877528046 -15.582670891783977 
237.4160966114311 -1.6141601253085915 
-17.472492399575813 -7.239446933438239 
22.887709146035707 -29.169241842873646 
25.02229631220527 -5.043393486875095 
182.07900677181547 76.52106366255161 
209.37131865989028 15.856255664732894 
199.81963165483452 -27.26552497392757 
-12.068956832500964 37.6662392137625 
229.20640680002606 6.961875782009386 
197.27684497693772 57.990176744738754 
190.49428022594697 4.43753119620107 
211.49469680748592 51.92678184445451 
39.91233732978606 -4.807187236454683 
261.39300763967213 -76.00033604436246 
166.50856969390782 38.73070359792347 
208.10885801197793 -21.027509194904866 
-6.665747857058831 18.408251593744325 
152.99457885565172 38.03666513176656 
-36.69641946163423 34.42622547366859 
165.9840830488921 7.3297656162618 
8.8147339634093 11.395762788112213 
201.09976279475637 5.571333212189487 
19.2714004994699 -43.332397500798926 
21.333471535729178 6.837151273418952 
244.22269824548917 -29.186465598591543 
11.099356085944375 -32.02062072187728 
191.45495070181093 19.896757456824773 
34.30130225040322 -14.146090388122747 
35.002696630615695 -34.883700286258566 
116.08040854749576 19.89441551121427 
260.78718062549865 98.13434613066963 
49.758973534998354 35.2667562480882 
177.4562002709175 71.81716563742765 
219.13420343113756 -80.10388186707105 
210.62353183857985 -20.174619892925108 
237.73457681398492 9.905399197872251 
28.989307938088718 -24.270652751950745 
-0.7244786019439534 -4.303520139728745 
232.87764556578304 34.48476956899744 
-40.048472287449584 -35.455794184945894 
161.15257264951882 -58.71870505848711 
193.46057747155845 -30.44137007584402 
209.06657573669204 -7.996918149109137 
-0.40336656540491866 44.140372520692594 
-47.993168520748036 -29.40961299762012 
161.94259477092146 -21.42566246414864 
-21.19220876614255 24.49169619201175 
240.98920262772629 16.78699365226374 
194.66289465260462 -37.43563583942828 
45.63813042657282 16.420607890880703 
1.8608784222615695 0.838007335574907 
182.16314627415252 -39.55724226262957 
199.22513374504865 -0.012607910426577756 
-2.5824566247584766 -43.20884100509771 
-16.39978827304307 15.952699054472873 
0.8180020370675753 1.1113268822179876 
81.98319502929823 34.59722959766255 
203.78409582709696 1.6388062971838966 
-47.912027961122725 58.15770144338761 
153.97301749284114 -2.8490600213988087 
200.75267795058915 -0.8245196729263178 
230.97192835482113 1.6005844157133147 
199.53028654964012 -1.5889630330436515 
42.29121575310746 -13.762747871926326 
224.46547899483062 49.56528823497554 
50.560282116608555 14.662148894170976 
147.5113985797205 -5.940651678139486 
250.15851005589596 39.064831997407545 
-0.5856814671970548 8.045659128133474 
30.182729839041006 173.78549842984955 
221.00660157755547 57.39340071195775 
115.0698187980017 -13.459547107607703 
274.3226550873302 -84.20162142720311 
187.82374422470872 40.86619018017894 
6.049412769481804 13.233922839303037 
19.042138437033103 -12.972778957135604 
193.98665353729132 -24.150818732072814 
193.3736316916137 21.223381749535147 
215.9710393517203 1.2268652260787731 
223.23179775864202 -16.745872853789876 
172.36524646989264 -41.10280294348717 
19.280358993088416 -3.117935826752399 
15.128166353540253 -3.221279752894982 
-13.091232259799863 -15.05866265258964 
44.107078619393135 193.314806252851 
205.73189836464076 4.281606600194164 
111.61141985147033 -34.414686608347225 
2.4558113765962832 20.77004669865695 
224.6338421223369 28.866421730307927 
194.54903440847073 -7.388172497234485 
217.87205044730655 -30.73821495431279 
-42.103115982694234 -14.158491338837935 
47.79658775233238 -8.513189663259306 
196.11564410812684 1.2259532310403858 
97.3857667867394 18.74413462917885 
-75.40763687453234 29.87504118396076 
270.04873077800266 7.762474576909405 
-20.66313377420612 52.009720314254025 
212.01380094189858 -30.623748525414083 
51.95714857333069 2.124681654001513 
210.64912878307007 19.14539944768351 
173.51463590902938 2.036749973029235 
190.06028226721907 -15.107875075225014 
56.99155983002041 21.690958246103946 
212.58990725205828 12.505791616381897 
-11.850173256244295 -24.658716892244787 
199.18595269914303 7.889702751961939 
53.9411327812839 -54.540872129617 
177.99878369852337 -38.981266431503734 
203.91183939424783 -8.885712299409327 
173.72058824895578 36.16805302478575 
24.394385418644244 52.304928017904494 
29.77669878902415 40.70371795349549 
213.1289699361127 31.99185992817002 
146.9655380438101 48.61239289612893 
190.88334916775514 2.21354375616073 
122.19436303201677 7.9545735860526525 
69.51360852076799 10.765689538342086 
209.47722528017005 50.414445494807154 
185.50359946660848 -27.47707011814658 
225.27354805397036 -37.29939040136175 
20.91682826934147 93.4324499674946 
216.15412179650093 27.23591197227844 
201.49210775389722 16.44524669364207 
245.7684003751245 -16.185044698700047 
-0.12495750237204968 -0.31982505885349793 
198.04610547108348 28.63214327028506 
221.90221771030264 -3.115283069789489 
185.9393153195252 -12.219773155347898 
272.3937577797488 8.040333993018743 
185.27394373152018 -0.6842912172854213 
-0.4123067437389369 -0.012713848270801409 
200.19235392939513 0.22579344104897695 
44.95393769787324 -21.8162731272879 
257.255369459123 68.18700919371501 
2.9826567183877044 -28.630344084367625 
193.80374829187653 30.029264800978016 
