1.0
1.0
250
-5.362481108623977 15.005207978613283 
-8.768864494805456 -21.106889336352378 
-6.816625310597447 1.4316145106365104 
51.344512302593635 17.1153544635564 
227.67386187438942 -23.201076992593723 
89.47466093635201 47.065435607245846 
199.04577648524386 -0.811077323060755 
168.8883822106104 -43.83838744617554 
195.63554357231757 29.259982643731707 
30.899587491646272 -36.41916435403554 
180.06824804100344 11.591732687833128 
201.8365299057319 -24.014852225502796 
4.321741878012456 -2.059295120103686 
194.778645913429 28.336429734375873 
-1.7694899047337942 2.2497760239079243 
194.56344484430622 27.19504704392987 
193.7046023066602 -7.007821918304216 
198.36813310884256 0.06402870250927542 
7.956017646368024 -71.0285472155669 
-17.89818839950558 6.257031931900009 
-7.694255933800328 57.07067788290817 
143.53276578258055 -10.066683697485367 
156.19283136736567 14.404381357814156 
167.02000473917798 0.540512982071544 
-80.52347331620167 24.150491558372245 
-52.13533788193475 44.4156797363661 
189.94530935039163 -6.046931420767662 
20.314718452405575 10.167525964662934 
114.765648936313 -55.2877999595896 
20.592963580900822 53.99565228217182 
232.92758671063052 -1.1094359527643392 
190.1768412081482 -7.612903922137819 
208.46081612978585 -8.716227696679047 
-62.09728239555858 43.641779844011616 
196.89572875984328 -41.35906491422885 
7.618165974780118 -6.212295557088528 
305.22515284518875 17.004591312156027 
171.47106509787687 4.732427327495666 
217.10009378448072 -16.964477534330054 
243.9329848071025 -9.320870089490764 
240.66055120984262 89.61944939055786 
3.91198896708181 19.11067547236959 
178.27339790758853 -67.53945265398255 
213.57219984365403 29.68441810459636 
191.81110914036466 -17.963487516021864 
199.8416063451396 16.686018948034555 
51.131849144925354 28.807448782150985 
180.43158263557083 -59.00355172068682 
-34.94273775747502 67.18268994485501 
-25.58819382460072 6.588109110413126 
179.65243290771625 36.00883460572404 
11.158459594869763 73.44840069001734 
191.3903237249284 -27.14316567021045 
201.6404652280476 -1.556432640407615 
201.89248934332784 -53.81614766955147 
184.15881972873726 -48.75880583789661 
157.20149338569072 -24.33829338396031 
16.54799098349135 9.596872826837917 
-6.750220455334978 -25.86510603120476 
167.65751576774508 31.553976889098738 
161.32692149977743 -51.40838934344121 
196.61710056778648 21.061023693304136 
9.948125170131139 31.756685558886637 
160.43563297366745 43.6794866631175 
-18.516084031339027 -13.40609654576515 
219.62644432971757 -16.521015654546947 
172.92932893295153 5.721320148760317 
123.96020264226682 89.83301994388825 
232.65498584145183 10.464733640976041 
-79.19978760723876 24.016558232966194 
0.1549031714586185 -6.340864116664056 
48.779517433911 87.45150337781801 
202.8574520971683 -35.18918760167197 
187.35766915180585 40.37330172950687 
203.53928934419176 18.425053820528117 
199.64606286021515 0.16132795930891763 
193.12064137803915 85.79659230726115 
220.10017176527074 30.51933056673246 
58.170946219847934 12.191382392489862 
60.08574980682603 -64.00991485109436 
-0.4322282839462768 -2.3199686313855246 
44.03569356301975 7.475842659760326 
137.64657649720732 -30.3656129637948 
-10.221250218128233 -61.17581984302264 
226.36274584861656 20.45312888909473 
8.92862312743861 18.136513590698122 
203.75840780094842 36.85968134690068 
-8.460206496613191 -14.873748781733424 
178.36689597719197 -33.8013402243748 
31.022242388716545 -24.647723508301965 
222.75928470960426 29.933411721612266 
155.27432367422026 -1.8860099315438477 
244.6106971385752 -21.496042410673372 
196.2507556977646 -47.03333973363905 
-27.298423065452912 -5.409442898244447 
223.57816916042967 -33.683317289740664 
197.84420823057852 -3.487736090144989 
-12.422464205875924 -7.512550749198957 
-10.768523404307073 -61.500965327744225 
-3.8066687200392417 62.54646059617106 
195.92919378731588 -9.96639900285839 
1.5144626041135927 -88.95821793543298 
9.355510288068137 8.59075955272917 
278.3914233415086 -3.5889954299896254 
109.12059498781555 -51.74139784263613 
209.36437494680192 -44.59547514705779 
224.521828983318 -26.335475960469534 
156.4295330175055 27.39778401644726 
0.5720756445482613 0.9335893147441101 
192.0891498059871 5.237000576378567 
7.873437506696725 -15.18256081858284 
197.44350647547714 2.3428330001714297 
-8.413105793974019 -33.14402420455894 
196.00094941528582 -24.705166185617216 
-13.687766306436425 -12.728155901039367 
189.3721674159168 -33.46727952570943 
213.7857995853874 37.93318868121243 
1.5166068499756316 3.926772515550174 
199.9086444287698 1.1906751870740133 
29.978078471523826 -0.931587737174133 
222.84364027392672 41.49577550333591 
-26.54854833071132 -33.58182615309393 
212.6595888022332 8.320024005404537 
208.3008770434221 -15.733961899261779 
-4.390699534023844 28.67147828083174 
218.00565018027498 29.72885736917188 
162.7060954811816 -27.468644613979915 
-8.224183220622333 -17.05681369700583 
187.48846666955149 -77.41570098740279 
237.5452875830005 33.96289432513855 
6.63130362180309 28.714198327119405 
202.90119713776284 -2.042652946828979 
-4.174521802243455 28.001137162371915 
248.0820489979562 -38.62555373580457 
-33.06726263690338 -15.431114441262812 
192.9369265737769 51.76801998066014 
25.83764470539354 42.71112328310688 
-0.3003988139672525 -0.14799932943398986 
-7.022853984430602 -14.61446889234879 
225.3646273370776 -31.11753429233443 
246.5861951152586 21.009395838008853 
210.973080983361 -19.839306954759905 
4.749425318981601 -2.394918549614221 
-24.931140591184953 33.82773492177166 
238.38522607636432 -42.413171850526034 
187.91624374191667 11.599528423131582 
-5.53813652741452 -45.27717816912046 
190.07458569309622 48.93577371213434 
230.80478645355535 -116.6567613893463 
25.50248260998372 -26.797669766656625 
189.12796169894887 20.61566865743061 
-23.71840966357831 67.58383802173645 
211.13029656086897 -11.190699929127309 
83.55134873901103 16.06749881574403 
-1.5000081170405166 -7.475072212938037 
15.12403765934426 19.0476558354818 
-54.789571122579396 -54.147771287657285 
224.5616578346143 35.51268171697301 
200.2258706482563 0.12868160116597166 
4.606332774344668 3.379729258394851 
-2.263523155514116 -5.676569960802032 
208.21261495641545 -33.711848134057846 
228.89318381633433 8.56479779152184 
153.8176569895604 -51.3310983525045 
130.5965487887923 4.912686251054406 
204.20401620834588 -4.606573599915232 
137.20084817164192 -39.02085296165078 
-9.119033007627655 -5.044163218763127 
21.524941897082666 -5.066196051634655 
37.154396399541504 -41.44175495171041 
188.69969237694366 2.0362539800996147 
17.243956385409813 -9.754294424393143 
171.45189872644534 6.465116846116591 
47.45434417133282 15.81357604753336 
78.88508254592655 -99.7212353089285 
185.99855268973954 36.00730390649448 
250.28924434009414 -37.033261612152245 
126.09857259631735 44.02397486355796 
266.3998631241503 -5.570528693003754 
181.78575439762628 -24.97993414107324 
229.4839066256132 24.946751154879017 
160.30661019697587 -65.41979442359734 
195.79622910825057 -3.4087918209177013 
253.2102820477243 14.896027638379097 
226.57560996760955 27.56066031314106 
-81.19721662605001 22.003290675356684 
4.095458783398291 -63.052129879996336 
-19.877527661015105 30.73890517491466 
-16.934674051125533 -0.41677898576353295 
218.49102659866344 -29.67001459556502 
212.38163548934548 15.703958030105976 
240.51012980680554 47.10579472088641 
1.3562373798547203 0.38255204666699427 
168.86826464232945 4.466439457739557 
-16.43751387977196 20.13112463498196 
220.30191957997746 -31.7258885516828 
-3.218914366787784 0.6753370034943239 
-15.533139311363646 102.45006828377714 
27.610139054172016 -35.24352106838007 
-36.65895148973466 -2.722686876893778 
139.43266376436515 60.72229978356127 
219.0219961839142 -0.9844202108791478 
-64.08552588034725 -31.209903844634958 
199.58501440526118 1.6979215772623222 
11.929112597721003 17.667087259565196 
190.78846929002992 1.032084082180292 
-14.567295492402753 -113.04871594918046 
4.992358910869993 -16.88387578696612 
-11.158078769839818 17.091988742169285 
1.7793565430664893 19.780951755189818 
-16.636649287754395 -50.46736246886112 
-26.091866744022703 23.747224216901934 
212.37402148403285 74.79555512224793 
180.22180322582315 -32.60448906187801 
0.03140363375281635 5.467162940422691 
-38.1013817824082 -8.695424955337433 
-26.09800608522033 -85.74058332121079 
255.05517648397213 107.77458560238505 
204.46322338270753 13.109755250088059 
207.11101186272583 64.07620323429171 
-20.609661767231426 10.91277370581532 
192.96212893844805 -3.171976561788719 
22.845560913503608 -77.82730949807879 
66.84784010226217 30.290961686062392 
219.9106258313852 6.717504658228359 
229.13139307776007 -27.53926798628941 
-17.750939506582487 -47.060318260274215 
262.0269498344775 19.23724835416249 
201.9983255400657 7.480538730140533 
202.89621730969105 -22.503650359655854 
-56.406741040253465 6.130252460209864 
175.5410640318706 -63.3030638074962 
24.172444918862713 -22.137139872552954 
44.48100212979791 -34.00293894642816 
192.7197570916523 -25.52851325628665 
197.2868885733048 -6.752916622439846 
183.61064564283575 6.48879165758572 
5.237807387029915 -10.474987321561413 
212.0767660408215 -12.646499731461322 
-42.65983847208561 -41.756237285950306 
-15.290346950165105 -18.81771559781661 
39.641054525885636 43.72041510520855 
80.90287775380156 2.347710573292513 
199.16940394527796 98.94595746465494 
5.058177053630674 -7.613325902538908 
232.17827524154063 18.51961395744752 
210.50519815610386 -103.23468643739064 
193.46338759851034 -1.5759842699704751 
208.67358115744378 -4.331668662467984 
189.61524237824676 -7.555026865790661 
